1490695349.5546598_0078.png,7.246518135070801,2.275402784347534,34.06829071044922,7.1647138595581055,3.6569626331329346,34.209800720214844,7.1935319900512695,2.7574713230133057,35.602901458740234,7.143758296966553,2.9280128479003906,33.33861541748047,7.102675914764404,4.002894401550293,35.16195297241211,6.992218017578125,5.020127296447754,35.30088424682617,7.010004997253418,4.9605021476745605,34.13487243652344,6.867595672607422,5.791284084320068,34.87375259399414,7.018219947814941,4.347598075866699,35.79452133178711,7.254237651824951,1.7157119512557983,34.94047164916992,7.023802757263184,4.373655796051025,33.33136749267578,7.137506484985352,1.192002296447754,35.7965087890625,6.8252034187316895,5.734315395355225,35.435611724853516,6.875818729400635,3.332589626312256,36.87204360961914,7.236837387084961,1.1957746744155884,34.184410095214844,6.87519645690918,4.149042129516602,32.395652770996094,6.817625999450684,5.879965782165527,33.683738708496094,6.97395133972168,2.159106731414795,36.67453384399414,6.717773914337158,5.152946472167969,36.81452178955078,6.851260662078857,4.708996295928955,36.47932434082031,6.791412830352783,4.1991376876831055,37.00360870361328,7.067111968994141,1.3570971488952637,32.77402877807617,6.780144691467285,5.693892955780029,32.90849304199219,6.593249320983887,5.982850074768066,36.642417907714844,7.133779048919678,0.2070656567811966,33.69340515136719,6.813097953796387,3.129176139831543,31.848731994628906,7.168869972229004,0.3767329752445221,35.007537841796875,6.517350196838379,6.892327308654785,34.86831283569336,6.4914164543151855,6.929347991943359,35.362640380859375,6.444611549377441,6.875750541687012,36.04029083251953,6.996941566467285,0.5652997493743896,36.34724044799805,6.551948070526123,6.765563011169434,33.62861633300781,6.8267083168029785,1.400291919708252,31.84149932861328,6.680919647216797,5.4934844970703125,32.10728073120117,6.69417142868042,2.7251834869384766,37.45914077758789,6.806447982788086,1.3579230308532715,37.162479400634766,6.372103214263916,7.194744110107422,34.32172775268555,6.460268497467041,5.831437110900879,37.2411003112793,7.109076023101807,-0.9872959852218628,34.69784164428711,6.547879695892334,4.683945655822754,37.636024475097656,6.409974098205566,4.299749374389648,38.10917663574219,6.6090006828308105,3.9556493759155273,31.439863204956055,6.321861743927002,7.334822177886963,33.05892562866211,6.4848761558532715,6.600803375244141,32.27947998046875,6.970767974853516,-1.0868722200393677,35.78297805786133,6.419738292694092,5.466334342956543,37.65446472167969,6.299639701843262,7.5097784996032715,33.88987350463867,6.232259273529053,7.331697940826416,35.412620544433594,7.026749134063721,-0.8099182844161987,32.72098922729492,7.113379001617432,-1.480208158493042,33.67832946777344,6.347113609313965,6.560512065887451,36.8275146484375,6.6437668800354,1.8093793392181396,31.462261199951172,6.57305908203125,0.24936051666736603,37.501163482666016,6.52113151550293,4.781763076782227,31.338733673095703,6.438016891479492,5.942968368530273,31.59476661682129,7.102359771728516,-2.113124370574951,34.568809509277344,6.416120529174805,3.1105382442474365,38.11885070800781,6.79719352722168,0.17105546593666077,31.790149688720703,6.809642314910889,-0.22132247686386108,36.69069290161133,6.284823417663574,7.525348663330078,34.82659912109375,6.459266185760498,1.620649814605713,38.01390838623047,6.001200199127197,7.471799850463867,36.902191162109375,6.290054798126221,6.616387367248535,37.25564956665039,6.963125705718994,-2.3950867652893066,35.614036560058594,6.1571502685546875,7.672935485839844,32.268798828125,6.2861456871032715,6.625548839569092,31.305789947509766,6.140054225921631,7.591643333435059,35.6140022277832,6.71162223815918,-1.7309882640838623,36.650386810302734,6.741422176361084,-1.0338526964187622,31.37682342529297,7.017148017883301,-2.1631581783294678,32.544677734375,7.0892462730407715,-3.2691495418548584,33.84846115112305,7.003945827484131,-3.3387601375579834,35.012569427490234,6.158615589141846,6.090644359588623,38.107242584228516,6.114070892333984,5.372679710388184,38.44511413574219,6.272823810577393,2.149094820022583,38.42265319824219,6.022909164428711,8.086061477661133,31.723724365234375,6.07363748550415,7.113678455352783,37.255130767822266,7.029212951660156,-3.781184196472168,32.955055236816406,5.968135833740234,8.160024642944336,33.29905319213867,6.4838128089904785,-0.9242225885391235,37.36027526855469,5.923022270202637,8.094355583190918,34.39323425292969,5.805649757385254,8.235071182250977,34.8730354309082,6.201071262359619,5.38947057723999,30.746395111083984,5.646400451660156,8.279133796691895,35.557010650634766,5.909790992736816,6.139129161834717,38.872764587402344,5.936788558959961,6.966940402984619,38.375823974609375,6.878907203674316,-2.8633270263671875,31.810850143432617,6.510934352874756,2.4959192276000977,31.07953453063965,6.01449728012085,6.889264106750488,30.783607482910156,6.851334095001221,-4.89517068862915,34.95088577270508,6.054770469665527,0.43227463960647583,38.487274169921875,5.846632957458496,5.259680271148682,39.1169319152832,6.11370849609375,4.044432640075684,38.751590728759766,5.816949367523193,7.38034200668335,37.94792938232422,6.476452350616455,0.8281718492507935,30.88375473022461,5.89280891418457,7.7762227058410645,36.649410247802734,6.720579624176025,-3.4685139656066895,36.286258697509766,6.946654796600342,-4.902173042297363,32.941104888916016,6.2127461433410645,0.03677377104759216,30.45132827758789,6.587790012359619,-2.041855812072754,30.855770111083984,6.085281848907471,3.5189599990844727,30.436473846435547,6.950894832611084,-4.965007781982422,34.12196350097656,5.864473342895508,8.300837516784668,31.1298770904541,5.766510963439941,5.8282976150512695,30.177282333374023,5.654008865356445,8.726679801940918,32.30039596557617,5.827775955200195,6.717285633087158,38.88129425048828,6.858901500701904,-4.1205244064331055,31.929853439331055,6.708604335784912,-4.655276775360107,35.71320724487305,5.893514633178711,4.615114212036133,30.24662208557129,5.690245151519775,8.442161560058594,31.741352081298828,5.502020835876465,8.715456008911133,33.36848068237305,5.754627704620361,2.674081802368164,39.195045471191406,6.467124938964844,-2.3788037300109863,37.18791198730469,5.748884677886963,7.695751190185547,30.539365768432617,5.3697638511657715,8.701294898986816,34.27360534667969,6.071752071380615,-0.8595535159111023,38.041751861572266,5.8812971115112305,1.1710419654846191,38.8079719543457,6.760832786560059,-6.2305779457092285,34.48558807373047,6.102026462554932,2.2066385746002197,30.427900314331055,6.8061747550964355,-6.350216865539551,32.95194625854492,5.595402240753174,7.888515472412109,37.71906661987305,5.689852237701416,7.211123466491699,38.671775817871094,5.519297122955322,7.291370391845703,39.20408248901367,6.213499546051025,-1.0175871849060059,30.263856887817383,5.19350528717041,8.701454162597656,35.28638458251953,5.320006847381592,8.175054550170898,37.28617858886719,5.588844299316406,4.777207851409912,39.56843185424805,5.6591315269470215,3.5260047912597656,39.37454605102539,6.492386341094971,-3.0450878143310547,30.66551399230957,6.676318168640137,-5.79412317276001,31.710697174072266,5.835416793823242,2.5821847915649414,30.09602928161621,5.76835298538208,1.487342119216919,30.04936981201172,5.266749382019043,8.379432678222656,36.43185043334961,5.419793605804443,7.863095760345459,38.703575134277344,5.438159465789795,6.3749895095825195,39.83306884765625,6.4102396965026855,-4.643683433532715,36.7064094543457,6.45330286026001,-3.747738838195801,36.91864013671875,5.439881801605225,8.814075469970703,31.309581756591797,6.070795059204102,-1.932621955871582,37.85628890991211,6.6052751541137695,-4.410865306854248,31.086233139038086,6.6963629722595215,-7.2365851402282715,33.35318374633789,5.59168004989624,8.620516777038574,30.723909378051758,5.268841743469238,9.066198348999023,32.49514389038086,5.994779586791992,-2.854477643966675,37.9020881652832,5.596747398376465,1.9292638301849365,39.275909423828125,6.12215518951416,0.9477732181549072,30.35755157470703,5.3087968826293945,6.475430488586426,29.658220291137695,5.3684892654418945,7.196063041687012,39.78953170776367,6.5327301025390625,-5.97078800201416,35.72724151611328,4.9892425537109375,8.46170425415039,37.90484619140625,5.248105525970459,7.763103485107422,39.630332946777344,5.35506010055542,5.678339958190918,39.92543029785156,5.31207799911499,8.683929443359375,29.958568572998047,6.4003496170043945,-5.435125827789307,30.748716354370117,6.610595703125,-7.018924713134766,31.994544982910156,5.742507457733154,3.197813034057617,30.00490951538086,5.692906379699707,-0.5657609701156616,38.71407699584961,5.922089099884033,-3.9714579582214355,37.812381744384766,5.11249303817749,8.99203872680664,33.65103530883789,6.15599250793457,-2.241544008255005,30.045072555541992,5.152215957641602,3.2845535278320312,39.866607666015625,4.695826053619385,8.801820755004883,36.17195510864258,5.392740726470947,2.82431960105896,39.56035614013672,5.319429397583008,7.601418495178223,29.75982093811035,5.499685764312744,3.643059015274048,29.79485321044922,6.014004707336426,-3.870609760284424,29.773019790649414,5.069666862487793,9.258386611938477,32.03361511230469,4.851843357086182,9.546797752380371,30.407474517822266,5.151620864868164,8.208370208740234,29.608495712280273,5.226771831512451,9.157276153564453,31.21192169189453,4.963163375854492,8.422693252563477,38.816768646240234,6.433143138885498,-7.992674350738525,34.850040435791016,6.2052001953125,-5.721380233764648,36.78841781616211,6.549964904785156,-7.792624473571777,31.967287063598633,5.629100799560547,0.5255737900733948,29.783422470092773,4.730432033538818,8.662919044494629,37.2099494934082,6.1713361740112305,-7.691364288330078,36.133174896240234,4.953097343444824,6.838352680206299,40.47024154663086,5.117466926574707,7.593992710113525,40.198760986328125,5.0303449630737305,4.54458475112915,40.230934143066406,5.106675148010254,3.930856227874756,39.994850158691406,6.0577616691589355,-4.452919960021973,29.86102294921875,6.127100467681885,-5.241294860839844,30.096200942993164,5.016251564025879,9.393109321594238,29.968915939331055,4.656885147094727,9.07665729522705,34.072139739990234,4.746194362640381,9.007993698120117,34.75811004638672,5.48820686340332,4.48475980758667,29.747432708740234,5.050436019897461,6.264888763427734,40.2944450378418,4.774804592132568,9.526463508605957,31.409582138061523,4.739172458648682,9.282617568969727,33.15651321411133,6.258177280426025,-6.858174800872803,30.47916030883789,6.391698837280273,-8.782184600830078,33.232177734375,6.0025835037231445,-4.986748218536377,37.46128463745117,5.1092023849487305,5.712098121643066,29.634885787963867,4.749652862548828,9.54861068725586,30.796648025512695,4.649896621704102,8.41082763671875,40.530765533447266,5.868541240692139,-5.639439105987549,37.515647888183594,5.8059587478637695,-1.6771702766418457,29.67926025390625,5.775396347045898,-2.706216335296631,29.53426170349121,4.362293243408203,8.714618682861328,36.690582275390625,5.856139659881592,-7.143908500671387,37.15125274658203,4.5830183029174805,8.657293319702148,39.64031982421875,5.127126216888428,5.110691070556641,29.493663787841797,5.674475193023682,-2.1554012298583984,38.29808044433594,6.263401985168457,-9.090106964111328,31.49578285217285,5.585085391998291,-0.3392515480518341,29.612281799316406,5.257602691650391,-1.575850486755371,38.80890655517578,5.012590408325195,8.733339309692383,29.305137634277344,5.430550575256348,2.305708646774292,29.67249870300293,4.370630264282227,8.884305953979492,38.16594696044922,4.826172828674316,7.9441094398498535,40.44593811035156,4.652655601501465,7.675793170928955,40.94853973388672,5.011473655700684,7.218202114105225,40.58175277709961,4.755948066711426,1.3732153177261353,39.83640670776367,4.771491050720215,9.343753814697266,29.212322235107422,6.291496753692627,-8.11051082611084,30.72732925415039,4.455387592315674,9.518402099609375,32.57442855834961,4.733828544616699,5.408498764038086,40.5281867980957,5.117250919342041,0.849306583404541,39.4622688293457,5.086645126342773,-0.4650234580039978,39.31681823730469,5.526910781860352,-3.4705071449279785,38.34987258911133,4.414345741271973,9.026803970336914,35.45059585571289,6.059725284576416,-8.695456504821777,35.912994384765625,4.544911861419678,9.883731842041016,29.705738067626953,4.891519546508789,7.060911178588867,29.223899841308594,5.785040378570557,-6.134927749633789,29.3770809173584,5.061272621154785,4.0494303703308105,29.384828567504883,4.653180122375488,5.958868980407715,40.74530792236328,6.008859634399414,-9.526196479797363,35.04240036010742,5.4312334060668945,-1.5532146692276,29.311561584472656,5.549309253692627,-3.664034605026245,29.17337989807129,5.482454299926758,-5.171949863433838,38.12945556640625,4.647986888885498,2.2511098384857178,40.041107177734375,4.140124797821045,9.805584907531738,31.682579040527344,5.579928874969482,-6.49980354309082,37.82721710205078,4.576215744018555,7.928309917449951,29.082990646362305,4.4181013107299805,9.295317649841309,33.58135986328125,4.374194145202637,6.739241600036621,41.068511962890625,4.595357894897461,3.453972578048706,40.236175537109375,6.101665496826172,-9.575239181518555,33.44043731689453,5.075493335723877,1.7047886848449707,29.403989791870117,5.171950817108154,-2.8842434883117676,28.985576629638672,4.810510158538818,6.205260276794434,29.294782638549805,6.0883378982543945,-8.886096000671387,29.97273826599121,5.214166164398193,-2.6892590522766113,38.72043991088867,5.1237640380859375,0.6068615913391113,29.43379020690918,5.5434136390686035,-5.065495491027832,29.09345054626465,4.618553638458252,9.017807006835938,28.798965454101562,4.324400901794434,8.278881072998047,41.351318359375,5.106159210205078,-4.851827621459961,38.54030227661133,5.841281890869141,-7.531253814697266,29.487199783325195,4.37010383605957,9.832918167114258,30.22504997253418,5.8440446853637695,-10.068648338317871,31.94695281982422,4.026155948638916,9.0379056930542,40.34220886230469,5.655949592590332,-8.332435607910156,29.07134246826172,5.021626949310303,2.7775001525878906,29.395837783813477,5.699702739715576,-8.0826416015625,37.218414306640625,5.144081115722656,-4.305306911468506,38.52327346801758,4.079257011413574,9.067333221435547,39.20918273925781,4.15226936340332,8.954604148864746,36.11815643310547,4.243707656860352,3.913388729095459,40.55187225341797,4.6113176345825195,-0.018459707498550415,39.685569763183594,4.144011497497559,8.847587585449219,36.99267578125,4.742404937744141,5.066788673400879,29.233442306518555,5.841750144958496,-10.015148162841797,30.256004333496094,5.7277140617370605,-9.7548246383667,36.2421989440918,5.6706085205078125,-10.355380058288574,33.74990463256836,4.06704044342041,5.047491550445557,40.94401550292969,5.493247985839844,-8.991623878479004,37.39982223510742,5.51400089263916,-4.48854398727417,29.06441879272461,4.2380828857421875,6.475701332092285,28.88693618774414,4.1293535232543945,7.7970428466796875,41.335201263427734,4.929731369018555,-0.13722659647464752,29.116321563720703,4.4161057472229,5.747165203094482,29.291030883789062,3.8289175033569336,7.262903213500977,41.53619384765625,4.254409313201904,2.921490430831909,40.329803466796875,5.006444454193115,-1.154725432395935,29.04234504699707,5.153782844543457,-6.259008884429932,38.401451110839844,3.8802566528320312,6.215262413024902,41.271278381347656,4.050975799560547,8.381453514099121,41.66718292236328,3.922025442123413,4.5266242027282715,40.73699951171875,3.6847281455993652,8.9178466796875,36.48900604248047,3.7999110221862793,9.045414924621582,37.387630462646484,4.084148406982422,9.708711624145508,32.48138427734375,3.874023914337158,9.189868927001953,35.202613830566406,4.6519927978515625,-1.5678762197494507,39.3376350402832,4.098189353942871,9.96955394744873,28.553632736206055,3.8867623805999756,9.122197151184082,40.98863220214844,4.417324066162109,7.403507709503174,28.88603973388672,5.744176864624023,-9.416382789611816,29.1141357421875,5.696409702301025,-10.085332870483398,29.388696670532227,4.414789199829102,10.16195011138916,29.590866088867188,3.9795265197753906,7.90897798538208,28.589014053344727,5.6664509773254395,-10.381961822509766,34.79172134399414,5.01417350769043,-2.4513113498687744,28.840566635131836,5.463503360748291,-7.021690845489502,28.893726348876953,4.554154872894287,3.8544628620147705,29.09501838684082,4.037868022918701,0.5389545559883118,40.03590393066406,5.545660972595215,-10.438782691955566,31.15813446044922,4.226472854614258,10.255239486694336,28.948434829711914,3.9184842109680176,10.431547164916992,29.489749908447266,3.7357873916625977,9.124497413635254,35.77119064331055,3.7847061157226562,9.588460922241211,33.15244674682617,3.7757809162139893,9.126723289489746,38.54935836791992,3.793210983276367,9.161983489990234,41.51127624511719,4.414142608642578,-2.4963977336883545,39.25808334350586,4.779409408569336,-3.5085501670837402,38.932830810546875,4.912498474121094,-7.803959846496582,38.536808013916016,3.8594040870666504,9.995491027832031,30.814409255981445,4.0340256690979,8.843330383300781,28.493324279785156,5.166153430938721,-8.315391540527344,38.134071350097656,4.201986312866211,9.076380729675293,28.61557388305664,3.4958229064941406,9.330193519592285,39.99331283569336,4.532243728637695,4.848433971405029,29.187042236328125,4.501736164093018,1.4233813285827637,29.025470733642578,3.846327304840088,9.479850769042969,33.77724075317383,5.296067237854004,-10.834232330322266,33.0107536315918,3.7031009197235107,9.206769943237305,34.83893585205078,3.4954075813293457,9.236912727355957,39.082801818847656,5.04075813293457,-4.336416721343994,28.6022891998291,5.305399417877197,-8.354764938354492,28.537614822387695,3.6817944049835205,9.090288162231445,38.04106521606445,4.799124240875244,-3.6293954849243164,28.56138038635254,5.257900238037109,-5.782402038574219,28.72763442993164,3.6142983436584473,9.297813415527344,34.07077407836914,4.488614082336426,2.6763570308685303,29.138364791870117,4.282873630523682,1.8792343139648438,28.886192321777344,5.304586887359619,-10.867416381835938,35.95772933959961,3.8489766120910645,10.024293899536133,30.096267700195312,4.516266345977783,0.6677070260047913,29.086904525756836,3.9058425426483154,1.28910231590271,40.207828521728516,3.747483253479004,10.492229461669922,28.234222412109375,4.59306001663208,-2.1579055786132812,28.646114349365234,3.692516326904297,9.85203742980957,31.755870819091797,5.448400020599365,-10.132168769836426,28.5440731048584,3.8598034381866455,9.749333381652832,28.08781623840332,4.042623043060303,7.334072589874268,28.657222747802734,4.540927886962891,-7.021703243255615,38.87532043457031,4.209863662719727,4.75438928604126,28.857654571533203,3.675781011581421,4.017966270446777,40.76249313354492,4.224822998046875,-1.1007524728775024,39.74856185913086,5.38671875,-10.18339729309082,36.95109176635742,3.4607834815979004,9.268353462219238,40.49925994873047,4.643896579742432,-1.7419679164886475,28.72027587890625,4.660365581512451,-5.8354878425598145,38.849552154541016,3.5887956619262695,9.693026542663574,32.336090087890625,3.85420560836792,5.639580249786377,28.99966812133789,3.559051752090454,8.347270011901855,42.128150939941406,4.5952677726745605,-0.9901421070098877,28.85779571533203,3.0131683349609375,7.841248512268066,41.78059387207031,4.995153427124023,-10.323728561401367,37.8763313293457,4.948125839233398,-9.353463172912598,38.17754364013672,4.985345840454102,-11.152297973632812,32.121986389160156,4.481936454772949,-0.02483201026916504,28.911808013916016,3.5821664333343506,8.98537540435791,36.85356521606445,3.470980405807495,8.796529769897461,36.54678726196289,4.3568596839904785,-5.06009578704834,39.11238098144531,5.325500965118408,-10.792620658874512,29.978660583496094,5.180708408355713,-11.009161949157715,34.4412841796875,4.899448394775391,-11.079832077026367,31.435157775878906,3.3777387142181396,5.053873538970947,41.14533615112305,3.6335067749023438,2.6310997009277344,40.43706130981445,4.653766632080078,-5.12580680847168,28.275081634521484,3.6852221488952637,9.59011173248291,32.82804489135742,3.249830722808838,9.515989303588867,41.6015625,3.326505661010742,9.21090316772461,39.67684555053711,5.041809558868408,-9.516011238098145,28.11721420288086,3.4011101722717285,9.168167114257812,42.387062072753906,3.3555586338043213,10.014244079589844,30.441749572753906,5.272520065307617,-10.740574836730957,33.72688293457031,3.6662750244140625,9.937949180603027,28.6395320892334,3.164743185043335,7.016201972961426,41.71274185180664,4.984097003936768,-11.001946449279785,36.67156982421875,4.000816345214844,3.4284043312072754,28.87285614013672,4.605970859527588,-5.932210445404053,28.14497184753418,4.906759738922119,-6.7877116203308105,28.33277130126953,3.9301035404205322,-0.6095958352088928,39.86876678466797,3.4659929275512695,9.557313919067383,28.416521072387695,4.434378623962402,-2.961747884750366,28.537511825561523,3.2883472442626953,10.12024211883545,29.40066146850586,4.125762939453125,-4.505527019500732,39.15646743774414,3.492819309234619,9.950248718261719,31.044584274291992,5.184562683105469,-10.911734580993652,28.517541885375977,3.417438507080078,9.019736289978027,37.96281051635742,3.7013816833496094,-0.03862947225570679,40.03997039794922,3.3943283557891846,8.975823402404785,36.08452224731445,3.3381853103637695,9.36633014678955,40.92601013183594,3.4343113899230957,8.92001724243164,37.19033432006836,4.973123550415039,-10.557522773742676,27.727888107299805,3.3638181686401367,9.194220542907715,34.605167388916016,3.0603818893432617,4.148731708526611,40.86781311035156,4.89241886138916,-10.859705924987793,37.53216552734375,3.319857120513916,9.138372421264648,35.42134094238281,4.117900848388672,-3.953247547149658,39.246891021728516,3.212106227874756,9.386117935180664,33.4720344543457,4.901488780975342,-7.730141639709473,28.16905975341797,5.112193584442139,-11.100897789001465,29.060941696166992,4.01669454574585,-1.8928942680358887,39.61962890625,4.118720054626465,-3.057889938354492,39.23583221435547,3.2805063724517822,9.060003280639648,39.26904296875,4.696737766265869,-11.435778617858887,34.90581512451172,4.496467113494873,-8.74980640411377,38.754554748535156,3.434939384460449,8.03485107421875,28.5035343170166,3.053358793258667,9.481717109680176,42.514404296875,3.0295257568359375,5.561995983123779,41.37389373779297,3.127741813659668,6.270987510681152,41.54259490966797,3.308885097503662,9.908177375793457,28.894733428955078,3.0977141857147217,8.645062446594238,42.46957015991211,3.8212685585021973,2.512017011642456,28.901187896728516,3.964797258377075,0.6004404425621033,28.805845260620117,4.568903923034668,-10.090169906616211,38.486366271972656,4.154144287109375,-1.402476191520691,28.5833740234375,3.503115653991699,7.274215221405029,28.650619506835938,3.220907688140869,9.805717468261719,32.05952835083008,4.869640827178955,-11.141897201538086,27.710025787353516,3.1365721225738525,10.036489486694336,29.789737701416016,3.1340181827545166,9.583518028259277,32.76962661743164,3.1679139137268066,9.27054214477539,34.01877975463867,3.5093488693237305,5.345728874206543,28.888105392456055,4.195249557495117,-0.668619692325592,28.75611686706543,3.1118791103363037,8.98876667022705,37.49257278442383,3.198190927505493,8.960970878601074,36.93293380737305,2.82965350151062,9.137666702270508,40.588348388671875,3.18160343170166,9.164729118347168,38.6094856262207,4.510858535766602,-11.39472484588623,33.35084915161133,4.402837753295898,-6.6695661544799805,27.990570068359375,3.1296374797821045,1.9394772052764893,40.33675765991211,4.53574800491333,-11.50509262084961,30.562496185302734,4.914648532867432,-11.28534984588623,35.998504638671875,3.709322929382324,-6.401520252227783,39.37557601928711,2.9145216941833496,9.065291404724121,38.27211380004883,2.881875991821289,9.30014705657959,40.20097351074219,3.534599781036377,4.352496147155762,28.822357177734375,2.9992282390594482,9.032904624938965,35.713844299316406,4.046014308929443,-2.1822686195373535,28.42035484313965,2.8174984455108643,9.14814567565918,39.33325958251953,2.8955159187316895,9.105257034301758,38.878883361816406,3.228531837463379,9.45950984954834,28.574974060058594,2.753331184387207,8.360980033874512,42.133827209472656,3.3257622718811035,-3.452396869659424,39.464317321777344,2.762289524078369,8.833555221557617,36.40734100341797,3.5970258712768555,-2.533751964569092,39.660865783691406,4.2916789054870605,-3.874577760696411,28.247596740722656,4.607730865478516,-9.013360023498535,27.821125030517578,2.713578224182129,8.957991600036621,37.900390625,2.9493508338928223,9.789092063903809,31.356460571289062,3.030747890472412,3.3974902629852295,40.6796760559082,3.9420628547668457,-0.6979285478591919,28.590364456176758,4.094651222229004,-5.684452056884766,27.928503036499023,2.84612774848938,9.176024436950684,34.27069091796875,3.7393994331359863,0.11683877557516098,28.67167091369629,4.597916126251221,-11.417353630065918,32.73976516723633,2.867549419403076,8.70444107055664,41.90249252319336,2.9923782348632812,4.821138381958008,40.91353988647461,2.993490219116211,0.5701661109924316,40.19719696044922,2.7881853580474854,9.10328197479248,39.85778045654297,4.262636184692383,-7.601938247680664,27.70761489868164,2.8895487785339355,9.085067749023438,41.43244934082031,4.337353229522705,-8.46202278137207,27.665170669555664,3.2278358936309814,8.97211742401123,34.68960952758789,3.4853920936584473,2.7323408126831055,28.799999237060547,4.284754753112793,-9.435826301574707,38.87610626220703,4.526609897613525,-11.468595504760742,37.1268310546875,2.669616222381592,9.544609069824219,30.78956413269043,4.003660202026367,-8.421173095703125,39.13825225830078,4.423104286193848,-11.362358093261719,38.36245346069336,3.0797226428985596,6.374912738800049,28.83683204650879,2.7985377311706543,9.127815246582031,34.69966125488281,3.947510242462158,-4.447025775909424,28.066434860229492,4.583686828613281,-11.722269058227539,29.12590980529785,2.668628454208374,9.092159271240234,41.301025390625,4.436561107635498,-10.537081718444824,27.377689361572266,4.300185203552246,-10.855964660644531,38.692771911621094,4.428267955780029,-11.54071044921875,37.922855377197266,2.8035483360290527,9.737539291381836,30.37441635131836,3.5640525817871094,1.6924586296081543,28.685558319091797,3.363250970840454,-0.8876876831054688,39.96559143066406,2.9776744842529297,8.941829681396484,28.74553871154785,3.0334722995758057,3.523268222808838,28.851558685302734,3.1464695930480957,2.46417236328125,40.49990463256836,2.709124803543091,9.065079689025879,35.41573715209961,3.300553798675537,-1.9372289180755615,39.870235443115234,2.8443922996520996,9.645133018493652,29.36686897277832,3.5338172912597656,0.8242381811141968,28.671205520629883,4.294408798217773,-11.583468437194824,32.183773040771484,3.859877586364746,-3.1072115898132324,28.312406539916992,4.078468322753906,-11.897500991821289,29.660205841064453,3.337639331817627,-5.237364292144775,39.49901580810547,2.7813100814819336,8.808204650878906,36.94203567504883,2.9309306144714355,7.7417521476745605,28.798561096191406,4.243036270141602,-9.423310279846191,27.4998779296875,2.390455722808838,7.300525665283203,41.66338348388672,4.548719882965088,-11.639449119567871,28.674684524536133,2.6282718181610107,9.623201370239258,32.15383529663086,2.6228160858154297,9.129191398620605,33.116878509521484,2.4789552688598633,9.117867469787598,33.50436019897461,4.323860168457031,-11.574270248413086,26.884933471679688,2.9351136684417725,1.2377080917358398,40.29471969604492,4.229945659637451,-11.749674797058105,34.908302307128906,3.9264957904815674,-11.745543479919434,34.22299575805664,4.126065254211426,-11.654199600219727,35.470611572265625,3.9041531085968018,-6.895512104034424,27.693620681762695,4.117053031921387,-11.885746002197266,35.981956481933594,2.4858932495117188,6.260650634765625,41.4425048828125,2.6613593101501465,4.843130111694336,29.078577041625977,3.926744222640991,-6.244318008422852,27.797054290771484,2.2656702995300293,8.86268424987793,40.63744354248047,2.417706251144409,8.823210716247559,37.57626724243164,3.4848902225494385,-5.786556720733643,39.4559440612793,3.586033344268799,-7.766356945037842,39.30964279174805,3.520716667175293,-0.7559416890144348,28.55042266845703,4.32142972946167,-11.525558471679688,28.11659812927246,2.0979928970336914,8.716733932495117,36.28966522216797,2.2855262756347656,8.494569778442383,41.55523681640625,2.8028459548950195,5.539105415344238,29.07770538330078,3.4059813022613525,-2.2687828540802,28.31878662109375,2.541736364364624,9.37182903289795,29.778860092163086,2.2678070068359375,9.221370697021484,31.332672119140625,2.131319046020508,8.500064849853516,36.74776077270508,3.7492854595184326,-12.256099700927734,37.079288482666016,4.006802558898926,-11.706599235534668,31.2824649810791,2.4233200550079346,8.79092788696289,29.322072982788086,3.753047466278076,-12.178729057312012,38.92788314819336,3.3841259479522705,-5.108288288116455,27.89381980895996,3.0262365341186523,0.7160291075706482,28.642789840698242,2.0501708984375,8.648260116577148,39.24485778808594,2.9796762466430664,-4.434861660003662,39.527469635009766,3.489886522293091,-12.455972671508789,37.86632537841797,3.6498284339904785,-11.797896385192871,32.77777099609375,2.761934995651245,2.354797601699829,28.790536880493164,2.1077468395233154,7.9991984367370605,41.67707824707031,2.2712886333465576,8.983848571777344,34.19545364379883,2.1075735092163086,8.72272777557373,35.479671478271484,2.5888166427612305,4.190239906311035,29.132619857788086,3.4186453819274902,-10.477431297302246,39.36004638671875,3.813154697418213,-11.542902946472168,39.054927825927734,2.1116838455200195,8.624763488769531,37.13029479980469,2.3824985027313232,4.759263038635254,40.81662368774414,3.461452007293701,-9.269719123840332,39.4052619934082,3.116168737411499,-0.26473069190979004,28.551280975341797,3.642078399658203,-7.773769378662109,27.52552032470703,3.9540109634399414,-11.694276809692383,27.59019660949707,3.6852943897247314,-11.637336730957031,31.949331283569336,1.8974480628967285,8.666282653808594,33.15444564819336,3.8657031059265137,-8.90238094329834,27.394861221313477,2.507847309112549,2.8621158599853516,40.52824401855469,2.5073657035827637,3.247671604156494,29.0246639251709,2.7366724014282227,0.051826536655426025,40.080596923828125,3.14927077293396,-1.1573586463928223,28.474563598632812,3.224921464920044,-5.732672214508057,27.825870513916016,2.244417667388916,6.930611610412598,29.30367088317871,2.3964591026306152,3.6381547451019287,40.634132385253906,3.9807839393615723,-11.775212287902832,33.404911041259766,2.1144919395446777,9.103358268737793,32.434017181396484,3.4418420791625977,-11.997796058654785,34.4943733215332,3.3275444507598877,-3.658223867416382,28.146738052368164,3.389214277267456,-8.453142166137695,39.41556930541992,3.85791015625,-10.124557495117188,27.17824363708496,3.9544386863708496,-11.86316967010498,30.432371139526367,1.7974116802215576,8.458642959594727,37.864768981933594,1.8343844413757324,6.185604095458984,41.0128288269043,1.854406476020813,5.011842250823975,40.73888397216797,2.4430196285247803,5.974261283874512,29.131511688232422,3.6423115730285645,-11.818291664123535,35.02382278442383,3.9268646240234375,-11.13361930847168,27.019062042236328,4.493912696838379,-12.765460968017578,26.524194717407227,4.256011009216309,-12.464078903198242,26.427772521972656,3.851202964782715,-11.956504821777344,26.751657485961914,3.287508726119995,-12.687616348266602,38.14769744873047,4.095019340515137,-12.177556037902832,28.252826690673828,2.4758188724517822,-2.3916337490081787,39.763084411621094,4.1350932121276855,-12.04647445678711,27.055112838745117,3.6064248085021973,-10.934524536132812,39.13634490966797,3.82377552986145,-12.427123069763184,27.42215347290039,4.046682357788086,-12.745135307312012,27.051467895507812,2.0820865631103516,8.690718650817871,30.07625961303711,1.8719333410263062,8.061685562133789,41.230201721191406,2.3395938873291016,1.8088968992233276,40.250831604003906,1.936537742614746,8.080596923828125,29.863712310791016,2.0075883865356445,7.46897554397583,29.579370498657227,2.608452320098877,-0.7645851373672485,39.90056228637695,3.3034486770629883,-11.978103637695312,31.256145477294922,3.01876163482666,-7.275970935821533,39.47054672241211,3.6084635257720947,-12.213641166687012,36.12626266479492,1.725138783454895,8.250460624694824,40.128089904785156,3.5113418102264404,-12.156041145324707,28.886377334594727,2.575979471206665,-5.916583061218262,39.5562629699707,3.224482536315918,-8.09952163696289,27.442697525024414,3.356834650039673,-9.378649711608887,27.221487045288086,2.731092929840088,-3.724910020828247,28.202028274536133,3.5895748138427734,-12.054332733154297,35.504215240478516,1.884060263633728,5.780653953552246,29.497323989868164,1.74024498462677,3.6692962646484375,40.39612579345703,2.1806631088256836,0.8650953769683838,40.05845260620117,2.4043703079223633,-3.6164398193359375,39.5275764465332,3.2844104766845703,-11.991418838500977,34.01094055175781,3.298107147216797,-12.51076889038086,36.970428466796875,2.31174635887146,-1.378699541091919,39.86330795288086,1.3914368152618408,8.144143104553223,31.417858123779297,1.4713315963745117,8.389876365661621,33.7037467956543,1.6262749433517456,8.43755054473877,35.0240364074707,3.194784641265869,-11.705479621887207,39.25579071044922,2.580531358718872,-1.7142009735107422,28.459121704101562,3.066563129425049,-6.7834978103637695,27.657596588134766,3.7566168308258057,-12.387969970703125,28.18373680114746,3.7445828914642334,-12.333782196044922,26.888553619384766,1.592115879058838,7.015143871307373,40.76658248901367,3.151141881942749,-9.809405326843262,27.091686248779297,3.317640542984009,-12.042123794555664,30.503217697143555,1.3732569217681885,8.28022289276123,35.83842086791992,3.137734889984131,-12.65640926361084,39.278255462646484,2.158008098602295,0.5665762424468994,28.790782928466797,2.17771315574646,2.2151339054107666,28.983125686645508,2.5491228103637695,-0.6918886303901672,28.593738555908203,1.897936463356018,3.024771213531494,40.38064956665039,1.3769065141677856,7.508275985717773,40.31935501098633,2.9654717445373535,-8.781611442565918,27.358152389526367,3.3067729473114014,-10.457662582397461,26.98396110534668,3.426985263824463,-12.121378898620605,29.81348991394043,1.5898056030273438,8.31173038482666,31.99488639831543,2.0009820461273193,-0.43979570269584656,39.84119415283203,3.2179298400878906,-10.841825485229492,27.147762298583984,3.3458564281463623,-12.200984001159668,36.25423049926758,1.3492121696472168,7.978604316711426,38.31896209716797,3.0379996299743652,-11.979714393615723,33.053794860839844,2.77842378616333,-9.523794174194336,39.562625885009766,1.7739335298538208,4.296059608459473,29.581748962402344,1.7044554948806763,8.111653327941895,30.438335418701172,1.396533489227295,8.1599760055542,36.32771301269531,1.911556363105774,2.108919858932495,40.197879791259766,2.437354564666748,-7.697434425354004,39.47675323486328,2.766084671020508,-11.652934074401855,39.610347747802734,1.5753709077835083,4.300939559936523,40.3476676940918,2.440185070037842,-5.223772048950195,39.514381408691406,1.6539547443389893,8.232529640197754,30.9703369140625,2.1661977767944336,-2.4682698249816895,28.54325294494629,2.5225648880004883,-5.292753219604492,28.0123233795166,3.366936206817627,-11.984345436096191,27.092885971069336,3.086901903152466,-12.214031219482422,35.424720764160156,3.0935001373291016,-12.33782958984375,36.01409149169922,1.0888969898223877,7.492781639099121,38.713356018066406,1.7959768772125244,-1.0502640008926392,39.661075592041016,1.2106481790542603,8.02193832397461,36.80601501464844,2.0420470237731934,-4.664535999298096,39.50900650024414,3.1570818424224854,-12.050392150878906,27.474037170410156,2.7942728996276855,-9.242233276367188,27.340394973754883,3.123198986053467,-12.088789939880371,28.312686920166016,3.042304039001465,-11.787638664245605,31.81939125061035,2.71797513961792,-12.79683780670166,38.92813491821289,2.4742321968078613,-7.788921356201172,27.674379348754883,2.593717575073242,-7.141345024108887,27.725086212158203,1.406949520111084,4.981894016265869,40.4566650390625,2.706061363220215,-12.705007553100586,37.33270263671875,1.2302120923995972,5.916889190673828,40.350711822509766,1.5362193584442139,1.2809937000274658,39.795352935791016,1.4710919857025146,7.182584285736084,30.30976676940918,0.9889919757843018,7.073071002960205,39.44943618774414,1.0934555530548096,7.791751861572266,32.753753662109375,2.7033660411834717,-10.895454406738281,39.59161376953125,2.1345114707946777,-8.461227416992188,39.47195053100586,2.802431106567383,-12.0167875289917,33.91209411621094,2.6365840435028076,-12.323999404907227,35.556617736816406,3.015775203704834,-11.7594575881958,27.023088455200195,2.8109660148620605,-12.518196105957031,36.57167053222656,2.9512901306152344,-11.981705665588379,29.74359703063965,1.631554126739502,-0.13910514116287231,39.657772064208984,1.6798343658447266,-3.2051541805267334,39.44097900390625,1.600049376487732,3.2246968746185303,29.5042781829834,2.7319140434265137,-13.038034439086914,38.606563568115234,2.042490005493164,-4.4033098220825195,28.329835891723633,2.029512643814087,-3.1445090770721436,28.515430450439453,3.0870442390441895,-11.327615737915039,27.176271438598633,1.998537302017212,-6.906868934631348,39.33612823486328,2.6727449893951416,-12.549637794494629,36.13173294067383,2.344557046890259,-10.598981857299805,39.595706939697266,2.6867012977600098,-12.899628639221191,39.365997314453125,1.2593022584915161,7.513779640197754,30.923734664916992,0.9055646657943726,7.717254161834717,34.893951416015625,1.1553981304168701,3.497709035873413,39.95246505737305,2.485959768295288,-11.816612243652344,30.856542587280273,1.3510133028030396,2.3425302505493164,39.94369888305664,2.4118258953094482,-12.642007827758789,39.609188079833984,1.8630650043487549,-5.831046104431152,39.34440612792969,1.3150880336761475,6.281525611877441,30.25873565673828,1.7012581825256348,-1.1415982246398926,28.84905433654785,1.7047663927078247,-1.7099201679229736,39.59994125366211,2.536656379699707,-10.761934280395508,27.44427490234375,2.7437939643859863,-11.979948997497559,34.753292083740234,2.5535027980804443,-11.759523391723633,31.562313079833984,2.4577407836914062,-13.03343391418457,37.75723648071289,1.6727747917175293,0.32022523880004883,28.958850860595703,1.836258888244629,-8.79632568359375,39.40370178222656,2.3873744010925293,-11.703638076782227,32.59422302246094,1.7402877807617188,-4.0840630531311035,39.40275955200195,1.9500987529754639,-6.399025917053223,28.089168548583984,1.3605045080184937,5.083773612976074,30.0555419921875,1.1695817708969116,0.25394099950790405,39.49176025390625,1.7251232862472534,-5.327126979827881,39.33492660522461,0.9542382955551147,0.9260974526405334,39.323795318603516,2.1603260040283203,-9.424449920654297,39.52934646606445,2.5999491214752197,-11.913922309875488,29.341493606567383,1.5426263809204102,2.0270535945892334,29.355649948120117,0.5184385180473328,6.919241905212402,36.897010803222656,0.8578682541847229,4.031050205230713,30.37908935546875,2.282230854034424,-11.692745208740234,39.623779296875,2.560412883758545,-11.845986366271973,28.7078800201416,0.7938163876533508,6.836240291595459,31.913551330566406,1.6554535627365112,-7.864062309265137,39.26593780517578,2.289030075073242,-11.73542308807373,34.51701736450195,1.3883867263793945,-2.3622891902923584,39.391273498535156,1.0037813186645508,6.5750555992126465,30.779706954956055,2.460176944732666,-12.802458763122559,37.214149475097656,2.3370442390441895,-11.474517822265625,28.395076751708984,0.5388627052307129,7.154970645904541,35.979244232177734,2.4403045177459717,-11.558998107910156,27.6176700592041,2.307837724685669,-13.385361671447754,38.947227478027344,2.3033852577209473,-13.22884750366211,39.65749740600586,0.7153974771499634,6.037983417510986,39.414581298828125,0.7706644535064697,6.731043815612793,31.335115432739258,0.7962237596511841,4.35329532623291,39.57801055908203,2.285884380340576,-11.777543067932129,30.288972854614258,1.4343225955963135,-7.491804599761963,39.1834716796875,2.476917028427124,-11.914581298828125,33.92173767089844,2.1331698894500732,-8.692424774169922,27.771503448486328,0.5296905040740967,5.252710342407227,39.23225402832031,1.195467233657837,-0.5243690609931946,39.4235954284668,1.6343626976013184,-5.05999231338501,28.465234756469727,0.7247327566146851,7.232993125915527,33.040618896484375,1.0312836170196533,-1.5749684572219849,39.22482681274414,1.235598087310791,-2.175596237182617,29.02927589416504,2.0894503593444824,-12.160852432250977,35.14008331298828,2.3209431171417236,-12.610325813293457,36.735450744628906,0.999759316444397,5.2579779624938965,30.585805892944336,1.1725820302963257,0.8171581029891968,29.40406608581543,2.432696580886841,-13.516473770141602,39.77104949951172,2.033982276916504,-12.35555648803711,36.020484924316406,1.8381125926971436,-10.160930633544922,39.43016052246094,2.0894224643707275,-11.848931312561035,33.51892852783203,0.54071044921875,6.379933834075928,38.526031494140625,0.502249538898468,7.031508922576904,34.626766204833984,0.8005167245864868,2.2906529903411865,39.40995788574219,1.8792688846588135,-9.917795181274414,27.89237403869629,0.789591372013092,2.8566837310791016,30.2186222076416,0.2723580598831177,6.011670112609863,37.901390075683594,1.1196541786193848,-5.214346885681152,39.08856964111328,1.2852818965911865,-6.772674083709717,39.043216705322266,1.985084891319275,-11.78101921081543,39.45168685913086,2.0814876556396484,-13.084327697753906,38.217735290527344,0.7404316067695618,5.560116767883301,30.72714614868164,1.0917327404022217,-0.6401399374008179,29.282302856445312,2.205328941345215,-11.64803695678711,31.827869415283203,1.4346702098846436,-5.752849578857422,28.490570068359375,1.8570752143859863,-11.666529655456543,34.24160385131836,2.14255428314209,-11.602581024169922,29.466676712036133,1.4565845727920532,-3.5971713066101074,28.793203353881836,0.578859269618988,6.077589511871338,31.826091766357422,1.70667564868927,-10.869926452636719,39.35472106933594,1.9683263301849365,-13.21513843536377,39.35595703125,0.45130276679992676,4.361263275146484,39.065093994140625,1.544761061668396,-9.436742782592773,39.22523880004883,1.778793215751648,-11.452805519104004,32.63114547729492,1.036022663116455,-4.47777795791626,39.067535400390625,1.9361690282821655,-12.85624885559082,37.57204055786133,2.055802345275879,-13.60713005065918,39.38027572631836,1.8547202348709106,-10.960349082946777,28.12013816833496,0.8777545690536499,-3.4753479957580566,39.04124069213867,1.1755293607711792,-6.075105667114258,38.92179870605469,1.8842895030975342,-12.107087135314941,35.47154998779297,1.9261631965637207,-13.702129364013672,40.06285858154297,0.30557212233543396,6.204721450805664,33.19613265991211,0.7108364701271057,-2.445868968963623,38.98138427734375,1.6692051887512207,-12.716849327087402,38.70821762084961,1.2381680011749268,-7.7458109855651855,28.488544464111328,1.796057105064392,-11.606541633605957,32.01565933227539,1.7950925827026367,-12.454755783081055,39.132389068603516,1.6661503314971924,-11.374788284301758,29.957096099853516,1.7803056240081787,-10.622477531433105,28.093046188354492,1.7581406831741333,-11.50406265258789,31.27924346923828,1.7640244960784912,-13.842991828918457,39.737220764160156,1.7358906269073486,-11.856620788574219,34.648738861083984,1.648602843284607,-12.847002983093262,38.29120635986328,1.7718515396118164,-13.151897430419922,38.9498405456543,0.5200822949409485,3.80552339553833,30.486894607543945,1.3470981121063232,-8.8762788772583,28.354598999023438,0.5167961120605469,5.1576828956604,31.577983856201172,1.5365643501281738,-12.506075859069824,37.232582092285156,1.6402642726898193,-10.945586204528809,29.15302085876465,0.1895405799150467,6.332243919372559,34.981388092041016,0.4822120666503906,4.742691993713379,30.97480010986328,0.1592177152633667,3.693847417831421,38.543251037597656,0.2583409547805786,2.303928852081299,38.71895980834961,0.47301816940307617,1.4158161878585815,38.92860794067383,0.1276436448097229,6.048578262329102,36.58602523803711,1.27022385597229,-8.51601791381836,39.02714157104492,1.2840763330459595,-11.35352897644043,33.703880310058594,0.12493228912353516,4.732235908508301,38.3629035949707,1.1887699365615845,-10.61113452911377,39.034793853759766,1.2394094467163086,-11.535491943359375,38.84050369262695,0.6491209864616394,1.0387699604034424,30.08092498779297,0.35179969668388367,-0.5403034090995789,38.71171188354492,1.0393531322479248,-6.902365207672119,28.75483512878418,1.6529285907745361,-12.320297241210938,36.42420196533203,1.53615403175354,-11.873132705688477,35.0655632019043,0.29691609740257263,5.5554351806640625,32.3873176574707,0.9931597113609314,-3.553473472595215,29.225963592529297,1.390447735786438,-12.784908294677734,38.94609069824219,0.3898079991340637,1.6368227005004883,30.19418716430664,0.4402257204055786,-1.3889124393463135,29.754606246948242,0.035243600606918335,5.344795227050781,33.270347595214844,1.4612970352172852,-12.039461135864258,35.939552307128906,1.5302420854568481,-10.45888900756836,28.971174240112305,0.24926066398620605,3.8685288429260254,30.943790435791016,0.25582724809646606,0.8142344355583191,38.59174346923828,0.4910111129283905,-4.7697858810424805,29.50274658203125,1.2581367492675781,-9.743654251098633,28.450300216674805,0.8121663331985474,-9.824857711791992,38.68817138671875,1.2808401584625244,-10.93545150756836,30.63272476196289,-0.1453685760498047,5.225597381591797,36.72697830200195,-0.02323431521654129,5.549891471862793,34.29970932006836,0.6990898847579956,-7.772738456726074,38.62446594238281,0.9696605205535889,-8.22663688659668,38.83538818359375,1.1895371675491333,-11.516234397888184,34.30390167236328,0.1663450002670288,3.881101369857788,31.571792602539062,-0.055172234773635864,4.067165851593018,32.2888298034668,1.2255756855010986,-11.186882019042969,32.0784912109375,0.6875981092453003,-6.767365455627441,38.66216278076172,0.019839465618133545,4.721927165985107,32.6055908203125,-0.14695152640342712,5.374188423156738,35.10559844970703,0.21689338982105255,2.441359758377075,30.658721923828125,1.1390935182571411,-9.799810409545898,28.905363082885742,0.4596647322177887,-4.196674823760986,38.67945861816406,0.40308046340942383,-4.946689128875732,38.51884841918945,0.5028195381164551,-5.865872859954834,29.32862091064453,0.9683644771575928,-10.92508602142334,33.14282989501953,0.5913206934928894,-3.579421281814575,29.713212966918945,1.067460060119629,-10.188203811645508,29.980125427246094,1.1816803216934204,-12.46722412109375,37.699371337890625,-0.20429980754852295,4.17504358291626,37.301631927490234,0.043596744537353516,-1.4817734956741333,38.242984771728516,0.42068731784820557,-5.725771903991699,38.26531219482422,0.6664812564849854,-9.131558418273926,38.56138229370117,-0.16192150115966797,2.8114471435546875,37.87469482421875,0.29218363761901855,0.41384103894233704,29.97918128967285,0.6508866548538208,-8.114974975585938,29.099260330200195,0.9219566583633423,-12.173169136047363,37.312721252441406,1.155726432800293,-12.11138916015625,38.02295684814453,1.014038324356079,-12.170343399047852,38.52671813964844,-0.3443157374858856,4.3504815101623535,34.320186614990234,1.0499900579452515,-11.610048294067383,35.18777084350586,-0.09208688139915466,3.221096992492676,31.90414047241211,-0.33478844165802,4.584334373474121,35.736572265625,0.13684284687042236,1.797873854637146,30.965625762939453,-0.19429351389408112,4.353682041168213,33.34625244140625,0.9685978889465332,-11.864461898803711,36.44407653808594,0.05539950728416443,-3.263306140899658,38.33961486816406,-0.14612895250320435,1.288530707359314,37.98666000366211,-0.16498683393001556,0.3427807688713074,37.83791732788086,0.8132274150848389,-11.019486427307129,38.60464096069336,0.9245859384536743,-11.653318405151367,38.779937744140625,-0.2815133333206177,2.990577220916748,37.50816345214844,0.1382550597190857,-1.5999044179916382,29.79020881652832,0.5225569605827332,-9.30484676361084,29.476137161254883,-0.012911200523376465,-0.30690571665763855,30.400285720825195,0.5646306276321411,-8.760869026184082,29.1480655670166,0.9171843528747559,-10.661930084228516,31.24275016784668,0.7547382116317749,-10.216724395751953,30.794519424438477,0.5729730129241943,-11.3983793258667,36.15777587890625,0.6993390321731567,-10.628447532653809,32.240028381347656,0.10928577184677124,0.8815909624099731,31.005918502807617,-0.375848650932312,-0.7815291881561279,37.487613677978516,-0.36562153697013855,3.597243070602417,33.49434280395508,-0.4498137831687927,3.249239206314087,36.51900863647461,-0.2162388563156128,2.0922176837921143,31.901090621948242,-0.17426729202270508,0.9211858510971069,31.52027702331543,-0.07151031494140625,-6.071511745452881,37.70689010620117,-0.31504955887794495,2.981161594390869,32.61767578125,0.1772291660308838,-9.413394927978516,37.89799118041992,0.7985107898712158,-11.589860916137695,37.71051025390625,0.2952919006347656,-3.443687677383423,29.643857955932617,0.5322296023368835,-10.780220031738281,33.69472122192383,0.48738694190979004,-9.335784912109375,30.13525390625,0.17483997344970703,-7.241396903991699,38.01310348510742,0.3345215320587158,-10.420304298400879,38.14240264892578,-0.5053396224975586,3.671348810195923,35.12773895263672,-0.48795783519744873,2.2205731868743896,36.84245300292969,0.5561631917953491,-11.425531387329102,38.33494186401367,-0.003968417644500732,-5.359638214111328,37.77546310424805,-0.5719034671783447,3.0449507236480713,35.740291595458984,0.21660849452018738,-5.511440753936768,29.412803649902344,-0.48346254229545593,1.9513529539108276,32.77986526489258,-0.5195776224136353,3.3543620109558105,34.31103515625,0.2869279980659485,-10.804600715637207,35.24722671508789,-0.5853927135467529,0.8471314907073975,36.62152099609375,0.1170586347579956,-8.082254409790039,37.88465881347656,0.2746182680130005,-10.636930465698242,34.57189178466797,0.0245741605758667,-2.8128573894500732,30.10285758972168,0.11153620481491089,-4.148579120635986,29.887006759643555,0.3616163730621338,-7.243929862976074,29.22894287109375,0.2915523052215576,-9.36044692993164,30.816545486450195,-0.157764732837677,-1.416015625,30.366575241088867,0.34416282176971436,-10.122238159179688,32.30976867675781,-0.4885064661502838,1.1729880571365356,32.56269073486328,-0.38086962699890137,-2.2924089431762695,37.66412353515625,-0.5621989965438843,2.751438617706299,33.685089111328125,-0.5567377805709839,-0.1384429931640625,36.85048294067383,-0.3648558557033539,-3.953751802444458,37.58102798461914,-0.4084341824054718,0.5070232152938843,32.00083923339844,0.282800555229187,-11.126171112060547,36.82215881347656,0.2695659399032593,-9.923194885253906,32.88566589355469,-0.676965594291687,2.3625011444091797,35.28303146362305,-0.6539702415466309,1.8671224117279053,35.83415222167969,-0.38931360840797424,-0.29729944467544556,31.681859970092773,0.34975874423980713,-10.808467864990234,37.23000717163086,-0.17528778314590454,-2.2403676509857178,30.708593368530273,0.06797778606414795,-3.8648810386657715,30.48763084411621,-0.6648424863815308,2.4583137035369873,34.58115005493164,-0.3890072703361511,-3.3306469917297363,31.32004737854004,-0.06501246988773346,-5.7814860343933105,29.85254669189453,-0.3495948314666748,-1.2624329328536987,31.241172790527344,0.12152326107025146,-10.317593574523926,37.659271240234375,-0.6898064017295837,1.739122748374939,33.66190719604492,0.19027912616729736,-8.178702354431152,29.70798683166504,0.04780369997024536,-10.189002990722656,34.01911926269531,-0.5335168838500977,-0.49816495180130005,32.0955924987793,-0.2905188798904419,-4.382774829864502,30.972064971923828,0.0982617437839508,-9.191307067871094,31.473562240600586,-0.7600328922271729,0.8794831037521362,35.541900634765625,-0.7394978404045105,1.3344920873641968,34.24892807006836,-0.6363495588302612,0.7164679169654846,33.108760833740234,-0.11369764804840088,-9.124135971069336,37.37717819213867,0.12517023086547852,-10.732992172241211,36.01439666748047,0.10451340675354004,-7.168797492980957,30.09473991394043,-0.2401411384344101,-5.4781718254089355,30.604167938232422,-0.7450783848762512,1.3879591226577759,34.90772247314453,-0.643734335899353,-2.265756130218506,37.02742004394531,-0.49718087911605835,-5.147541522979736,36.95515823364258,-0.7089325785636902,-0.3270898759365082,33.13606643676758,-0.846136748790741,-0.24085406959056854,35.30316925048828,-0.7278398275375366,-0.7966238260269165,36.293701171875,0.04512554407119751,-8.396385192871094,30.544189453125,-0.18251490592956543,-7.261817932128906,37.45201873779297,-0.08335277438163757,-9.557767868041992,33.31793975830078,-0.564023494720459,-2.228510618209839,31.798873901367188,0.002071276307106018,-9.349279403686523,32.23661804199219,-0.824619710445404,0.38651779294013977,34.73838806152344,-0.7895948886871338,-0.05204489082098007,33.58503723144531,-0.10613036155700684,-9.759332656860352,36.8040885925293,-0.13113772869110107,-5.929601669311523,30.361080169677734,-0.03339064121246338,-10.365336418151855,36.34994125366211,-0.555854320526123,-4.213068962097168,31.71275520324707,-0.6911826729774475,-1.2735780477523804,32.56271743774414,-0.7877713441848755,0.4372476041316986,34.05752944946289,-0.16301459074020386,-7.075473308563232,30.657209396362305,-0.36022162437438965,-8.019754409790039,36.871002197265625,-0.4629010260105133,-5.128971099853516,31.251890182495117,-0.4745093584060669,-6.328664302825928,36.921104431152344,-0.13636934757232666,-9.717023849487305,34.06758117675781,-0.12208253145217896,-10.004843711853027,35.00264358520508,-0.8303222060203552,-1.8089354038238525,36.213836669921875,-0.7691583037376404,-4.652622222900391,36.274906158447266,-0.8405244946479797,-1.441428542137146,33.527584075927734,-0.3373241424560547,-8.363996505737305,31.986778259277344,-0.8791464567184448,-1.2950620651245117,35.447505950927734,-0.4501226246356964,-7.5519795417785645,31.749902725219727,-0.7873852252960205,-2.6570804119110107,36.56557083129883,-0.796248197555542,-3.5694658756256104,36.432979583740234,-0.5989104509353638,-6.8898606300354,36.503173828125,-0.23782694339752197,-9.868695259094238,35.909175872802734,-0.7838529944419861,-1.9182099103927612,32.96208953857422,-0.8860742449760437,-0.9159660935401917,34.38233184814453,-0.3945569694042206,-6.910704612731934,31.2439022064209,-0.3632400333881378,-8.706387519836426,32.82066345214844,-0.3882356882095337,-8.971704483032227,36.37309646606445,-0.7218292951583862,-2.9402029514312744,32.40224075317383,-0.5612644553184509,-6.023200511932373,31.599058151245117,-0.7706044316291809,-3.8667640686035156,32.613399505615234,-0.9450730085372925,-1.9068704843521118,34.68938064575195,-0.937110185623169,-2.253211736679077,35.54318618774414,-0.4715344309806824,-8.898527145385742,34.09901809692383,-0.43904024362564087,-9.18204402923584,34.870906829833984,-0.8771615028381348,-2.257951498031616,33.49144744873047,-0.5995097160339355,-7.801825523376465,36.03467559814453,-0.794919490814209,-5.717372417449951,36.08390426635742,-0.9304244518280029,-3.535947322845459,35.5465087890625,-0.5400018095970154,-8.802108764648438,35.59656524658203,-0.7316005825996399,-5.350485801696777,32.25691604614258,-0.761306643486023,-5.995625019073486,32.40220260620117,-0.560525119304657,-8.235188484191895,33.10152053833008,-0.6989752650260925,-6.6830010414123535,32.318363189697266,-0.9020178318023682,-3.37365984916687,33.701480865478516,-0.9429291486740112,-3.0615897178649902,34.71864318847656,-0.8276931047439575,-6.847753524780273,35.161956787109375,-0.8351349830627441,-4.520627021789551,32.850074768066406,-0.9497936964035034,-4.1183013916015625,34.24260330200195,-0.938817024230957,-5.01725435256958,35.38026809692383,-0.7343971133232117,-7.8561930656433105,34.86883544921875,-0.935717761516571,-5.720632076263428,34.93928909301758,-0.7596577405929565,-7.2058234214782715,32.99173355102539,-0.9648675918579102,-4.702768325805664,34.716678619384766,-0.9371167421340942,-5.079779148101807,33.442623138427734,-0.7966588139533997,-7.465448379516602,33.85010528564453,-0.90781170129776,-6.27679967880249,33.55173110961914
