1490283848.003754_2120.png,-3.2949936389923096,6.8537278175354,36.58494186401367,-3.908719062805176,6.9818220138549805,35.34302520751953,-4.721124649047852,6.112833023071289,36.498661041259766,-2.902630567550659,7.271088600158691,35.78447723388672,-4.799387454986572,6.50692081451416,35.23678207397461,-5.258857250213623,6.541418075561523,34.31268310546875,-4.283839225769043,7.145370960235596,34.093505859375,-5.151921272277832,6.807767868041992,33.46990203857422,-5.4172258377075195,6.1777167320251465,35.04704666137695,-3.8006298542022705,6.301736831665039,37.3016357421875,-3.4026432037353516,7.456471920013428,34.4354248046875,-4.254787921905518,5.6612067222595215,37.93737030029297,-5.574635028839111,6.4718146324157715,33.640708923339844,-5.853908538818359,5.305897235870361,36.16990280151367,-2.9711694717407227,6.575397491455078,37.5833625793457,-2.484093189239502,7.770744323730469,34.36061477661133,-4.185875415802002,7.39644193649292,33.08687210083008,-5.280975818634033,5.260836601257324,37.21652603149414,-6.440774917602539,5.5584259033203125,34.457069396972656,-6.0499701499938965,5.75600004196167,34.82517623901367,-6.2602410316467285,5.336564064025879,35.38933181762695,-1.8016523122787476,7.1918134689331055,37.039058685302734,-3.4606685638427734,7.728299140930176,33.05558395385742,-6.56634521484375,5.704916000366211,33.62242126464844,-2.143674850463867,6.549642562866211,38.32081985473633,-1.6157242059707642,7.8019118309021,35.12746810913086,-3.305023670196533,5.9349589347839355,38.49515914916992,-5.424561977386475,6.732851505279541,32.349609375,-5.834747314453125,6.463744163513184,32.42533874511719,-6.352197170257568,6.065109729766846,32.6192626953125,-4.408121109008789,5.138004302978516,38.5843391418457,-4.370110511779785,7.375711917877197,32.179386138916016,-0.950365424156189,7.480026721954346,36.690467834472656,-2.68275785446167,8.019208908081055,33.00886154174805,-6.027414798736572,4.733431339263916,36.79344177246094,-5.304254055023193,4.713491439819336,37.996212005615234,-5.030381202697754,6.952170372009277,31.893728256225586,-6.945150852203369,5.255976676940918,33.854774475097656,-2.5004334449768066,5.778750896453857,39.63018798828125,-6.865333557128906,4.901979446411133,35.01610565185547,-7.049229145050049,4.468232154846191,35.4266471862793,-1.511865258216858,8.003303527832031,34.21065902709961,-4.024094581604004,7.588136196136475,31.446792602539062,-3.1684746742248535,7.982693672180176,31.980764389038086,-3.297257900238037,5.084847927093506,39.9304084777832,-7.12791109085083,4.938022136688232,34.268680572509766,-4.765900135040283,7.175584316253662,31.48004913330078,-5.922295570373535,6.300119400024414,31.981372833251953,-0.9074848890304565,6.763085842132568,38.96702575683594,-1.473648190498352,6.211523532867432,39.83220291137695,-6.837969779968262,5.516716003417969,33.05731964111328,-0.7191694974899292,7.602458953857422,36.164920806884766,-5.0589094161987305,4.128147125244141,38.99384307861328,-1.709708571434021,8.143083572387695,33.409576416015625,-2.3323588371276855,8.168132781982422,32.393436431884766,-1.9583384990692139,5.620192527770996,40.61262512207031,-6.602272987365723,4.236593723297119,36.50410842895508,-0.4228842258453369,7.242262840270996,37.77663803100586,-4.3098249435424805,4.651415824890137,39.309173583984375,-5.536532402038574,6.683651924133301,31.68510627746582,-5.96080207824707,4.036279678344727,37.838661193847656,-7.105352401733398,5.367155075073242,32.12897872924805,-7.187920093536377,5.259410858154297,33.08901596069336,-2.6517746448516846,4.91052770614624,41.0675048828125,-3.4350976943969727,7.923637390136719,30.89337730407715,-2.29364275932312,8.323299407958984,31.653902053833008,-6.149458885192871,6.170077323913574,31.76202392578125,-3.65490460395813,4.296130657196045,40.626434326171875,0.40408843755722046,7.173816204071045,38.744720458984375,-0.23779496550559998,6.5821533203125,40.142276763916016,-0.9153579473495483,5.755054950714111,41.47834396362305,-1.8108625411987305,5.070545673370361,41.78945541381836,-7.63148832321167,4.608497619628906,33.72024917602539,-7.614699840545654,4.257313251495361,34.43299102783203,-6.422492504119873,3.773085117340088,37.39295196533203,-3.0893499851226807,8.172941207885742,30.3419189453125,-7.2883100509643555,5.175976276397705,32.562618255615234,0.041909679770469666,6.065433025360107,41.704750061035156,-4.391246795654297,7.330034255981445,30.632957458496094,-4.454183101654053,3.897505760192871,39.98693084716797,-5.247527599334717,6.715859413146973,30.938169479370117,-5.647411823272705,6.398133277893066,30.88407325744629,-1.3222254514694214,8.299575805664062,32.60460662841797,-6.160621643066406,5.921425819396973,30.951078414916992,-8.17605209350586,4.015878200531006,33.77067947387695,-8.096861839294434,4.455779552459717,32.9144287109375,0.6932312846183777,6.708375930786133,40.54861068725586,-0.6127902865409851,7.822586536407471,35.40618133544922,-1.8518006801605225,8.41700553894043,31.193458557128906,-1.0975439548492432,4.671598434448242,43.12419509887695,-5.7240376472473145,3.2231826782226562,38.87921142578125,-8.012247085571289,3.6659607887268066,34.59999465942383,-7.35577917098999,3.840228796005249,35.70466995239258,-7.853671073913574,4.65678596496582,32.39596176147461,0.2043137401342392,7.569617748260498,36.85160446166992,-6.969127178192139,5.466256141662598,31.754892349243164,-2.69058895111084,4.152548789978027,42.11005783081055,0.5191502571105957,5.7852277755737305,42.68319320678711,0.9748724102973938,7.418062686920166,37.36746597290039,1.284879446029663,7.11757230758667,39.474246978759766,-0.29919368028640747,7.998032569885254,34.17646789550781,-0.43018537759780884,5.168140888214111,43.024314880371094,-2.617046356201172,8.388521194458008,29.94905662536621,-0.8410118818283081,8.315621376037598,31.9165096282959,-3.6560893058776855,7.692812919616699,29.769807815551758,-8.371192932128906,4.055719375610352,33.221683502197266,1.0873091220855713,6.3853325843811035,41.704227447509766,-1.7574679851531982,4.206483364105225,43.039207458496094,-0.4844677746295929,8.149439811706543,33.07323455810547,-3.1017491817474365,7.955619812011719,29.905569076538086,-4.467152118682861,7.013496398925781,29.981321334838867,-7.043385028839111,3.0449771881103516,36.918521881103516,-3.7457938194274902,3.6888718605041504,41.252017974853516,-1.8500056266784668,8.478343963623047,30.312063217163086,-5.151237487792969,6.4340314865112305,30.16352081298828,-4.867553234100342,3.2151026725769043,39.944091796875,-6.199609279632568,3.0571658611297607,38.227298736572266,-0.1630808413028717,4.57550573348999,44.18511199951172,0.20570604503154755,7.760644912719727,35.36443328857422,1.1260278224945068,5.380163192749023,43.94188690185547,-7.768194198608398,4.688837051391602,31.803197860717773,-8.331086158752441,4.144802093505859,32.676475524902344,-8.728679656982422,3.7438502311706543,32.67044448852539,1.5344377756118774,7.309774398803711,38.27409744262695,-5.911017894744873,5.765172481536865,30.342811584472656,-7.407046794891357,4.737860202789307,31.34221076965332,-8.09039306640625,3.1241564750671387,35.051025390625,-7.478899002075195,3.038841485977173,36.158653259277344,1.8672738075256348,6.940430641174316,40.29960250854492,1.9878261089324951,6.019660472869873,43.096221923828125,0.44581139087677,7.782304763793945,34.850494384765625,0.9334317445755005,7.5369791984558105,35.80306625366211,-6.760372161865234,5.173394680023193,30.934040069580078,-8.495142936706543,4.030099391937256,31.999025344848633,-8.859819412231445,3.1734700202941895,33.61882781982422,-2.454482078552246,3.448026418685913,43.159706115722656,-2.9918031692504883,3.549250602722168,42.41764450073242,-2.784832000732422,8.041600227355957,29.376798629760742,-4.30172872543335,3.1007065773010254,40.867469787597656,1.9992711544036865,6.55169677734375,41.673126220703125,1.182746410369873,4.909035682678223,44.79834747314453,-2.2918903827667236,8.432304382324219,29.465553283691406,-3.7859091758728027,7.337186813354492,29.372026443481445,-3.952997922897339,2.8339908123016357,41.68291091918945,-6.757383823394775,2.72637677192688,37.553279876708984,0.73946213722229,7.5683274269104,36.49058151245117,-0.4714382588863373,8.327157974243164,31.044160842895508,-9.110727310180664,3.2977845668792725,32.84261703491211,-1.1894047260284424,3.7960638999938965,44.16639709472656,-7.88812255859375,4.1989312171936035,31.113197326660156,-9.147522926330566,3.389850616455078,32.24970626831055,-8.633079528808594,2.920747756958008,34.23969650268555,-1.5695714950561523,8.605607986450195,29.124719619750977,2.7567315101623535,6.354916095733643,42.44289779663086,2.252906322479248,5.57984733581543,44.24571228027344,0.3228113651275635,7.8716959953308105,34.23991012573242,-5.375425815582275,2.6097936630249023,39.704246520996094,-3.4190831184387207,2.601832866668701,42.643123626708984,-4.643195152282715,6.596725940704346,29.6597957611084,2.2093753814697266,7.135939121246338,39.30535125732422,-7.578973293304443,2.3151931762695312,36.3126106262207,-6.470271587371826,4.913118362426758,30.285959243774414,-7.250480651855469,2.584015369415283,36.740726470947266,-0.9926549196243286,8.50314998626709,30.056415557861328,0.4259146749973297,7.864035606384277,33.70079803466797,3.1193153858184814,6.8400797843933105,40.659053802490234,-3.3967695236206055,7.4461894035339355,29.01663589477539,-2.0784809589385986,8.158391952514648,28.288726806640625,-1.0314548015594482,8.559356689453125,29.412376403808594,-2.747387170791626,7.9809417724609375,28.967336654663086,-8.612634658813477,3.6997406482696533,31.35751724243164,0.35190141201019287,3.770801544189453,45.7447395324707,-2.0216479301452637,3.024595260620117,44.07815933227539,2.5983288288116455,5.392488479614258,44.915496826171875,1.5804964303970337,7.370318412780762,36.55715560913086,-7.2854766845703125,4.380154132843018,30.6723690032959,-0.7104371786117554,2.949951171875,45.68641662597656,-9.359586715698242,2.5306711196899414,33.179481506347656,-9.495603561401367,2.9550037384033203,32.49161911010742,-8.31255054473877,2.2713656425476074,35.219356536865234,-7.914094924926758,2.33708119392395,35.743892669677734,3.252615213394165,6.717764854431152,41.22120666503906,3.333378791809082,6.500813007354736,42.01370620727539,-1.7272098064422607,8.491599082946777,28.381277084350586,-4.831770896911621,6.016009330749512,29.52096176147461,-5.407188415527344,5.723752498626709,29.779281616210938,0.14593777060508728,8.042939186096191,32.92591094970703,-9.035011291503906,2.590711832046509,33.689666748046875,-2.863084316253662,7.573846340179443,28.51953125,-4.191937446594238,6.596560478210449,29.145282745361328,3.5854403972625732,6.097770690917969,43.61125564575195,2.004300594329834,4.415853977203369,46.054595947265625,-2.773242712020874,2.652012586593628,43.503902435302734,-0.07512632012367249,8.02381706237793,31.65570068359375,-2.356701612472534,7.872953414916992,28.343685150146484,-9.887537956237793,2.552920341491699,31.66652488708496,-2.510843515396118,2.384917736053467,44.057735443115234,2.439652919769287,7.1422624588012695,38.58300018310547,2.9676225185394287,6.990890026092529,39.46574020385742,-6.724046230316162,4.350553512573242,30.369287490844727,-1.6270294189453125,2.2690725326538086,45.323368072509766,-9.221638679504395,3.003897190093994,31.206844329833984,0.26495125889778137,7.994316101074219,32.170902252197266,-4.413863182067871,2.4989004135131836,41.032196044921875,3.6052913665771484,5.143350124359131,45.87040710449219,2.0724291801452637,7.253194332122803,37.280643463134766,-4.882867813110352,2.00075364112854,40.48220443725586,-0.9256408214569092,8.701929092407227,28.81620216369629,1.069983720779419,7.608713626861572,34.85329055786133,-8.006895065307617,3.6304771900177,30.572641372680664,-9.711895942687988,2.6527791023254395,32.13050079345703,-9.949715614318848,2.1967225074768066,32.4307746887207,-9.6218843460083,2.595978260040283,32.88441848754883,-6.653142929077148,1.6274887323379517,37.88774871826172,-0.9832764863967896,8.667497634887695,28.156776428222656,3.849059820175171,5.753634452819824,44.81255340576172,-3.6849825382232666,6.7055559158325195,28.691335678100586,-8.765524864196777,2.03912615776062,34.4047966003418,-6.2947893142700195,2.019679546356201,38.40035629272461,-5.656681537628174,1.8128998279571533,39.54036331176758,-3.8888649940490723,2.0927345752716064,42.178218841552734,-5.845516204833984,5.093686103820801,29.809215545654297,-0.09631147980690002,2.774531364440918,46.49956512451172,-1.5022975206375122,8.329428672790527,27.706554412841797,-0.16478756070137024,8.316768646240234,30.262239456176758,4.411949634552002,6.411640167236328,42.525028228759766,0.7903120517730713,7.788578987121582,33.07871627807617,-9.122199058532715,1.9672255516052246,33.931331634521484,0.9609572887420654,3.0186915397644043,47.02227020263672,2.8512330055236816,7.043108940124512,38.24870300292969,3.72759747505188,6.801435470581055,40.162384033203125,-3.0343542098999023,1.8375673294067383,43.644561767578125,-7.114172458648682,1.6030285358428955,37.106014251708984,-2.929732322692871,6.957887649536133,28.105514526367188,-2.315575122833252,1.8158272504806519,44.805137634277344,-0.2506791651248932,8.295269966125488,29.33282470703125,-4.4121785163879395,6.112185478210449,29.12047576904297,-9.571718215942383,1.719964623451233,33.20465087890625,-7.715428352355957,1.6930502653121948,36.048614501953125,2.2592830657958984,3.911921501159668,46.71600341796875,1.6705747842788696,7.333590507507324,35.20381164550781,3.7399446964263916,6.7352294921875,39.27852249145508,0.13992246985435486,8.045866012573242,31.022167205810547,4.853329181671143,5.821673393249512,45.2586784362793,-4.36358118057251,1.7930676937103271,41.44998550415039,2.0482373237609863,7.14453125,36.21884536743164,4.334975242614746,6.564540386199951,41.40555953979492,-0.45378294587135315,8.689285278320312,28.29698371887207,-10.375916481018066,1.832790493965149,31.86543846130371,-3.338249444961548,1.374232292175293,43.31923294067383,4.83497953414917,6.12969446182251,43.83138656616211,-1.837001919746399,7.9060773849487305,27.814132690429688,3.78581166267395,4.370181560516357,46.71099090576172,-9.71280288696289,2.2517035007476807,30.83191680908203,5.56289529800415,6.033107280731201,44.38814926147461,1.287137746810913,7.501911163330078,34.2147102355957,-1.2557568550109863,1.9209418296813965,46.130313873291016,-3.5503389835357666,1.521175503730774,42.83566665649414,-8.813955307006836,2.885491371154785,30.552961349487305,-6.257498264312744,4.516952991485596,29.9403133392334,-8.004914283752441,1.3264552354812622,35.58365249633789,-5.933168411254883,1.3132438659667969,39.05535888671875,-6.932520389556885,4.038651943206787,30.243419647216797,0.6568431854248047,7.798731803894043,32.010215759277344,5.15767765045166,5.249870300292969,46.25678634643555,0.17914661765098572,2.1213464736938477,47.41517639160156,2.484978199005127,3.240663528442383,47.339439392089844,-8.69002628326416,1.1980180740356445,34.59103012084961,-0.9690297842025757,1.4780032634735107,46.919857025146484,4.1492133140563965,6.667401313781738,40.867515563964844,0.6108527183532715,7.8309431076049805,30.47519302368164,-10.095734596252441,1.5843923091888428,32.22636413574219,2.6768648624420166,7.001121520996094,36.74454879760742,0.48415079712867737,7.629337787628174,31.293148040771484,-9.930027961730957,1.1259851455688477,32.648704528808594,-7.445065975189209,1.2564693689346313,36.42920684814453,3.097093343734741,6.904942512512207,37.6723518371582,-2.7025625705718994,1.2112469673156738,44.57264709472656,-9.33047103881836,1.101125955581665,33.548858642578125,-10.560975074768066,1.4618438482284546,31.75052261352539,-8.258661270141602,1.0821201801300049,34.959373474121094,-6.353034496307373,3.9285123348236084,29.894668579101562,-7.189754962921143,3.5865368843078613,30.03616714477539,-3.5263991355895996,6.480743408203125,28.364219665527344,-5.478254795074463,4.802268028259277,29.408931732177734,-5.067803859710693,1.22445547580719,40.384517669677734,-0.4004502594470978,8.566878318786621,27.192916870117188,-10.218890190124512,1.8187551498413086,30.860750198364258,0.17972049117088318,8.16183853149414,29.70215606689453,5.907781600952148,5.873427391052246,45.40800857543945,5.959161758422852,5.561724662780762,46.060203552246094,-1.4603893756866455,8.334234237670898,27.381357192993164,0.4127480685710907,8.047992706298828,29.01795768737793,1.6396269798278809,2.6952693462371826,47.61152648925781,3.7586982250213623,6.762636184692383,38.796600341796875,5.285285949707031,6.21946907043457,43.093994140625,1.3158454895019531,7.476641654968262,33.00334548950195,-6.1961164474487305,0.7627867460250854,38.43074417114258,4.702086925506592,4.455403804779053,46.748958587646484,-0.8888779878616333,8.526225090026855,27.07575035095215,-1.2733731269836426,8.024652481079102,26.93592643737793,-5.86318826675415,4.381222724914551,29.5545597076416,-3.9071521759033203,5.861656188964844,28.52610969543457,-8.166936874389648,2.9837231636047363,30.23247718811035,-10.625164985656738,1.4791643619537354,30.916521072387695,-4.545685291290283,0.8859540820121765,41.11791229248047,-4.041394233703613,1.161104679107666,42.084163665771484,-2.1187198162078857,0.6390111446380615,45.91245651245117,-2.170987844467163,7.207889556884766,27.625520706176758,0.10926184058189392,8.32489013671875,28.171573638916016,-1.6966232061386108,0.9585230350494385,46.36835479736328,-0.15122190117835999,8.44751262664795,28.050825119018555,-9.316387176513672,2.045799970626831,30.294448852539062,0.8669006824493408,7.604674816131592,32.12074279785156,2.3302245140075684,6.994889736175537,35.16128158569336,-4.405282497406006,5.570023536682129,28.795883178710938,3.434048891067505,3.2155442237854004,47.46009063720703,-5.114014625549316,4.850274562835693,29.245264053344727,-8.531065940856934,2.496366024017334,30.160324096679688,4.668857574462891,6.540165901184082,40.44984817504883,6.1572699546813965,6.011157035827637,44.15472412109375,-7.695342540740967,3.160053253173828,30.109872817993164,4.531567096710205,6.497373580932617,39.71550369262695,5.031183242797852,6.37498664855957,41.86235046386719,-4.479784965515137,5.189659118652344,28.947246551513672,1.7607946395874023,7.169988632202148,34.05315017700195,2.3609864711761475,6.972829341888428,34.63814926147461,1.0181742906570435,1.6979070901870728,48.1991081237793,-1.5867465734481812,7.574786186218262,27.423744201660156,2.564300537109375,6.828080177307129,35.86300277709961,-6.570969581604004,0.7102296948432922,37.74778747558594,-0.19203594326972961,8.540607452392578,26.519062042236328,3.981924533843994,6.568538665771484,38.33428955078125,-2.8207530975341797,6.555602073669434,27.920658111572266,6.775924205780029,5.780753135681152,45.81117630004883,0.1672670543193817,8.564984321594238,27.19452667236328,0.5514023303985596,7.953460216522217,29.57562255859375,-2.542848587036133,0.30695855617523193,45.154541015625,1.308933138847351,7.486982345581055,32.011077880859375,-7.980997562408447,0.7643255591392517,35.33610916137695,-5.407042503356934,0.7472710609436035,39.9083366394043,-0.09675326943397522,1.387993574142456,47.84940719604492,-9.694293022155762,1.7438380718231201,30.458892822265625,3.7396297454833984,6.6538286209106445,37.99501419067383,-3.027919292449951,0.6511197686195374,44.12095642089844,-3.1936795711517334,6.13911247253418,28.165937423706055,1.0002520084381104,7.2895097732543945,31.11892318725586,-10.721465110778809,0.8071255683898926,31.715402603149414,3.3575713634490967,6.688926696777344,37.33220291137695,-10.012543678283691,0.43195652961730957,31.8929386138916,-0.6404247283935547,0.5571539402008057,48.057273864746094,-1.241889238357544,0.5518298149108887,47.2371711730957,4.417702674865723,3.35211181640625,47.422706604003906,2.9891600608825684,6.754656791687012,36.433570861816406,-6.636127471923828,3.66825270652771,29.884305953979492,-6.26453971862793,3.696699619293213,29.941322326660156,-3.4155876636505127,0.4135288596153259,43.37550735473633,5.9008588790893555,4.810353755950928,46.70668029785156,2.3723902702331543,2.3481602668762207,47.91926956176758,4.990937232971191,3.6483986377716064,47.1619758605957,-8.569930076599121,0.5202406644821167,34.386329650878906,-7.161998271942139,0.6263960599899292,36.494258880615234,5.4036078453063965,6.231896877288818,40.94489669799805,-3.599238634109497,5.946078300476074,28.41122817993164,-10.608440399169922,1.0481340885162354,30.423908233642578,-8.939276695251465,2.0442779064178467,30.265544891357422,7.060164451599121,5.7814178466796875,45.007198333740234,-11.184279441833496,0.7019124031066895,30.98015785217285,-1.6608633995056152,6.9830217361450195,27.33864974975586,2.8185596466064453,2.8451967239379883,47.53871154785156,-0.2783806622028351,8.155981063842773,27.087133407592773,-9.702692031860352,0.432613730430603,32.675418853759766,0.6165118217468262,1.0364303588867188,48.376583099365234,1.8939359188079834,7.046233654022217,33.136104583740234,5.840883255004883,6.101865291595459,41.624149322509766,5.889680862426758,6.08941125869751,42.548858642578125,-5.5716753005981445,0.5350935459136963,39.3883171081543,0.13530859351158142,8.029529571533203,27.305309295654297,4.446878910064697,6.335378170013428,38.976619720458984,-0.8168209791183472,7.483954429626465,26.969493865966797,-3.568577527999878,0.30602842569351196,42.802852630615234,-2.189714193344116,6.774528503417969,27.59003257751465,7.207973480224609,5.422277450561523,46.41355895996094,-7.493269443511963,2.9659836292266846,30.05998420715332,-5.836571216583252,0.3672803044319153,38.83217239379883,-5.921063423156738,3.9058291912078857,29.64132308959961,-10.03189754486084,1.4407501220703125,30.42877197265625,-6.826288223266602,3.358609676361084,29.970937728881836,7.809928894042969,5.72167444229126,45.8289794921875,-4.7749528884887695,4.68509578704834,29.078920364379883,-7.860650062561035,0.221932053565979,35.02268981933594,-0.10806301236152649,0.5442581176757812,48.42155456542969,-5.4067206382751465,4.217026710510254,29.309080123901367,-3.852161407470703,0.36052262783050537,42.32341384887695,-3.852879524230957,5.179665565490723,28.579910278320312,6.38915491104126,5.985671043395996,43.358036041259766,6.863837718963623,5.045048713684082,46.6884651184082,-4.90918493270874,0.48559558391571045,40.51750946044922,-4.187847137451172,0.5414138436317444,41.513240814208984,-8.526409149169922,2.186575412750244,30.28749656677246,2.3566083908081055,1.621755838394165,48.24192428588867,-1.7600830793380737,-0.004748821258544922,46.6688117980957,0.662377119064331,7.662044525146484,28.688631057739258,-11.26428508758545,0.4071807861328125,30.603073120117188,-8.80788516998291,0.2108999490737915,33.85778045654297,-9.260522842407227,0.34414541721343994,33.29374313354492,-0.3274987041950226,7.720416069030762,27.046979904174805,-10.924081802368164,0.3042278289794922,31.363094329833984,2.298229217529297,6.703174591064453,33.90530014038086,3.0520498752593994,6.49950647354126,35.658607482910156,-1.0540447235107422,-0.0673673152923584,47.83985137939453,3.926467180252075,6.381774425506592,37.48029708862305,0.8054484128952026,7.494915962219238,29.434585571289062,-2.8556199073791504,5.996518135070801,27.866086959838867,8.092705726623535,5.530611038208008,46.3148307800293,-1.0413111448287964,7.140504837036133,27.083847045898438,-3.318153142929077,5.514847278594971,28.205528259277344,-4.239856719970703,4.838574409484863,28.799325942993164,1.3492960929870605,7.001890182495117,31.23365592956543,3.484815835952759,6.470117568969727,36.87431716918945,-6.9666314125061035,2.9471888542175293,29.865699768066406,-6.531496524810791,3.3021349906921387,29.78765106201172,-9.453431129455566,1.1457183361053467,30.3718318939209,-7.982588768005371,2.464244842529297,29.999528884887695,3.698126792907715,2.27573823928833,47.76569747924805,6.336536407470703,5.868160247802734,42.17958068847656,-6.6027069091796875,0.12273514270782471,36.913551330566406,6.024725914001465,3.7115585803985596,47.206172943115234,1.3084421157836914,1.269992470741272,48.44612503051758,-2.8453738689422607,-0.5239656567573547,44.41664123535156,-7.555037021636963,2.3957669734954834,29.912647247314453,-9.219001770019531,1.4205477237701416,30.151155471801758,1.7749381065368652,6.863251686096191,32.12308120727539,-5.472782135009766,3.778172731399536,29.35934066772461,4.405812740325928,6.223527908325195,38.106021881103516,-8.419563293457031,1.7842369079589844,30.057329177856445,-8.061776161193848,2.075087785720825,30.015140533447266,0.14183387160301208,7.730645179748535,27.34636116027832,-10.394514083862305,0.13440561294555664,31.41547393798828,-3.8925390243530273,-0.3150067925453186,41.63957595825195,-5.867705345153809,3.1842751502990723,29.62038230895996,-4.521104335784912,-0.010818183422088623,40.95510482788086,5.096283435821533,6.187726974487305,39.6795768737793,7.2919511795043945,5.669643402099609,44.32710266113281,-7.123843193054199,2.398655652999878,29.848344802856445,-2.1571197509765625,6.128852844238281,27.615270614624023,-7.404440879821777,0.14770454168319702,35.64478302001953,3.738356590270996,6.3384881019592285,36.770259857177734,6.137503623962402,5.834924697875977,41.165401458740234,-4.276247024536133,4.421799182891846,28.829566955566406,3.4427502155303955,6.286256790161133,35.981956481933594,4.1732940673828125,2.6588175296783447,47.670928955078125,-10.384031295776367,0.4158616065979004,31.091127395629883,-8.128519058227539,0.2726719379425049,34.402591705322266,-5.9041643142700195,-0.18588198721408844,38.06673049926758,-8.821678161621094,1.480794906616211,30.21295738220215,6.986685276031494,5.7151994705200195,42.902732849121094,-10.152857780456543,0.7505745887756348,30.64299201965332,7.321242332458496,5.6317901611328125,43.695350646972656,-4.702139377593994,4.484808921813965,29.250776290893555,2.437180995941162,6.517922401428223,33.56183624267578,-1.507674217224121,-0.3777801990509033,47.240962982177734,0.6126848459243774,0.3291015625,48.74263000488281,-1.4795998334884644,6.139794826507568,27.599727630615234,-1.996195912361145,-0.5496813058853149,46.28752136230469,-0.4017041027545929,-0.3731708526611328,48.90568923950195,1.1752068996429443,6.870328903198242,30.13875389099121,-4.590803146362305,4.151679039001465,28.958768844604492,5.609489917755127,5.882239818572998,40.029239654541016,7.270402908325195,4.449368953704834,47.07513427734375,-9.955061912536621,0.6352825164794922,30.525890350341797,8.314600944519043,5.458258152008057,45.53423309326172,-0.8169387578964233,-0.5472433567047119,48.48386764526367,0.026495307683944702,-0.17714309692382812,48.963138580322266,-1.2681937217712402,6.503063678741455,27.374225616455078,2.898503303527832,6.439852714538574,34.50083541870117,-5.3073530197143555,-0.04209709167480469,39.45915222167969,0.3055175244808197,7.33250093460083,27.76433753967285,2.2794463634490967,6.268336296081543,32.69853591918945,-6.9458489418029785,0.15499621629714966,36.48527526855469,-5.118544101715088,3.695904016494751,29.154863357543945,-4.798912525177002,-0.2498595118522644,40.36075210571289,-0.4206073582172394,7.03823184967041,27.230859756469727,3.256958246231079,6.252790927886963,35.26988983154297,4.821631908416748,2.6595749855041504,47.578765869140625,4.928297519683838,5.943513870239258,38.847923278808594,7.10938835144043,3.718282699584961,47.180076599121094,-3.2393853664398193,-0.6708709001541138,43.262596130371094,-6.305906772613525,2.9197354316711426,29.778175354003906,0.7430957555770874,7.0322675704956055,28.84302520751953,7.8665056228637695,5.450869560241699,44.48923110961914,-9.4476957321167,-0.13276958465576172,32.129417419433594,7.624477386474609,4.668797492980957,46.8797721862793,-2.6152102947235107,5.417735576629639,27.84084129333496,-3.215379238128662,4.820735454559326,28.51531982421875,-3.469729423522949,4.4988298416137695,28.56678009033203,9.166219711303711,5.415909767150879,46.31155014038086,-6.216808795928955,-0.15473908185958862,37.46688461303711,2.670496702194214,1.1697016954421997,48.358341217041016,3.359733819961548,1.270314335823059,48.08161544799805,2.214477062225342,0.8119093179702759,48.369667053222656,6.876335620880127,5.560901641845703,42.13347244262695,1.8865340948104858,0.49581408500671387,48.69784927368164,-8.905804634094238,-0.14199984073638916,33.04893112182617,1.740478515625,6.098055362701416,31.42867088317871,6.531260013580322,5.653388500213623,41.578826904296875,-9.152226448059082,0.596121072769165,30.429454803466797,-6.6815571784973145,2.2924351692199707,29.78620147705078,-3.05423903465271,-0.6328242421150208,43.80057907104492,-2.2145166397094727,-0.858911395072937,45.58803176879883,3.9697210788726807,5.996097564697266,36.66194152832031,8.134954452514648,4.788822174072266,46.561805725097656,-5.448160171508789,2.6677026748657227,29.459383010864258,-9.774174690246582,0.06809687614440918,30.98858070373535,1.4142963886260986,6.3522419929504395,30.851266860961914,4.790295600891113,5.724813461303711,37.93023681640625,-0.5279467105865479,6.52010440826416,27.46761703491211,-1.6341660022735596,5.461629867553711,27.877395629882812,-5.7557148933410645,2.4172744750976562,29.776567459106445,1.2797837257385254,-0.44865989685058594,49.16301345825195,5.730949878692627,2.8598899841308594,47.37079620361328,0.12092980742454529,6.543387413024902,27.839826583862305,-0.2727715075016022,-1.3828363418579102,49.537437438964844,6.241490840911865,5.372077941894531,40.382476806640625,3.534207344055176,5.822706699371338,35.17870330810547,-7.833667278289795,1.0919280052185059,30.212007522583008,-3.4218456745147705,-0.8278796672821045,42.41701126098633,0.8174803256988525,-1.1095962524414062,49.43888473510742,4.684841156005859,1.7737796306610107,47.68339920043945,2.8927085399627686,5.845403671264648,33.640777587890625,-9.60953426361084,-0.23960351943969727,31.40096092224121,-3.900043487548828,3.9433374404907227,28.778799057006836,-4.787926197052002,3.094175100326538,29.26335334777832,1.977504014968872,5.882415294647217,32.004661560058594,-1.1430600881576538,-1.5529890060424805,47.98609924316406,-0.6470500230789185,-1.2741963863372803,49.01576614379883,-6.110262870788574,2.228111743927002,29.74866485595703,-7.769952297210693,-0.19847095012664795,34.21650695800781,-1.6627709865570068,-1.305166482925415,46.922645568847656,3.949202299118042,5.753754138946533,36.07389831542969,7.462110996246338,5.257596492767334,42.7916145324707,8.786667823791504,4.720486164093018,46.4561653137207,5.289969444274902,2.2614850997924805,47.352783203125,-2.764911651611328,4.105755805969238,28.68186378479004,7.910299777984619,5.291579723358154,43.858768463134766,-6.855226039886475,-0.31504493951797485,35.904029846191406,2.463003158569336,5.686341762542725,32.80000686645508,-5.5014262199401855,-0.4411814212799072,38.414363861083984,4.341883182525635,5.6469268798828125,36.872745513916016,6.6041741371154785,5.1525139808654785,40.8724479675293,0.9265365600585938,6.040966033935547,29.4497013092041,-7.1943278312683105,-0.311309814453125,35.18928909301758,4.021653652191162,1.7313183546066284,47.93185806274414,-2.4309628009796143,4.743256568908691,28.192750930786133,3.436105251312256,0.676835298538208,48.20043182373047,5.499186038970947,5.477177143096924,39.11448669433594,-1.9551818370819092,-1.2116109132766724,46.162471771240234,8.561981201171875,5.158466339111328,44.906761169433594,6.5126237869262695,3.223637819290161,47.28961944580078,-6.519353866577148,1.55503511428833,29.961814880371094,-8.250932693481445,-0.4790153503417969,32.78007888793945,-7.582330703735352,-0.5499420166015625,33.78063201904297,1.3530712127685547,6.109019756317139,30.342517852783203,2.8475422859191895,0.6063648462295532,48.23720932006836,9.052325248718262,5.101353645324707,45.80375671386719,9.850215911865234,5.511519432067871,47.36083221435547,9.91309642791748,5.42138147354126,46.980506896972656,9.62057113647461,5.015586853027344,46.454994201660156,0.7596728801727295,-1.4686150550842285,49.64271926879883,8.368343353271484,4.402593612670898,47.10150909423828,-4.191076755523682,-0.9715553522109985,40.44932174682617,9.286763191223145,5.07865047454834,46.710670471191406,-0.8616477251052856,-1.3701040744781494,48.4122428894043,9.261331558227539,4.555529594421387,47.03040313720703,9.595503807067871,4.870565891265869,47.30844497680664,-0.31846240162849426,5.850500106811523,27.988563537597656,-9.167232513427734,-0.19400644302368164,31.15296173095703,-6.151419162750244,-0.5178278088569641,36.72747802734375,0.1520155370235443,5.719611167907715,28.43592071533203,0.5915817022323608,5.806194305419922,28.945098876953125,-4.985589027404785,-0.6145651340484619,39.06184768676758,6.151150226593018,2.2335026264190674,47.357234954833984,-2.298379898071289,-1.3196824789047241,44.9807243347168,2.1065802574157715,-0.06691932678222656,48.84588623046875,-8.271541595458984,0.28807806968688965,30.665964126586914,8.082769393920898,3.5932366847991943,47.02458190917969,-2.706726551055908,-1.4684423208236694,43.616004943847656,7.830193519592285,4.88824462890625,42.915931701660156,8.448965072631836,4.863365173339844,44.0644645690918,5.728738307952881,4.937887668609619,38.974021911621094,2.565080165863037,0.2688460350036621,48.54635238647461,1.3602423667907715,5.41630220413208,30.404403686523438,-6.73606538772583,-0.7303049564361572,34.86886215209961,-5.5635786056518555,-0.7353136539459229,37.47592544555664,-3.496222972869873,-1.1485772132873535,41.47233581542969,3.8973000049591064,0.7957488894462585,48.02240753173828,1.6559895277023315,-0.8187718391418457,49.204917907714844,-4.594621658325195,-0.9627013206481934,39.5005989074707,-0.9234203100204468,4.476352214813232,28.555458068847656,-2.932429552078247,3.413238525390625,28.910045623779297,-4.102027893066406,2.8716366291046143,29.238903045654297,-0.4912356436252594,-1.9254674911499023,48.98883056640625,4.806614875793457,5.071672439575195,37.167503356933594,7.2131123542785645,4.902227878570557,41.72343444824219,8.647639274597168,4.11474084854126,47.1534538269043,9.697637557983398,4.782537460327148,46.78995132446289,-8.266118049621582,-0.3926682472229004,31.885774612426758,8.8074951171875,4.6746063232421875,44.34824752807617,6.789433002471924,2.6207778453826904,47.23970413208008,-4.605870723724365,2.21022891998291,29.485227584838867,-0.1200501024723053,-2.1700000762939453,49.83171463012695,3.8329529762268066,4.992695331573486,35.037662506103516,3.0322377681732178,5.231360912322998,33.603431701660156,4.3156914710998535,5.175359725952148,36.26612854003906,-6.541318416595459,-0.7163412570953369,35.503211975097656,-7.997812747955322,-0.2457592487335205,31.25653839111328,8.270464897155762,4.5826849937438965,43.4182014465332,9.080451965332031,4.733649253845215,44.9631233215332,7.3417816162109375,3.051938772201538,47.185176849365234,-1.5456738471984863,4.377292633056641,28.613632202148438,-4.807677745819092,-1.0276789665222168,38.53675842285156,9.130594253540039,4.5002336502075195,45.31711196899414,2.106212854385376,-0.34955596923828125,48.770957946777344,-6.521032810211182,0.8533997535705566,30.343015670776367,4.783470153808594,1.085493803024292,47.69417953491211,-1.4089261293411255,-2.0058257579803467,46.94465637207031,1.9079363346099854,4.991536617279053,31.724584579467773,-0.23575010895729065,5.235919952392578,28.462345123291016,-4.971983909606934,1.9541362524032593,29.719287872314453,-6.044285774230957,-0.7893168926239014,36.29061508178711,-1.8982454538345337,-1.890276312828064,45.15398406982422,-0.6239639520645142,-2.4556939601898193,48.87263870239258,-6.870242118835449,-0.7198351621627808,34.22824478149414,-2.8820042610168457,-1.4251677989959717,42.93220138549805,-0.698921799659729,4.943243980407715,28.46263313293457,5.200718879699707,4.535546779632568,37.71942901611328,6.575184345245361,4.555999755859375,40.26835250854492,9.552970886230469,4.430183410644531,46.388214111328125,2.9021155834198,-0.14086365699768066,48.49114227294922,2.461986780166626,-0.46312904357910156,48.746402740478516,-6.549840450286865,0.3382549285888672,30.782482147216797,-4.33889102935791,-1.2249654531478882,38.97087860107422,-5.2347540855407715,1.525667667388916,29.891765594482422,-2.9262430667877197,-1.6456913948059082,42.28358840942383,9.352476119995117,4.04579496383667,46.4638671875,8.533862113952637,4.359169960021973,43.76814651489258,8.691286087036133,3.5779590606689453,46.68728256225586,5.723575115203857,1.7624871730804443,47.22669219970703,0.39760491251945496,-2.3673250675201416,49.7240104675293,7.83375883102417,4.203250408172607,42.422176361083984,7.492950439453125,4.403067111968994,41.892906188964844,-7.151474952697754,-0.7838343381881714,33.579586029052734,1.6801501512527466,-1.5374033451080322,49.25465774536133,-7.350076198577881,-0.69451904296875,32.647247314453125,-5.237603187561035,-1.0565650463104248,36.80656814575195,0.3250368535518646,4.926308631896973,29.18609619140625,-6.952329635620117,-0.206160306930542,31.301681518554688,-1.7625733613967896,3.470717191696167,29.08659553527832,-0.8737242221832275,-2.3507509231567383,48.1622428894043,-1.4738343954086304,-2.2894272804260254,45.73335647583008,4.189931392669678,0.43946242332458496,47.848785400390625,3.0241761207580566,-0.6060909032821655,48.460479736328125,9.670726776123047,4.216892242431641,46.04267120361328,2.190675735473633,-1.021355390548706,48.941402435302734,7.544468402862549,2.7181482315063477,46.8718376159668,-4.617941379547119,-1.1829018592834473,38.08905029296875,-3.280229091644287,-1.6285079717636108,40.82070541381836,2.4565436840057373,4.677507400512695,32.610286712646484,0.7491884231567383,-2.237027883529663,49.86958312988281,6.172471046447754,4.165098667144775,39.369789123535156,5.540914058685303,4.3039984703063965,38.27387237548828,9.348742485046387,4.281621932983398,45.71530532836914,-1.9031683206558228,-2.0299835205078125,44.24966812133789,2.6225929260253906,-0.9161880016326904,48.8148078918457,-0.841113805770874,-2.5945420265197754,47.76707077026367,0.08990594744682312,-2.6390480995178223,49.910438537597656,-0.21905377507209778,4.497781276702881,28.95842933654785,-3.416529655456543,2.196751594543457,29.59917449951172,-6.060422897338867,-1.0232969522476196,34.707664489746094,6.759679794311523,1.7885655164718628,46.82265853881836,-5.690607070922852,-1.0806682109832764,35.81794738769531,-0.09438875317573547,-2.9435434341430664,49.63770294189453,-2.267199754714966,-1.9376296997070312,43.2324333190918,0.7788959741592407,4.6467742919921875,29.930892944335938,4.633113384246826,4.248529434204102,36.42900848388672,-3.996678352355957,-1.398166537284851,39.51868438720703,9.140721321105957,3.794440746307373,45.07177734375,3.508052110671997,-0.03568220138549805,47.99605178833008,6.128694534301758,1.4924521446228027,46.96445846557617,1.5609749555587769,-2.0273871421813965,49.563636779785156,3.9923112392425537,4.453108310699463,35.126197814941406,-1.1640527248382568,-2.568504810333252,45.912391662597656,5.327496528625488,0.833052396774292,47.101688385009766,-2.9359419345855713,-1.72966730594635,41.62620544433594,7.176896095275879,3.8230018615722656,41.07959747314453,1.387886643409729,4.555915355682373,30.979145050048828,-4.43936824798584,-1.4063351154327393,37.52900314331055,-2.3955776691436768,-1.9496570825576782,42.72604751586914,-4.46968412399292,-1.3685210943222046,36.80510330200195,-1.1613094806671143,-2.4851901531219482,46.62541198730469,7.996192455291748,2.645289182662964,46.58835983276367,3.0635902881622314,4.472725868225098,33.634639739990234,-4.595993995666504,0.6861368417739868,30.660234451293945,1.7367868423461914,3.764533281326294,31.826221466064453,-0.41738584637641907,-2.874204635620117,48.73827362060547,8.507993698120117,2.9519708156585693,46.36109161376953,-0.5782949924468994,3.4672703742980957,29.63994789123535,-1.3337223529815674,-2.466726541519165,44.97343826293945,3.7985680103302,-0.24584543704986572,47.555755615234375,-3.441711187362671,-1.681867003440857,39.94383239746094,0.3674337565898895,4.175759792327881,29.679243087768555,1.9180089235305786,-1.700537919998169,49.226009368896484,8.715895652770996,2.9991018772125244,45.87090301513672,-3.9399826526641846,1.2219618558883667,30.235000610351562,9.344950675964355,3.469338893890381,45.79790115356445,0.7797884941101074,-2.8341760635375977,50.11250305175781,0.13695666193962097,-3.173316240310669,50.139854431152344,-6.411052703857422,-0.618293285369873,32.129112243652344,-0.05214837193489075,3.725454330444336,29.587976455688477,-5.931241035461426,-0.9633908271789551,33.71722412109375,7.2953643798828125,1.9216071367263794,46.579689025878906,-1.3166066408157349,-2.5362446308135986,44.53852462768555,4.278786659240723,0.1827368140220642,47.642154693603516,8.244020462036133,3.692457675933838,43.13831329345703,-5.881270885467529,-0.832406759262085,32.72733688354492,-4.094684600830078,-1.5013096332550049,38.22417068481445,6.4843268394470215,3.626720905303955,39.848358154296875,-1.6295098066329956,2.9062767028808594,29.527231216430664,-3.458303213119507,-1.740702509880066,39.06555938720703,5.077291965484619,3.565499782562256,37.23810958862305,3.5329558849334717,-0.816340446472168,48.017295837402344,2.296238660812378,-1.532670259475708,48.8880500793457,1.0353537797927856,4.015593528747559,30.81965446472168,3.643921375274658,3.9031219482421875,34.60515213012695,0.10009285807609558,-3.179954767227173,50.47293472290039,2.9065659046173096,-1.35416579246521,48.38399887084961,-0.6616408824920654,-2.84656023979187,47.15058517456055,4.74702787399292,0.07965028285980225,47.34747314453125,-5.7383646965026855,-0.23966073989868164,31.545076370239258,-2.76421856880188,1.8641358613967896,30.009241104125977,-5.001251697540283,-1.2752488851547241,35.53948211669922,8.72211742401123,3.1794443130493164,44.181793212890625,2.3491604328155518,3.5613298416137695,32.82284164428711,-4.970466136932373,-0.2135922908782959,31.631458282470703,-1.983068585395813,-2.3060858249664307,42.34815979003906,-1.4155185222625732,-2.4482131004333496,43.80265808105469,-0.11756303906440735,-3.050748825073242,48.670135498046875,1.3589295148849487,-2.588582754135132,49.5849609375,0.9112458229064941,3.7852253913879395,30.487926483154297,4.338545322418213,3.6143393516540527,35.8618049621582,6.012862205505371,1.0867770910263062,46.802642822265625,6.813516616821289,3.311959743499756,40.40793991088867,4.179319858551025,-0.45103955268859863,47.27272033691406,7.964659214019775,2.2597296237945557,46.17343521118164,5.726032733917236,3.594489336013794,38.54338455200195,-0.12459412217140198,3.1850569248199463,30.226390838623047,-0.271852046251297,-3.0555789470672607,47.72505569458008,0.5199199914932251,-3.2949371337890625,49.93510055541992,-5.368001937866211,-0.9854590892791748,33.463470458984375,-0.6489417552947998,-2.844669818878174,46.34291458129883,5.4550862312316895,0.35498809814453125,46.66599655151367,-2.2141456604003906,-2.221486806869507,41.64857864379883,1.8632956743240356,-2.3327529430389404,49.17238235473633,0.6141308546066284,-3.3108580112457275,50.325958251953125,8.94602108001709,2.8384110927581787,45.16817855834961,-2.511962890625,-2.1446526050567627,40.68110275268555,-1.5380654335021973,-2.3412997722625732,43.10484313964844,3.3252909183502197,-1.1478631496429443,47.974632263183594,0.14318081736564636,-3.789238929748535,50.52871322631836,-1.1866419315338135,2.2759032249450684,30.341920852661133,-2.788949489593506,-2.0524742603302,39.67808151245117,0.9863325357437134,-3.1137516498565674,49.22308349609375,7.664034843444824,2.760559558868408,42.135101318359375,6.013494968414307,0.6565308570861816,46.66343688964844,0.4838140904903412,-3.176133394241333,49.13337707519531,7.672660827636719,1.65385103225708,45.914573669433594,8.869452476501465,2.8561148643493652,44.830169677734375,6.595926284790039,1.0242602825164795,46.380950927734375,0.5331379175186157,-3.784247875213623,50.519649505615234,3.9680862426757812,-0.7989875078201294,47.498313903808594,1.3881765604019165,-2.9414706230163574,49.233219146728516,0.9119398593902588,-3.2373597621917725,49.71029281616211,1.8760720491409302,3.3831143379211426,31.93440055847168,8.163599967956543,2.7001466751098633,43.16201400756836,0.45941218733787537,3.081787586212158,30.97466278076172,2.1750147342681885,-2.423128366470337,48.63182830810547,8.180048942565918,2.130159854888916,45.325416564941406,-2.6562798023223877,1.2841522693634033,30.612966537475586,1.1298819780349731,3.28279972076416,31.192169189453125,-4.559689998626709,-1.090466856956482,33.835872650146484,-4.21103048324585,-1.369166612625122,35.16754150390625,-4.131659984588623,-1.4711031913757324,36.09602737426758,-3.8417351245880127,0.35049593448638916,31.23113441467285,-0.725334882736206,-2.792288303375244,45.366302490234375,4.740994453430176,-0.5912320017814636,46.656028747558594,-4.796409606933594,-0.8237776756286621,32.843505859375,0.10841348767280579,-3.272564172744751,47.22920608520508,0.602719783782959,-3.3103647232055664,48.0348014831543,3.220553398132324,3.1607093811035156,34.379661560058594,-3.149975061416626,-1.8417890071868896,37.76546859741211,7.203563690185547,2.621825695037842,41.36662292480469,2.7201128005981445,-1.8733205795288086,48.3122673034668,3.7149457931518555,-1.1836585998535156,47.54145050048828,-0.2676681578159332,2.558828353881836,30.730850219726562,5.546875,2.993267059326172,38.44145965576172,0.9333250522613525,-3.4822232723236084,49.24151611328125,3.0057079792022705,3.002495050430298,33.774227142333984,4.510352611541748,2.6813111305236816,36.41690444946289,-0.80386883020401,1.8444421291351318,31.038618087768555,3.0910232067108154,-1.7288312911987305,47.874061584472656,8.188464164733887,2.2268810272216797,44.80328369140625,1.5890921354293823,2.9339709281921387,31.889904022216797,-3.5322117805480957,-1.5960743427276611,36.48020935058594,5.9969868659973145,2.1945016384124756,39.42510223388672,8.455720901489258,2.4075353145599365,43.93561553955078,0.2486417591571808,-3.2550530433654785,46.30171585083008,7.108781814575195,1.0698105096817017,45.54188919067383,-3.5269737243652344,-0.11038863658905029,31.90952491760254,-1.7053842544555664,1.3052833080291748,31.079214096069336,-0.44109728932380676,-2.9166362285614014,44.3944206237793,-0.5531884431838989,-2.887948989868164,44.95149612426758,4.349355220794678,-1.0109800100326538,46.91267776489258,1.102139949798584,2.5436723232269287,31.999282836914062,0.5331311225891113,2.0256381034851074,31.923763275146484,6.038887023925781,0.22982317209243774,46.09529113769531,-0.8540782928466797,-2.749695062637329,43.49225616455078,-0.010783761739730835,2.0526652336120605,31.43580436706543,-2.2492313385009766,0.7525874376296997,31.38644790649414,2.3862383365631104,2.7756593227386475,33.09763717651367,8.152627944946289,2.0627875328063965,44.052616119384766,-1.7619394063949585,-2.44779634475708,41.09531021118164,-1.3175848722457886,-2.5584592819213867,41.713226318359375,6.556999683380127,2.0804319381713867,40.37654113769531,5.169875144958496,-0.48217013478279114,46.0218505859375,5.323919773101807,2.401798725128174,38.4375114440918,7.447566509246826,1.3735830783843994,44.63483810424805,1.9243364334106445,-2.9522364139556885,48.58134841918945,-3.571070432662964,-0.6603925228118896,32.973907470703125,-2.2732086181640625,-2.0410315990448,38.3920783996582,-0.8166009187698364,-2.5649917125701904,42.36170959472656,0.14718487858772278,-3.1761927604675293,45.59358215332031,-3.535795211791992,-1.1860392093658447,34.35667419433594,3.6939353942871094,2.7934203147888184,34.79112243652344,7.5490522384643555,1.883812665939331,42.40389633178711,2.237987995147705,-2.912490129470825,48.13027572631836,1.532019853591919,-3.071253776550293,48.32851791381836,1.1993975639343262,-3.460536003112793,48.45159149169922,-1.126570224761963,0.7929815053939819,32.05112838745117,3.7164535522460938,-1.6011022329330444,47.159034729003906,1.1906101703643799,2.0281167030334473,32.58171081542969,-2.38606858253479,0.11679017543792725,32.182891845703125,2.4147047996520996,2.42531156539917,33.7230339050293,-0.38907596468925476,1.4205864667892456,31.86870574951172,2.8145406246185303,-2.3658676147460938,47.660369873046875,-1.6723085641860962,-2.4281954765319824,40.02681350708008,-3.0486738681793213,-1.527369737625122,35.76318359375,-2.5545592308044434,-1.650808572769165,36.57406997680664,0.7765070199966431,-3.4439733028411865,47.35991668701172,0.8295236825942993,-3.56488299369812,48.01370620727539,-3.2530813217163086,-1.0621024370193481,34.064361572265625,4.688486099243164,2.3698153495788574,36.50751495361328,7.750317573547363,1.3506255149841309,43.52170944213867,3.7522454261779785,2.181352376937866,35.432884216308594,7.793429851531982,1.6607885360717773,42.967403411865234,6.653623580932617,0.505325198173523,45.310855865478516,6.919129848480225,0.6874473094940186,44.7435417175293,3.0362629890441895,-2.457716464996338,47.02939987182617,5.911167144775391,-0.18376275897026062,45.44145584106445,2.745561361312866,2.2029635906219482,34.549503326416016,-1.7456080913543701,-1.865457534790039,37.42892074584961,-0.1483040302991867,1.0538612604141235,32.525230407714844,-2.4682364463806152,-0.6425420045852661,33.533660888671875,1.679308533668518,1.706043004989624,33.55497360229492,2.4256250858306885,1.7090263366699219,34.53532791137695,-0.01826384663581848,-2.7554750442504883,42.36336898803711,0.7889686226844788,1.4276502132415771,32.889183044433594,1.0060867071151733,-3.297682285308838,45.513492584228516,1.7378653287887573,-3.1067707538604736,47.655033111572266,5.452554225921631,2.2169153690338135,38.19227981567383,4.842352867126465,-1.10227370262146,45.86697769165039,7.234536170959473,0.9756662845611572,43.69491958618164,0.07679784297943115,-2.935645818710327,43.58057403564453,1.1265450716018677,-3.4885787963867188,46.53691482543945,-1.4625215530395508,0.11016899347305298,32.79959487915039,-2.322726011276245,-1.0415091514587402,34.52556610107422,1.2621350288391113,-3.598714590072632,47.56946563720703,-0.37678903341293335,-2.5956833362579346,41.761741638183594,-1.6977860927581787,-0.3830609917640686,33.487632751464844,6.47105073928833,1.8672658205032349,39.974300384521484,1.1220875978469849,1.0028151273727417,33.796775817871094,-0.662551760673523,0.45727038383483887,32.88481903076172,3.6767375469207764,-2.1116085052490234,46.17295837402344,-1.5718201398849487,-1.2766988277435303,35.676856994628906,0.5301297903060913,-3.0815858840942383,44.28772735595703,4.173117160797119,-1.741270661354065,45.855472564697266,4.9453606605529785,1.8774476051330566,37.636016845703125,5.600471496582031,1.8008928298950195,38.820613861083984,7.228200912475586,1.7453433275222778,41.545352935791016,6.765269756317139,0.45641160011291504,43.8101692199707,4.267225742340088,1.861650824546814,36.373538970947266,5.807548999786377,-0.41746577620506287,44.87408447265625,1.6023428440093994,0.9587839245796204,34.4452018737793,-1.3075264692306519,-2.2550652027130127,38.83256912231445,0.1023038849234581,0.6266698837280273,33.2635498046875,-1.3930659294128418,-1.5628376007080078,36.631202697753906,-0.6067295670509338,-2.522695779800415,40.317317962646484,2.2874081134796143,1.1852788925170898,34.940162658691406,2.5061521530151367,-2.989133834838867,46.838924407958984,5.288262367248535,-0.7376316785812378,44.80572509765625,-1.015036940574646,-0.36818012595176697,33.956138610839844,-1.2876036167144775,-0.7294791340827942,34.543365478515625,2.851323127746582,1.208807349205017,35.596282958984375,2.0203137397766113,-3.0814504623413086,46.67400360107422,4.3102312088012695,1.5101470947265625,37.19295120239258,5.015290260314941,1.5103912353515625,38.69293212890625,-0.479383647441864,0.022221237421035767,33.70588684082031,4.315854072570801,0.8042504191398621,38.24648666381836,6.330824851989746,1.3530324697494507,40.22230911254883,3.5686445236206055,1.2808889150619507,36.37571716308594,1.5736643075942993,-3.3974218368530273,46.25212097167969,0.5641729831695557,0.33480358123779297,34.125579833984375,7.2652387619018555,1.1733460426330566,42.44206237792969,4.550521373748779,-1.5584796667099,45.237571716308594,2.6484291553497314,0.8361483216285706,35.824920654296875,4.965778350830078,0.8606634140014648,39.14769744873047,6.240361213684082,-0.010439932346343994,43.74565887451172,-0.6228162050247192,-0.8599290251731873,35.326393127441406,0.25754836201667786,-0.0879678875207901,34.613468170166016,1.3904216289520264,0.46507933735847473,34.934898376464844,1.4450361728668213,-3.215792179107666,45.02341842651367,3.0855178833007812,-2.6279025077819824,46.2341423034668,6.594333648681641,1.099347472190857,41.592796325683594,5.668854713439941,0.8787500858306885,40.065921783447266,-0.3028121590614319,-0.4216151237487793,34.72106170654297,-0.6839199066162109,-2.141231060028076,38.56172180175781,0.4228802025318146,-2.5433647632598877,41.196998596191406,1.7997525930404663,0.1870349496603012,35.8569450378418,0.04063108563423157,-1.0271587371826172,36.24912643432617,-0.6101441979408264,-1.547071933746338,37.03028869628906,6.721560001373291,0.5789600610733032,42.786746978759766,0.6957943439483643,-2.9488091468811035,43.33643341064453,4.9395294189453125,-1.1836665868759155,44.45303726196289,3.571016788482666,0.6263014078140259,37.3040657043457,5.713430881500244,-0.5146375894546509,44.036502838134766,0.25504621863365173,-0.5959467887878418,35.55550003051758,1.3582135438919067,-0.05798712372779846,35.68742752075195,2.1578269004821777,-3.0380263328552246,45.4619255065918,5.996978282928467,1.0069774389266968,40.45406723022461,2.7342610359191895,-2.861453056335449,45.925960540771484,4.401922225952148,0.2906845510005951,39.07688903808594,2.6282544136047363,0.31276240944862366,36.579898834228516,0.780404806137085,-0.2045270800590515,35.359825134277344,6.207435131072998,0.604469895362854,41.547420501708984,1.539797306060791,-2.9455127716064453,43.817344665527344,5.094648838043213,0.42718705534935,39.82616424560547,0.8957969546318054,-2.737107515335083,42.26261520385742,4.40608024597168,-1.645169973373413,44.75730895996094,3.7413623332977295,-2.1710872650146484,45.246131896972656,-0.1121397614479065,-1.7887660264968872,37.88774108886719,0.9059916734695435,-2.323432445526123,40.489967346191406,1.9612786769866943,-0.3416939973831177,36.90894317626953,5.681902885437012,-0.47714659571647644,42.96599578857422,0.3412078320980072,-1.33454430103302,37.22300720214844,5.611612319946289,-0.290984183549881,42.13616943359375,-0.09325605630874634,-2.0994515419006348,38.752628326416016,0.37055253982543945,-2.21636700630188,39.54086685180664,1.5076203346252441,-2.7349982261657715,42.62420654296875,2.991394281387329,-2.708198070526123,45.298973083496094,2.5863475799560547,-0.09597984701395035,37.22395324707031,1.0748035907745361,-0.7176609635353088,36.6233024597168,5.758072853088379,0.14107173681259155,41.45629119873047,5.138249397277832,-0.9951269030570984,43.465396881103516,2.327450752258301,-2.8979148864746094,44.54689025878906,3.414273500442505,0.04502701759338379,38.034141540527344,5.194097995758057,-0.008061118423938751,40.68086624145508,3.6173503398895264,-0.2850629687309265,38.9032096862793,1.2279987335205078,-1.1182276010513306,37.569732666015625,0.6553062796592712,-1.6189653873443604,38.08961868286133,4.205480575561523,-1.781569242477417,43.90618133544922,3.6657726764678955,-2.2073845863342285,44.358558654785156,2.3204472064971924,-0.5128006339073181,37.62384033203125,2.244232654571533,-2.671874523162842,43.33455276489258,1.4835439920425415,-2.454056978225708,41.3956184387207,1.1432427167892456,-1.865109920501709,39.2501335144043,2.964679718017578,-2.5914559364318848,44.15341567993164,4.465177059173584,-0.35803669691085815,40.170448303222656,4.606222152709961,-0.5834248065948486,40.77667236328125,4.808352470397949,-1.212641954421997,43.036808013916016,4.913585186004639,-0.6221805214881897,41.399105072021484,2.587214231491089,-0.8592132925987244,38.671875,1.6472407579421997,-1.3565757274627686,38.61933135986328,2.6907801628112793,-2.2267401218414307,42.18285369873047,3.7011094093322754,-0.588299036026001,39.52670669555664,2.448361873626709,-1.3230082988739014,39.45621871948242,1.853405475616455,-2.0751845836639404,40.54377746582031,3.2809221744537354,-2.194410800933838,43.05592727661133,2.4855799674987793,-1.9824988842010498,41.073848724365234,4.585965156555176,-1.121650218963623,42.0103759765625,2.2893881797790527,-1.6937495470046997,40.09171676635742,3.471245527267456,-1.0876774787902832,40.1365852355957,3.994957208633423,-1.6453657150268555,42.43699645996094,3.8296971321105957,-1.352738380432129,41.25321960449219
