1490283848.003754_4494.png,-1.0457056760787964,-2.863396644592285,42.81908416748047,-0.19018283486366272,-3.4918503761291504,43.71828079223633,-0.6793338060379028,-1.9523603916168213,44.094234466552734,-0.6144179105758667,-3.739283561706543,42.69379425048828,0.08769606053829193,-2.9422404766082764,44.5250129699707,0.7600606679916382,-3.361062526702881,45.18741989135742,0.6741235256195068,-4.214977264404297,44.39564895629883,1.286306381225586,-4.066328525543213,45.32277297973633,0.3730548620223999,-2.625429391860962,45.111785888671875,-1.3414942026138306,-1.8978464603424072,43.05195999145508,0.3040688633918762,-4.502111434936523,43.5176887512207,-1.5149774551391602,-0.9206165671348572,43.240699768066406,1.3069379329681396,-3.5955657958984375,45.63690948486328,-0.050861477851867676,-1.2001720666885376,45.13426208496094,-1.646397590637207,-2.175182342529297,42.231971740722656,0.26887911558151245,-5.032319068908691,42.701759338378906,1.3394805192947388,-4.996562480926514,44.575557708740234,-0.8035948872566223,-0.7348352670669556,44.33266830444336,1.109900951385498,-2.1948161125183105,46.13690948486328,0.7374560236930847,-2.24938702583313,45.70612716674805,0.5143548250198364,-1.5503817796707153,45.711517333984375,-1.4605517387390137,-3.2699058055877686,41.33138656616211,1.239862084388733,-5.465975284576416,43.93777847290039,1.6775860786437988,-2.739995002746582,46.4751091003418,-2.1381890773773193,-1.9629404544830322,41.261226654052734,-0.27608996629714966,-4.8594841957092285,41.69367218017578,-2.028587818145752,-1.0766174793243408,42.24070739746094,2.198899745941162,-4.556205749511719,45.834815979003906,2.257129430770874,-4.194215297698975,46.16944885253906,2.2870266437530518,-3.6363141536712646,46.55947494506836,-1.737080454826355,-0.10862472653388977,43.156089782714844,2.0586767196655273,-5.4345502853393555,44.961341857910156,-1.2681878805160522,-3.9135379791259766,40.640010833740234,1.1820886135101318,-5.925356864929199,43.2467041015625,-0.22704225778579712,-0.3569360375404358,45.0669059753418,-1.1045173406600952,0.13571101427078247,44.088462829589844,2.472397804260254,-5.085188865661621,45.59673309326172,1.7203789949417114,-2.157325506210327,46.71530532836914,-2.7630457878112793,-0.5350804924964905,41.17892837524414,1.0100892782211304,-1.2552258968353271,46.312705993652344,0.9208598136901855,-0.636885941028595,46.32647705078125,0.3475226163864136,-5.553598403930664,41.83927536010742,2.552609443664551,-6.098728179931641,44.83311080932617,1.9770524501800537,-6.338775157928467,43.94767379760742,-2.670830249786377,0.38818925619125366,41.76683044433594,1.5599244832992554,-1.6289458274841309,46.745033264160156,2.696845293045044,-5.560097694396973,45.473934173583984,2.700228214263916,-4.28784704208374,46.33205795288086,-2.65822434425354,-2.09725284576416,39.956298828125,-3.078948497772217,-1.0339698791503906,40.212646484375,2.2137539386749268,-2.833118438720703,46.83896255493164,-0.8977843523025513,-4.361870288848877,40.55975341796875,-1.5303709506988525,1.086702823638916,43.529579162597656,0.8851746320724487,-6.055971145629883,42.237979888916016,1.6204662322998047,-6.475597381591797,43.07709503173828,-3.400263547897339,-0.007509112358093262,40.404457092285156,0.24156305193901062,0.025976352393627167,45.60987091064453,-1.9428025484085083,-3.2620840072631836,39.84312057495117,-2.018097162246704,0.6517056822776794,42.81734848022461,2.747978687286377,-4.856031894683838,46.09004592895508,-0.6424169540405273,0.7555593848228455,44.65126419067383,3.0177228450775146,-3.1590635776519775,47.28959655761719,2.3061647415161133,-2.520603895187378,47.12787628173828,-3.412022352218628,0.9868205785751343,40.85452651977539,2.854546070098877,-6.824540615081787,44.448692321777344,2.1233339309692383,-7.017948627471924,43.2366828918457,2.930027484893799,-4.247091770172119,46.58137512207031,-2.7950475215911865,1.4906901121139526,41.82599639892578,-2.593644618988037,-2.8882346153259277,38.81239318847656,-3.4235808849334717,-1.4785981178283691,39.01082229614258,-4.068351745605469,0.09242156147956848,39.22160339355469,-4.000222206115723,1.0401201248168945,39.90314483642578,2.143488645553589,-1.5404322147369385,47.30590057373047,1.783759355545044,-0.8725012540817261,47.069095611572266,-0.1761019229888916,0.8375711441040039,45.15812683105469,3.181833505630493,-7.417484760284424,44.28406524658203,2.7663211822509766,-2.7199132442474365,47.334434509277344,-4.3381028175354,-0.2780196964740753,38.29750061035156,3.3194961547851562,-6.249354362487793,45.33604049682617,-2.1271398067474365,1.6607632637023926,42.6813850402832,3.3545424938201904,-5.370781898498535,45.99213790893555,3.5463719367980957,-5.044956207275391,46.33973693847656,1.4742307662963867,-6.726872444152832,42.07823944091797,3.7244021892547607,-4.496740818023682,46.74333190917969,2.4003634452819824,-0.9015677571296692,47.72561264038086,2.831728219985962,-1.7442176342010498,47.91748809814453,-3.730557680130005,-1.5969597101211548,38.04148864746094,-0.4113512337207794,-4.983911991119385,40.66887664794922,2.479684829711914,-7.462639331817627,42.9345588684082,-4.759449005126953,1.908015489578247,38.84491729736328,-0.968403160572052,1.9125926494598389,44.05550003051758,1.961341381072998,-0.20854833722114563,47.32061767578125,1.040494441986084,0.09371139109134674,46.45904541015625,3.151085615158081,-2.253878116607666,47.83616638183594,-1.3352543115615845,-4.197264194488525,39.507633209228516,3.271472930908203,-3.4802205562591553,47.26152038574219,-3.799689769744873,2.173508405685425,40.531349182128906,-4.906463146209717,0.36046886444091797,37.56748580932617,-1.581040620803833,-3.9934067726135254,38.62396240234375,-3.055727005004883,-2.6702287197113037,37.78763961791992,0.49855756759643555,-5.885691165924072,40.68226623535156,-4.907638072967529,1.2855782508850098,38.3040771484375,3.4149532318115234,-7.929052829742432,43.9556770324707,2.062467098236084,-7.246556758880615,41.77956771850586,3.867323637008667,-7.206512451171875,44.88790512084961,2.796074628829956,-1.1860415935516357,48.04740905761719,-4.42338228225708,-0.8047263622283936,37.343299865722656,-4.481414794921875,2.4012832641601562,39.426673889160156,1.2720324993133545,-6.567880630493164,41.14131546020508,3.658148765563965,-7.484116554260254,44.364479064941406,4.020364761352539,-6.34017276763916,45.512454986572266,0.5729525089263916,1.3128273487091064,45.75292205810547,-2.944020986557007,2.340941905975342,41.67348861694336,3.1478753089904785,-7.999728202819824,43.14829635620117,4.150264263153076,-5.602222442626953,46.0373420715332,-1.7294542789459229,2.284611225128174,42.98311996459961,-0.3962908387184143,1.8072246313095093,44.63885498046875,-5.457403182983398,2.327004909515381,37.68504333496094,-0.25987857580184937,-5.172248363494873,39.88331985473633,-5.611874580383301,1.2189364433288574,36.62827682495117,3.6142964363098145,-2.6298627853393555,47.89759063720703,3.182959794998169,-1.5688986778259277,48.15005874633789,3.3859434127807617,-1.1512670516967773,48.47140121459961,-2.1857457160949707,-3.5521225929260254,37.858177185058594,4.327957630157471,-4.775414943695068,46.62180709838867,3.98954701423645,-3.018418788909912,47.66617965698242,1.9143273830413818,0.48995891213417053,47.206756591796875,1.1405408382415771,1.0108094215393066,46.34768295288086,-3.552389144897461,-2.2255067825317383,37.008331298828125,-5.229477882385254,0.0195920467376709,36.097103118896484,0.1618759036064148,-5.536828517913818,39.77627182006836,-0.4054558277130127,-4.9429545402526855,39.04771041870117,4.121842861175537,-3.7579572200775146,47.20785140991211,3.7760367393493652,-1.8104867935180664,48.44822692871094,2.9531383514404297,-0.1408618688583374,48.28776550292969,-4.197380065917969,3.2499301433563232,39.9508171081543,-3.71779465675354,2.899552822113037,40.65569305419922,4.061262130737305,-7.92785120010376,44.19706726074219,-2.3432986736297607,2.7383596897125244,42.20647430419922,-4.406468391418457,-1.1920902729034424,36.500694274902344,-6.011379241943359,2.0508203506469727,36.30107116699219,3.807725667953491,-8.316519737243652,43.763275146484375,4.383134365081787,-7.111736297607422,45.050724029541016,-2.8021693229675293,3.3095381259918213,41.6400032043457,0.2829981744289398,1.8413673639297485,45.280914306640625,-0.9927632808685303,-4.536216735839844,39.078060150146484,2.7895216941833496,-7.835505485534668,41.63043975830078,3.4748055934906006,-0.6033508777618408,48.729217529296875,-5.082420825958252,3.2013120651245117,38.55463790893555,4.444225311279297,-2.593369483947754,48.09852981567383,3.8903956413269043,-0.9948605298995972,48.91730499267578,2.629335880279541,0.34341901540756226,47.886043548583984,4.049190044403076,-8.831277847290039,43.17619323730469,-4.829662322998047,-0.80843585729599,35.56328582763672,-5.861005783081055,0.9344868063926697,35.50619888305664,0.5846048593521118,-5.913454532623291,40.050838470458984,-1.2294321060180664,2.7631449699401855,43.433502197265625,-3.3788113594055176,3.8851218223571777,40.86724090576172,4.506887912750244,-6.142737865447998,45.69240951538086,-2.8397114276885986,-3.02020001411438,36.94240951538086,1.436558485031128,1.6942696571350098,46.296295166015625,4.822910785675049,-3.9870522022247314,47.04072952270508,0.9677227735519409,1.6329195499420166,45.92228317260742,3.4227254390716553,-8.385263442993164,42.3887939453125,1.0302340984344482,-6.232949256896973,40.076683044433594,-3.6556546688079834,-2.2747392654418945,35.706871032714844,4.64122200012207,-7.496546745300293,44.777000427246094,4.931802749633789,-8.807597160339355,43.791259765625,3.9002346992492676,-8.776219367980957,42.58523178100586,4.428171157836914,-8.116469383239746,44.24747848510742,4.472870349884033,-1.8738899230957031,48.660072326660156,-6.175525188446045,3.692077159881592,36.70215606689453,-4.63730525970459,3.980027675628662,39.25539016723633,-6.250848293304443,1.363135814666748,34.989173889160156,-0.8449469208717346,-4.562908172607422,38.22459030151367,4.749007225036621,-3.1384522914886475,47.65092849731445,-5.747921466827393,4.586604118347168,37.60920333862305,3.635624408721924,0.2546972632408142,48.77122116088867,3.9202499389648438,-0.42607587575912476,49.1279411315918,2.2632815837860107,1.3154047727584839,47.24931716918945,1.844756841659546,1.4496922492980957,46.75431823730469,-4.019135475158691,-1.9016060829162598,35.42866897583008,-4.5158233642578125,-1.3123475313186646,35.13248062133789,4.69523286819458,-9.111642837524414,43.483734130859375,4.943357944488525,-5.711253643035889,45.816436767578125,4.852962493896484,-5.186606407165527,46.263450622558594,1.5155894756317139,-6.7302470207214355,40.554141998291016,3.2245874404907227,0.40485477447509766,48.34962463378906,5.015876293182373,-8.012409210205078,44.40050506591797,4.963035583496094,-6.545635223388672,45.379425048828125,-5.528515815734863,-0.17496734857559204,34.455013275146484,-6.641251564025879,2.9214117527008057,35.142765045166016,-4.032235622406006,4.153172492980957,40.05376052856445,2.5200443267822266,-7.360752105712891,41.060306549072266,5.029435634613037,-8.478732109069824,44.00154113769531,4.7790303230285645,-0.4626430869102478,49.63511657714844,-4.290402412414551,4.602360248565674,39.63125991821289,-2.2432878017425537,-3.4855077266693115,36.89114761352539,-2.80649733543396,-3.0151329040527344,36.15464782714844,5.06459379196167,-3.4298174381256104,47.17822265625,-5.145280838012695,5.1635894775390625,38.469120025634766,4.945247173309326,-1.2479462623596191,49.17274856567383,2.1596221923828125,-7.141094207763672,40.608863830566406,-2.1293179988861084,3.3346288204193115,42.18291473388672,-6.766144275665283,1.8254194259643555,33.76089859008789,-1.3047760725021362,-4.198371887207031,37.565181732177734,-1.441104531288147,3.5465199947357178,42.68498229980469,4.302672386169434,-9.246777534484863,42.644954681396484,0.32461732625961304,-5.561391830444336,39.149658203125,5.201406002044678,-2.412324905395508,48.25132751464844,4.366506099700928,-0.330580472946167,49.37343215942383,4.373258590698242,0.2584385275840759,49.461307525634766,3.806628704071045,0.10829943418502808,49.10205841064453,0.6775336861610413,2.8679416179656982,44.93338394165039,4.8443403244018555,-9.569680213928223,42.8491096496582,-6.2583136558532715,0.6933746933937073,33.868141174316406,5.311604022979736,-7.0158514976501465,45.015628814697266,3.006883144378662,1.1663906574249268,47.83879470825195,0.07100522518157959,2.7480549812316895,44.52996063232422,-0.6540032625198364,3.3758864402770996,43.619056701660156,-2.7521774768829346,4.152993679046631,41.348480224609375,5.158980846405029,-4.557292461395264,46.580196380615234,-6.23269510269165,5.0149030685424805,36.80255126953125,5.352949142456055,-9.41598129272461,43.40053176879883,3.4510529041290283,-8.340578079223633,41.51720428466797,-4.764334201812744,-1.2409145832061768,33.963783264160156,1.6083447933197021,-6.613177299499512,39.86063003540039,3.39241361618042,1.0543437004089355,48.28079605102539,-6.690035343170166,4.834731578826904,35.7029914855957,-1.8764208555221558,-3.69997239112854,36.55888366699219,-3.175339937210083,-2.67842960357666,35.2330436706543,-3.687777280807495,4.943178176879883,40.146095275878906,1.2709215879440308,2.5749752521514893,45.554927825927734,5.705276966094971,-7.7373738288879395,44.466365814208984,-4.530898094177246,5.415024757385254,39.18144226074219,4.198008060455322,-8.815836906433105,41.81358337402344,5.248115539550781,-6.118868350982666,45.52204132080078,4.07503604888916,0.9649675488471985,48.84410095214844,2.0027947425842285,2.0755436420440674,46.393157958984375,-6.845717430114746,3.6193249225616455,34.66575622558594,0.26731979846954346,-5.3069539070129395,38.448768615722656,-2.4285178184509277,-3.1188254356384277,35.41757583618164,3.034651041030884,-7.785315990447998,41.00532913208008,-6.555312156677246,0.6238756775856018,32.81023025512695,-2.039754867553711,4.110777378082275,41.928260803222656,-0.3942168056964874,-4.694191932678223,37.81983947753906,-3.9679999351501465,-1.9616148471832275,34.3228874206543,4.772026062011719,-9.647807121276855,42.311370849609375,4.998424053192139,0.344540536403656,49.94654083251953,-3.183323383331299,5.20876932144165,40.4425048828125,-5.5991082191467285,-0.40526026487350464,33.20889663696289,5.484673500061035,-8.934182167053223,43.63149642944336,-6.961590766906738,2.854865074157715,33.27202224731445,5.64196252822876,-0.7324909567832947,49.61603546142578,-5.914407730102539,-0.21104294061660767,32.365074157714844,0.919854462146759,-5.887450695037842,39.07398986816406,-5.546856880187988,5.788520336151123,37.870452880859375,-2.905078649520874,4.880307197570801,40.78177261352539,5.5785369873046875,-1.6231639385223389,48.915958404541016,5.355156421661377,-3.9210047721862793,46.856224060058594,2.5629196166992188,2.1835641860961914,46.72327423095703,0.0023148953914642334,3.5745840072631836,43.92087936401367,5.32935905456543,-3.1984307765960693,47.35973358154297,2.4429569244384766,-7.178033351898193,40.24006652832031,-6.983707427978516,1.5489881038665771,32.196678161621094,-6.549788951873779,5.966214656829834,36.22347640991211,-6.923552989959717,4.436133861541748,34.1999626159668,3.3642005920410156,1.9146288633346558,47.59321594238281,-5.886723518371582,6.500875473022461,37.34241485595703,-3.6174674034118652,-2.292292356491089,34.642826080322266,3.6460132598876953,-8.041584014892578,40.6479606628418,4.885107040405273,0.6674589514732361,49.55493927001953,-0.666809618473053,-4.454184055328369,37.071380615234375,3.099256992340088,-7.396071434020996,40.547359466552734,4.8358306884765625,1.2203456163406372,49.226524353027344,1.9843463897705078,2.5606722831726074,45.977394104003906,-1.3094671964645386,-3.9742870330810547,36.436279296875,-4.025165557861328,5.865423679351807,39.514163970947266,4.190818786621094,1.5816304683685303,48.43671417236328,5.291769504547119,0.6225379109382629,50.09391784667969,3.18143630027771,2.0973610877990723,47.07514953613281,5.730983734130859,-3.456150531768799,46.86796188354492,5.737438678741455,-2.8885254859924316,47.58547592163086,5.7220683097839355,-7.060808181762695,44.905208587646484,5.688154220581055,-4.64472770690918,46.27628707885742,-0.9212080836296082,4.15443754196167,42.765769958496094,5.732222080230713,-10.176460266113281,42.499366760253906,5.825263977050781,-0.2418692708015442,50.02845764160156,4.024754524230957,-8.618446350097656,41.29351043701172,-6.6004791259765625,0.3897460103034973,31.771005630493164,-6.931789398193359,0.9838855862617493,31.521224975585938,5.614151954650879,-9.610847473144531,43.437049865722656,4.662201881408691,-8.968356132507324,41.212181091308594,-6.901723384857178,5.239133358001709,34.86390686035156,-2.0577688217163086,-3.4122941493988037,35.51643371582031,-5.0182600021362305,-1.002436637878418,32.96277618408203,1.9057643413543701,-6.545866012573242,39.32566833496094,0.8016668558120728,3.7325761318206787,44.2345085144043,-6.9513444900512695,2.5687642097473145,32.39663314819336,5.801390171051025,-10.081406593322754,42.9893913269043,6.172249794006348,-9.661763191223145,43.31393051147461,5.783109664916992,-4.130534648895264,46.546932220458984,5.921850681304932,-6.38215970993042,45.13753128051758,5.840757846832275,-2.047607898712158,48.38484573364258,5.941617012023926,0.16375857591629028,50.35314178466797,-1.2547098398208618,4.6915483474731445,42.04096221923828,-2.1398730278015137,4.877224445343018,41.37337875366211,-4.698586463928223,6.906982898712158,38.5523567199707,6.016106128692627,-8.399360656738281,43.88865661621094,5.144264221191406,-9.576559066772461,41.744014739990234,-5.210370063781738,6.796459197998047,38.08979797363281,5.14216423034668,-9.672197341918945,42.041194915771484,6.23297119140625,-0.9711255431175232,49.32937240600586,2.490557909011841,-7.018393516540527,39.9826774597168,0.5676975846290588,-5.235394477844238,37.773258209228516,5.829617023468018,-5.871885776519775,45.50777053833008,-6.910705089569092,4.274460792541504,33.25676727294922,5.826710224151611,-4.868628978729248,45.97225570678711,6.151135444641113,-1.6070539951324463,48.676204681396484,-3.1565825939178467,-2.559007406234741,34.22197723388672,-5.6557488441467285,-0.4784988760948181,31.84563636779785,5.881097793579102,-2.3782923221588135,47.9879264831543,-2.558008909225464,-2.8959503173828125,34.51882553100586,-4.1514458656311035,-1.7409802675247192,33.51854705810547,5.926740646362305,-5.467904090881348,45.485321044921875,1.292842984199524,-5.8385009765625,38.605899810791016,1.0019015073776245,-5.5157270431518555,37.86259841918945,-6.84181547164917,6.515530109405518,35.16953659057617,6.017941951751709,-8.954001426696777,43.431453704833984,0.12907786667346954,-4.776164531707764,37.358829498291016,1.3413434028625488,3.49397349357605,44.745906829833984,6.307037830352783,-10.583423614501953,42.45273971557617,-1.5510426759719849,-3.5733182430267334,35.380287170410156,6.1023335456848145,-7.550281047821045,44.342979431152344,-6.781408309936523,0.4591140151023865,30.82906150817871,5.788510322570801,-10.322627067565918,41.953678131103516,4.286369800567627,-8.621070861816406,40.934165954589844,-3.9382121562957764,6.860689163208008,39.08552551269531,2.691925048828125,-7.101766109466553,39.565818786621094,3.0963754653930664,2.4845476150512695,46.67157745361328,-0.29150280356407166,4.356679916381836,43.129234313964844,-6.48948335647583,6.858574390411377,36.27388381958008,6.2429914474487305,-0.5424804091453552,49.60721969604492,-1.3545641899108887,-3.765230655670166,35.7053337097168,-3.3644797801971436,6.143157958984375,39.84579849243164,6.116145133972168,-6.987642765045166,44.57950973510742,3.491274833679199,-7.358993053436279,40.04026412963867,5.692018508911133,1.162607192993164,50.15534210205078,-0.8836714029312134,-4.06007719039917,36.23244094848633,5.843047142028809,1.371976375579834,49.37547302246094,-6.217109680175781,7.7726969718933105,36.61924743652344,-5.6183695793151855,7.480103969573975,37.38752746582031,-6.863982677459717,3.888413429260254,32.34221267700195,-0.24112370610237122,-4.513308525085449,36.8062858581543,5.8654069900512695,-3.1820902824401855,47.10206604003906,5.839926719665527,-3.270233631134033,46.73638916015625,-2.6664443016052246,6.019561767578125,40.3556022644043,-7.008783340454102,1.951094388961792,31.310348510742188,-6.869014739990234,5.492195129394531,34.035037994384766,-6.774266719818115,3.359816074371338,31.898479461669922,3.941542625427246,2.305586338043213,47.42135238647461,2.3340399265289307,3.0206687450408936,45.593379974365234,-3.296391487121582,-2.233431816101074,33.3534049987793,5.994228839874268,-6.593088150024414,44.88178634643555,6.592487812042236,0.22727197408676147,50.385826110839844,6.294471263885498,-1.0846102237701416,48.97386169433594,-6.111031532287598,-0.06104785203933716,30.74420166015625,6.295949459075928,0.9596863389015198,50.75529479980469,6.429397106170654,-8.5139741897583,43.431339263916016,-6.815184116363525,4.771801471710205,33.772220611572266,6.072493553161621,-9.942193984985352,42.343605041503906,5.248143196105957,1.723728895187378,48.89522171020508,-6.631436347961426,7.241786956787109,35.41175842285156,2.1123149394989014,-6.283395290374756,38.67335891723633,-3.7186524868011475,-1.868889331817627,32.75482177734375,-4.445407390594482,-1.359692096710205,32.48992156982422,0.23349221050739288,4.279478549957275,43.37614440917969,6.0142388343811035,-9.82966136932373,41.875980377197266,-1.8799076080322266,-3.1549465656280518,34.74787139892578,6.511369228363037,-9.335245132446289,42.78449249267578,-2.160284996032715,5.82742166519165,40.6197624206543,6.299517631530762,-8.071563720703125,43.84817123413086,-7.007328033447266,0.9630270600318909,30.2182674407959,6.056111812591553,-2.305396318435669,47.77569580078125,0.7510845065116882,4.173439979553223,43.73458480834961,5.9898481369018555,-3.691563367843628,46.50897979736328,6.413172721862793,-0.231242835521698,49.89167404174805,5.9608330726623535,-2.8395943641662598,47.2166748046875,-6.657791614532471,0.24510043859481812,29.82313346862793,6.091285705566406,-4.918910503387451,45.660186767578125,3.680368423461914,2.708212375640869,46.54574203491211,-6.4476470947265625,7.84533166885376,36.02103805541992,6.122018337249756,-4.256141662597656,46.14079284667969,-1.8376421928405762,5.5930304527282715,41.0124626159668,6.288562297821045,-5.827486515045166,44.967796325683594,-4.980900764465332,-0.9602516293525696,31.805307388305664,-7.037604808807373,1.5035054683685303,30.426280975341797,-0.5736927390098572,4.7706170082092285,42.46858596801758,-1.3308031558990479,5.089195728302002,41.55195617675781,6.233623504638672,-1.2929677963256836,48.59428787231445,-6.6977949142456055,6.249202728271484,33.86287307739258,-4.885727405548096,7.74088191986084,37.932106018066406,5.179013252258301,-8.910992622375488,40.99005126953125,6.764072418212891,1.0047557353973389,50.87483596801758,4.523665428161621,2.319650411605835,47.72568130493164,4.850419998168945,2.0203943252563477,48.31258010864258,6.3579182624816895,-9.607284545898438,42.333045959472656,6.251559257507324,1.4180259704589844,50.354732513427734,1.7411848306655884,-5.692021369934082,38.05259704589844,0.5357125997543335,-4.7572712898254395,36.88773727416992,-5.714245796203613,8.254171371459961,36.97093963623047,-0.7633617520332336,-3.8841352462768555,35.6043586730957,4.6961846351623535,-8.403199195861816,40.65260314941406,6.4739251136779785,-7.129452228546143,44.30308151245117,-6.904677867889404,0.5912068486213684,29.40867042541504,6.601269721984863,-8.941691398620605,42.920372009277344,6.442216396331787,-6.439693450927734,44.59358596801758,6.2769455909729,-5.335091590881348,45.2354736328125,3.604804277420044,-7.159438133239746,39.63405227661133,-0.3753749132156372,-4.174002170562744,36.183597564697266,6.274885654449463,-2.535945415496826,47.312625885009766,6.170101642608643,-2.973600387573242,46.967811584472656,6.691105365753174,-0.18093961477279663,49.304195404052734,6.353218078613281,-1.8142368793487549,48.18229293823242,-6.571522235870361,5.117480278015137,32.78704071044922,-3.974696397781372,-1.5062463283538818,32.1131591796875,2.353163003921509,3.5046486854553223,44.880859375,-6.744232654571533,3.0638532638549805,30.905420303344727,-6.7566728591918945,6.914621829986572,34.76721954345703,-2.8859920501708984,7.187994003295898,39.4204216003418,6.505761623382568,-1.9201033115386963,47.78158950805664,6.727841377258301,-0.581736147403717,49.17305374145508,3.0185251235961914,-6.668648719787598,38.99618148803711,6.335453510284424,-3.864128351211548,46.12486267089844,-1.1219346523284912,-3.5379438400268555,34.973548889160156,6.666710376739502,-1.130368709564209,48.4835319519043,6.56357479095459,-1.477259874343872,48.1947135925293,6.159270763397217,-9.572378158569336,41.81407928466797,6.363034725189209,1.4426982402801514,49.80793380737305,-0.8946795463562012,5.758845329284668,41.10699462890625,6.4396538734436035,-3.14677095413208,46.35149383544922,-0.5905168056488037,5.303804874420166,41.91727066040039,-2.2895727157592773,-2.8188576698303223,33.937381744384766,-5.478213787078857,-0.4099985957145691,30.663421630859375,6.59831428527832,-2.070830821990967,47.38311004638672,6.665369987487793,-7.555740833282471,43.711517333984375,3.27258563041687,2.992035388946533,45.95093536376953,-0.18897105753421783,-4.193929195404053,35.94424057006836,-3.164292812347412,-1.9895662069320679,32.53615951538086,6.49623966217041,-4.979381561279297,45.19913864135742,0.4425770938396454,-4.511866092681885,36.404232025146484,-6.675642490386963,4.637852668762207,32.41203308105469,6.456423282623291,1.037848949432373,49.91703796386719,4.119206428527832,2.3947789669036865,46.95565414428711,1.6840112209320068,4.2044572830200195,43.89316940307617,6.682244777679443,-0.6991001963615417,48.78644943237305,-4.397278308868408,-1.1549699306488037,31.296417236328125,6.639111518859863,0.4645974040031433,49.851409912109375,-4.947990417480469,-0.7376171946525574,30.777128219604492,6.079922199249268,-4.684469699859619,45.51926040649414,2.139309883117676,-5.7721662521362305,37.97093963623047,-5.09672212600708,8.286564826965332,37.49859619140625,-6.5050153732299805,8.004620552062988,35.220916748046875,6.738675117492676,-7.75028657913208,43.066402435302734,-4.281436920166016,8.022242546081543,38.1639518737793,-6.319860935211182,8.915475845336914,36.04845428466797,4.5404887199401855,-7.616268157958984,40.03682327270508,6.521845817565918,-4.61199951171875,45.4293098449707,-2.3368735313415527,-2.51802659034729,33.3159065246582,-6.953046798706055,2.0821194648742676,29.853830337524414,6.820713043212891,0.43911832571029663,49.6711311340332,-6.2158966064453125,0.15802401304244995,29.36695098876953,-5.920849800109863,8.928112983703613,36.518863677978516,-6.439406394958496,8.680294036865234,35.654144287109375,6.724548816680908,-8.217638969421387,42.97211456298828,1.4810526371002197,-5.311134338378906,37.29656219482422,0.5453474521636963,4.705782890319824,43.01691818237305,6.07755184173584,-9.069014549255371,41.4979133605957,2.9615015983581543,-6.011716365814209,38.28569793701172,2.6421749591827393,3.3317525386810303,45.31535339355469,6.582858562469482,-4.005035400390625,45.819908142089844,-0.0014472529292106628,5.2362871170043945,42.286067962646484,6.606136322021484,-8.941852569580078,42.27436447143555,1.0129971504211426,-4.831151962280273,36.74386978149414,-6.537970542907715,4.416560173034668,31.8112735748291,-1.4968762397766113,-3.0424461364746094,34.25541305541992,-6.619505882263184,2.7602579593658447,29.871257781982422,-1.9158152341842651,6.768085956573486,40.04578399658203,6.426808834075928,-2.7356112003326416,46.69454574584961,5.437009811401367,-8.348798751831055,40.779457092285156,-5.420952796936035,-0.2976221442222595,30.040241241455078,6.04502010345459,1.8015270233154297,48.690940856933594,-6.891797065734863,1.7078239917755127,29.59337615966797,6.861128807067871,-6.748842716217041,43.9890251159668,6.616359710693359,-5.7463579177856445,44.31558609008789,6.740779399871826,-5.396850109100342,44.49815368652344,-6.727308750152588,0.3991456627845764,28.361173629760742,2.1138319969177246,3.929445266723633,44.338314056396484,-6.491624355316162,6.588868618011475,33.46468734741211,-6.2615885734558105,6.175729274749756,32.883182525634766,-6.333907127380371,6.997284889221191,33.84471130371094,-3.702017307281494,-1.430159330368042,31.558385848999023,-6.441394329071045,7.514710426330566,34.034141540527344,5.369539737701416,2.176267623901367,47.954376220703125,4.023681640625,-6.43936014175415,39.073692321777344,-3.3479108810424805,-1.7201426029205322,32.03355026245117,7.000829219818115,0.2065863013267517,48.916900634765625,6.7549285888671875,-2.1370184421539307,46.956668853759766,-2.34989333152771,6.987508773803711,39.74816131591797,-3.5608208179473877,7.936412334442139,38.48939895629883,0.1235794723033905,-4.043815612792969,35.69469451904297,-6.658088207244873,1.3032784461975098,29.196115493774414,6.916280746459961,-2.9373939037323,45.906776428222656,6.805185794830322,1.096364974975586,49.30195999145508,4.301992893218994,-6.874705791473389,39.56094741821289,-0.6475661993026733,-3.3416953086853027,34.56869888305664,6.713420867919922,-8.373088836669922,42.24225997924805,6.903446674346924,-7.0200066566467285,43.0454216003418,6.7806806564331055,-2.4833011627197266,46.089324951171875,-6.313547611236572,8.677657127380371,34.36241912841797,-6.400102138519287,3.9050989151000977,31.017776489257812,6.466685771942139,-8.35515022277832,41.53591537475586,-6.2133378982543945,10.029701232910156,35.621482849121094,-2.2538766860961914,-2.0845179557800293,32.54802322387695,1.3684115409851074,-4.6142425537109375,36.43276596069336,7.011783599853516,-0.6507810950279236,47.77825927734375,-1.165121078491211,6.471637725830078,40.39440155029297,-6.1881537437438965,9.473849296569824,34.63994598388672,-6.110058307647705,5.210480690002441,31.78168487548828,2.5202128887176514,-5.316052436828613,37.41157150268555,6.6744160652160645,1.5248887538909912,49.00011444091797,6.857870578765869,-4.727739334106445,44.7761344909668,6.885761260986328,-3.55582857131958,45.38445281982422,3.7147810459136963,-6.011934757232666,38.67829895019531,-4.959238052368164,9.532769203186035,36.793357849121094,-5.898062229156494,9.752853393554688,36.11946105957031,6.879866600036621,-2.2564544677734375,46.40707778930664,4.5828857421875,2.5703089237213135,46.58233642578125,-4.307967662811279,8.883912086486816,37.57902908325195,0.7351508140563965,-4.172555923461914,35.81450653076172,-3.9899187088012695,-0.9792025089263916,30.79547882080078,-6.468347549438477,1.1282525062561035,28.58462142944336,-6.074799060821533,4.483524799346924,31.353153228759766,6.951925277709961,-5.206840991973877,43.73406219482422,-4.818323135375977,-0.5323336720466614,30.121017456054688,3.3943545818328857,3.3576769828796387,45.29179763793945,3.243692398071289,-5.543514728546143,37.99610900878906,1.5975933074951172,4.493400573730469,43.38595199584961,0.19912371039390564,-3.7484521865844727,35.234352111816406,-2.4792113304138184,-1.7345129251480103,32.05149459838867,5.558102607727051,-7.277237892150879,40.30884552001953,3.9296112060546875,3.0476226806640625,45.78497314453125,-6.349388599395752,5.555182933807373,32.35374450683594,6.998075485229492,-6.069018840789795,43.62599182128906,-5.997110366821289,6.6906633377075195,32.690670013427734,-1.3766727447509766,-2.675588369369507,33.57320785522461,-3.785008192062378,8.465478897094727,38.05183792114258,-5.512121200561523,-0.017242729663848877,29.229936599731445,-6.473145008087158,3.368074417114258,30.342361450195312,7.067872047424316,-1.499326229095459,46.64630889892578,5.849310398101807,2.122403860092163,47.336605072021484,5.1582417488098145,2.5576374530792236,46.449951171875,4.846667289733887,-6.948184013366699,39.701168060302734,-6.043247222900391,6.9207444190979,33.23624801635742,-6.1463470458984375,0.3963654637336731,28.540742874145508,-7.554518699645996,0.7256999611854553,27.474002838134766,-7.190887928009033,0.5698643326759338,27.488643646240234,-6.5594377517700195,0.6761325001716614,27.829790115356445,-6.143959999084473,9.885650634765625,34.592491149902344,-6.837217807769775,1.8463985919952393,28.786415100097656,0.4160630404949188,5.696749687194824,41.570655822753906,-6.834340572357178,0.8552287220954895,28.100208282470703,-5.3802337646484375,9.550576210021973,36.45176696777344,-6.782261371612549,1.4524593353271484,27.96930694580078,-7.157999038696289,1.2699804306030273,27.632038116455078,6.71489953994751,-7.610106945037842,41.81623840332031,6.889555931091309,1.235762119293213,48.64048385620117,2.9264883995056152,3.7898426055908203,44.392425537109375,6.481769561767578,-7.382002830505371,41.239845275878906,6.067233562469482,-7.283471584320068,40.712181091308594,1.2342348098754883,4.854058265686035,42.71269226074219,-5.976136684417725,4.282763481140137,30.52105140686035,-2.810661792755127,7.986236095428467,38.64087677001953,-6.204208850860596,7.98392915725708,33.701602935791016,7.082011699676514,0.3506116271018982,47.968692779541016,-6.3243207931518555,2.5182793140411377,28.95387077331543,-1.6724470853805542,7.454868316650391,39.328956604003906,-3.8337011337280273,-0.7147154211997986,30.356155395507812,-4.675280570983887,-0.22088772058486938,29.489845275878906,-0.9218800067901611,-2.387166738510132,33.30258560180664,-6.118295669555664,7.432659149169922,33.38317108154297,5.20859432220459,-6.368228912353516,39.5731086730957,4.479647636413574,3.081444501876831,45.35538101196289,2.515747308731079,4.222436428070068,43.61964797973633,-0.2274489551782608,6.221417427062988,40.637203216552734,-5.8794755935668945,6.377392292022705,32.30784225463867,-6.090209484100342,8.894976615905762,33.934444427490234,1.1288666725158691,5.269927024841309,42.181175231933594,7.016351699829102,-6.051652431488037,42.052825927734375,7.163464069366455,-4.48923397064209,43.734867095947266,7.105434894561768,-3.5729448795318604,44.697410583496094,-5.474945545196533,10.211962699890137,35.87584686279297,0.3508090376853943,-3.252105951309204,34.63069152832031,-2.950355291366577,-1.2247235774993896,31.22944450378418,-6.680306434631348,2.0296149253845215,28.461801528930664,-6.681297779083252,1.0256857872009277,27.64161491394043,6.5113019943237305,1.5628418922424316,47.57351303100586,-4.754515647888184,-0.008335292339324951,29.050241470336914,-6.048330783843994,3.744527578353882,29.99541664123535,7.250588893890381,-2.7818734645843506,45.02164840698242,-5.966664791107178,10.774928092956543,35.28482437133789,2.0028913021087646,-4.114442348480225,36.05106735229492,2.927959442138672,-4.887874603271484,37.19175720214844,0.9608637094497681,-3.704801559448242,35.328636169433594,3.9837896823883057,3.370760440826416,45.02230453491211,6.953747749328613,1.0280275344848633,47.48563766479492,-4.010167121887207,-0.3102262616157532,29.76902198791504,-5.25376033782959,0.2140987515449524,28.65357780456543,-6.205439567565918,3.2289834022521973,29.544313430786133,6.9667134284973145,-5.77830696105957,42.62134552001953,1.9164639711380005,4.843246936798096,42.600982666015625,-5.393290042877197,0.5815262198448181,28.486745834350586,-5.976807594299316,8.165938377380371,33.67593002319336,7.17902135848999,-0.7331628203392029,46.45073699951172,-5.700822353363037,5.734696865081787,31.57845115661621,-3.884939432144165,9.383514404296875,37.222251892089844,4.459837436676025,-5.444647789001465,38.673309326171875,6.70884370803833,-6.883565902709961,41.53142166137695,7.178953647613525,-2.3540163040161133,45.278968811035156,3.447213888168335,3.734464645385742,44.34986114501953,-2.5710654258728027,8.428512573242188,38.12834167480469,-5.080950736999512,10.601463317871094,35.94874572753906,4.972054481506348,2.7534923553466797,45.63554000854492,-1.1690640449523926,7.087824821472168,39.663719177246094,6.836066722869873,-6.5308613777160645,41.93092346191406,0.26675695180892944,-2.6257846355438232,34.04075241088867,-1.645691156387329,-1.5899702310562134,32.12862777709961,-6.165741443634033,1.1195693016052246,27.82011604309082,-5.797767639160156,7.637743949890137,33.0093994140625,-5.854475498199463,8.149016380310059,33.32262420654297,7.130350112915039,-0.07504290342330933,46.29631805419922,1.7331081628799438,5.116946697235107,42.019081115722656,7.269001007080078,-1.8510522842407227,45.4249153137207,-0.524382472038269,6.914499282836914,39.82381820678711,-6.018257141113281,1.5177714824676514,27.935699462890625,-4.131128311157227,-0.008667409420013428,29.39992904663086,-5.9851975440979,2.1843199729919434,28.4461669921875,-5.635091304779053,4.694664478302002,30.889484405517578,-5.712138652801514,10.735800743103027,34.78263854980469,-3.0326662063598633,-0.44764554500579834,30.36261749267578,-2.7620439529418945,-0.8095296621322632,30.844287872314453,5.5004119873046875,2.518433094024658,46.047279357910156,-5.701526641845703,9.484245300292969,33.78892135620117,6.172801971435547,1.9834544658660889,46.4696159362793,3.273534059524536,4.020369529724121,43.413665771484375,6.3697638511657715,-6.384748458862305,40.77619934082031,6.99815559387207,0.7481524348258972,46.477500915527344,7.104625225067139,-4.743010997772217,42.57937240600586,-4.600278377532959,10.190433502197266,36.3707275390625,-2.755241632461548,8.953831672668457,37.52399444580078,-5.500405311584473,6.486289978027344,32.012603759765625,-5.485321998596191,7.956562042236328,32.82771682739258,-5.751440048217773,1.065983772277832,27.754974365234375,-5.706353664398193,8.769257545471191,33.45151901245117,-5.736993312835693,3.2662580013275146,29.37154769897461,2.3851428031921387,4.668344974517822,42.49956130981445,0.5993055701255798,6.183374404907227,40.508216857910156,3.992739677429199,-4.849459171295166,37.89124298095703,-5.870757579803467,10.621427536010742,34.43115997314453,-0.7359006404876709,-1.673243522644043,32.66504669189453,-0.005233466625213623,-2.224715232849121,33.54889678955078,-5.560214519500732,0.9177706837654114,28.150571823120117,-1.766039252281189,8.03940486907959,38.322914123535156,-5.624582290649414,8.502996444702148,33.08265686035156,-4.136704444885254,10.155753135681152,36.394229888916016,-5.73063325881958,11.134347915649414,34.99260330200195,6.751650333404541,-6.029731750488281,41.285736083984375,7.2857818603515625,-3.0193324089050293,43.85114669799805,4.849350929260254,3.046969175338745,44.69929122924805,-5.22463846206665,4.17917013168335,29.993255615234375,4.032844066619873,3.610442638397217,44.0759162902832,-5.35048246383667,11.272214889526367,35.186370849609375,-1.044055461883545,7.498296737670898,38.92437744140625,5.985402584075928,-5.8700714111328125,40.12334060668945,1.411722183227539,-2.9650442600250244,34.84305953979492,1.4320305585861206,5.4676923751831055,41.53582763671875,-4.777798652648926,1.000899076461792,28.425640106201172,-5.404216289520264,7.121857166290283,32.55960464477539,-5.225154399871826,4.6568756103515625,30.52025604248047,-5.669820308685303,10.073856353759766,33.75563049316406,2.2678730487823486,-3.6805942058563232,35.79426574707031,-2.702068328857422,9.192521095275879,37.141761779785156,-5.023573875427246,5.463749885559082,31.15576934814453,0.0497891902923584,6.6193461418151855,39.97384262084961,-1.7996227741241455,-0.7187405824661255,31.248443603515625,5.2621026039123535,-5.377066135406494,39.279693603515625,2.9829258918762207,4.48806619644165,42.42461013793945,-0.6450077295303345,7.260951042175293,39.164127349853516,3.5360045433044434,4.065199375152588,42.62873458862305,-3.3210034370422363,9.520830154418945,36.98530960083008,-5.422338485717773,3.0486512184143066,28.992916107177734,3.3558857440948486,-4.279131889343262,37.037498474121094,7.216093063354492,-0.9289972186088562,44.502750396728516,5.0890092849731445,-4.373688697814941,38.62484359741211,-4.704919815063477,10.803805351257324,35.71736145019531,-5.371634006500244,2.5464437007904053,28.601940155029297,6.78221321105957,-4.743723392486572,41.31257629394531,-2.028903007507324,8.636456489562988,37.53978729248047,-4.898868083953857,6.968116283416748,32.35124206542969,1.3156442642211914,5.782177925109863,40.8599739074707,6.424830436706543,-5.529457092285156,40.50461196899414,-5.558266639709473,9.535086631774902,33.542137145996094,-4.98716402053833,2.183311700820923,28.524181365966797,7.303496837615967,-1.7597031593322754,44.05489730834961,-5.145047664642334,1.606576681137085,28.009777069091797,-5.707833290100098,11.219969749450684,34.25301742553711,-5.592560291290283,11.671403884887695,34.8115119934082,6.635058879852295,1.3905324935913086,45.70097732543945,6.72300386428833,-5.114264965057373,40.85938262939453,5.61820125579834,2.417288303375244,44.81599807739258,-5.056071758270264,3.799272060394287,29.556270599365234,-1.6384234428405762,8.446065902709961,37.61429977416992,-5.174243450164795,6.551533222198486,31.93604850769043,-3.2613608837127686,0.24536609649658203,29.72269058227539,6.336597919464111,1.7524566650390625,45.01957321166992,2.517956256866455,4.857940196990967,41.916595458984375,-0.7681723237037659,-1.0642457008361816,32.17086410522461,7.100338935852051,-4.087634563446045,42.261688232421875,2.0507545471191406,5.346621513366699,41.072120666503906,1.21421480178833,-2.093276023864746,34.122310638427734,-4.955913543701172,7.74417781829834,32.41047286987305,-5.350090980529785,9.116254806518555,33.283878326416016,5.674829483032227,-4.946049213409424,39.572174072265625,2.975682497024536,-3.4432578086853027,36.16578674316406,-5.8584723472595215,11.870762825012207,34.768028259277344,-4.992409706115723,8.536297798156738,32.84326171875,-3.476780652999878,9.966575622558594,36.32719802856445,-4.8310699462890625,6.347290515899658,31.53952407836914,6.944217681884766,0.5917688012123108,45.25001907348633,7.220125198364258,-2.7000057697296143,43.07783126831055,4.439285755157471,3.4296436309814453,43.44923400878906,-3.743591785430908,1.1036717891693115,28.940786361694336,4.473909854888916,-3.8213603496551514,37.772708892822266,6.936088562011719,0.41806477308273315,44.496646881103516,-0.09069211781024933,7.225466728210449,38.8015251159668,-1.1123721599578857,7.994826316833496,37.894813537597656,-4.5159912109375,10.827162742614746,35.41825485229492,-5.37425422668457,10.582134246826172,33.8581657409668,6.0641632080078125,-4.915195941925049,39.733367919921875,2.2116875648498535,-2.7007946968078613,35.160728454589844,-4.866856098175049,4.9182353019714355,30.60678482055664,-0.996029257774353,-0.591677188873291,31.67555809020996,-4.513171195983887,6.87393045425415,32.02025604248047,-4.865307807922363,3.1318747997283936,29.060775756835938,0.21841716766357422,-1.563064455986023,33.198890686035156,6.525972843170166,-4.314584732055664,40.696468353271484,-3.773200273513794,10.34795093536377,35.78652572631836,-5.31874418258667,11.553929328918457,34.47298049926758,5.890081882476807,2.1468136310577393,44.3311882019043,-2.8311803340911865,9.51445484161377,36.50407409667969,-4.37928581237793,5.56695556640625,31.06147003173828,0.39525458216667175,6.831619739532471,39.19990921020508,-5.1460490226745605,10.019438743591309,33.509803771972656,-5.6122965812683105,11.75832748413086,34.288726806640625,-4.307430744171143,1.860931634902954,28.4427490234375,1.0932567119598389,6.313011646270752,39.723785400390625,-0.6302775144577026,7.555922508239746,38.1920280456543,-4.7459282875061035,8.036941528320312,32.5687370300293,-5.537557601928711,12.371989250183105,34.61976623535156,6.8670196533203125,-3.254051685333252,41.54899978637695,1.8126411437988281,5.757136344909668,40.23833465576172,-4.810764789581299,10.894335746765137,34.219547271728516,-1.9648422002792358,0.5781549215316772,30.370410919189453,-4.500478267669678,5.181062698364258,30.57243537902832,-4.7520623207092285,11.025460243225098,34.71333312988281,-4.328285217285156,3.5438385009765625,29.30826759338379,-4.055414199829102,1.6797764301300049,28.59798812866211,-4.434817314147949,4.581538677215576,30.135963439941406,-5.4944963455200195,12.260981559753418,34.248287200927734,-4.508182048797607,7.329176902770996,32.11671447753906,-4.881040573120117,10.658617973327637,33.85793685913086,-5.13424015045166,11.281333923339844,34.15804672241211,5.242526054382324,-4.048730850219727,38.40708541870117,-2.7000186443328857,1.0639091730117798,29.64149284362793,6.047278881072998,-3.9713668823242188,39.94500732421875,-4.629485130310059,9.709938049316406,33.32297134399414,-4.08937406539917,2.708282709121704,29.032243728637695,7.092222690582275,-1.9354479312896729,42.74375534057617,5.820958137512207,-4.185241222381592,39.281471252441406,5.735101699829102,2.224547863006592,43.45197296142578,4.870781898498535,3.091113567352295,42.76306915283203,4.19709587097168,3.665134906768799,42.45415496826172,7.033835411071777,-0.544883668422699,43.593505859375,-2.0893640518188477,8.952176094055176,36.81374740600586,-3.8813724517822266,6.49623441696167,31.603578567504883,6.346518516540527,1.526094913482666,43.9522590637207,-3.2104876041412354,10.14535140991211,35.503929138183594,-3.782723903656006,10.492037773132324,34.835269927978516,3.553917169570923,-2.8705146312713623,36.51056671142578,3.1803205013275146,4.62583065032959,41.064414978027344,-1.3142480850219727,0.3827126622200012,30.97071647644043,-4.645849704742432,8.955726623535156,32.95905303955078,-4.339779853820801,7.723370552062988,32.2903938293457,6.479855060577393,-3.5027642250061035,40.61944580078125,0.6384824514389038,-1.0973941087722778,33.30208969116211,-4.612323760986328,11.209674835205078,34.2093620300293,4.110185623168945,-3.0245347023010254,36.83395767211914,2.3382949829101562,-1.7008156776428223,34.72231674194336,6.604097366333008,-2.6273210048675537,40.95222473144531,-4.344430923461914,8.501771926879883,32.7276496887207,-3.7286112308502197,2.3404617309570312,29.161102294921875,5.515819072723389,-3.6432533264160156,38.623802185058594,4.023770332336426,3.819824457168579,41.76962661743164,0.37069326639175415,-0.039032407104969025,32.51702117919922,-3.1157290935516357,1.6471977233886719,29.135160446166992,-2.4657130241394043,9.581153869628906,35.58878707885742,-3.7402801513671875,3.946645736694336,29.846742630004883,6.796223163604736,0.11276322603225708,43.061767578125,6.801642894744873,-1.9427570104599,41.725154876708984,-1.210694432258606,8.437843322753906,36.74887466430664,-1.6840389966964722,8.75301742553711,36.73069763183594,-3.876577138900757,7.072642803192139,31.85491180419922,5.61137056350708,-3.1467437744140625,39.00559616088867,5.922253131866455,-2.6301937103271484,39.489707946777344,-3.790947914123535,5.197061061859131,30.6151180267334,-0.6297533512115479,7.914313316345215,37.381927490234375,6.242101192474365,-2.779470205307007,40.130088806152344,6.829694747924805,-1.1934163570404053,42.090309143066406,4.7237677574157715,-3.057842493057251,37.551856994628906,-3.0349907875061035,2.0638129711151123,29.34568214416504,1.0165350437164307,6.585766792297363,38.86023712158203,0.6325117349624634,6.899178504943848,38.27217483520508,-0.2663485109806061,0.4315197467803955,31.739442825317383,-3.3965721130371094,5.946579933166504,31.35687255859375,0.9701133966445923,-0.5737135410308838,33.425941467285156,-3.16180157661438,3.115535259246826,29.780302047729492,-4.300396919250488,10.165812492370605,33.49391555786133,6.267290115356445,1.1485283374786377,42.770599365234375,2.8848609924316406,4.900924205780029,40.04555130004883,0.16795828938484192,7.132390975952148,37.638641357421875,-1.9566426277160645,9.153190612792969,35.86384963989258,5.477370262145996,2.3205976486206055,42.33256530761719,3.489908456802368,-2.476186752319336,35.903358459472656,-1.6713156700134277,1.4501303434371948,30.28291130065918,-3.93229341506958,9.802509307861328,33.30435562133789,-4.066799640655518,10.222526550292969,33.91130828857422,-3.967446804046631,10.685433387756348,34.14189910888672,6.386196136474609,-1.1510028839111328,40.86339569091797,-3.786541700363159,7.841155052185059,32.314022064208984,5.460355281829834,-2.439812421798706,38.70511245727539,6.5565290451049805,-0.21395915746688843,41.93758010864258,4.434507846832275,-2.4420034885406494,37.32438278198242,6.233247756958008,-1.9411051273345947,40.29470443725586,-3.8234903812408447,8.959319114685059,32.94489288330078,1.8677253723144531,5.955066204071045,39.026947021484375,4.604137897491455,3.241887092590332,41.48359298706055,4.078423500061035,3.6592471599578857,40.800689697265625,-3.1468944549560547,10.1784086227417,34.80559158325195,-3.5924246311187744,10.622191429138184,34.583255767822266,5.665612697601318,1.986764907836914,42.14856719970703,2.4682624340057373,-1.4510245323181152,34.482139587402344,-2.2285187244415283,2.43798828125,29.74629020690918,3.3456923961639404,-1.6522142887115479,35.603092193603516,-1.9651310443878174,1.8745547533035278,29.882238388061523,-3.2662594318389893,4.38399600982666,30.250743865966797,-2.8944520950317383,3.8563718795776367,30.156505584716797,-3.2427456378936768,8.624459266662598,32.865360260009766,-3.0359396934509277,5.195294380187988,30.826841354370117,3.9387428760528564,-1.8951098918914795,36.77933120727539,3.6029536724090576,4.090668678283691,39.79121017456055,5.949929714202881,-1.350634217262268,39.85361862182617,5.919038772583008,1.1558388471603394,41.58377456665039,4.922098636627197,-1.7740987539291382,37.958858489990234,4.211080551147461,-1.4288079738616943,37.01369857788086,0.3589440882205963,7.074974060058594,36.842491149902344,5.530677318572998,-1.6897907257080078,38.92633056640625,-1.7352070808410645,8.98011589050293,35.03928756713867,-3.4870524406433105,9.823747634887695,33.86563491821289,1.2884883880615234,-0.5970454812049866,33.33128356933594,-2.9377501010894775,6.436673164367676,31.61197280883789,-2.195939540863037,2.965268611907959,30.143203735351562,-0.49753111600875854,7.8666253089904785,36.4389762878418,-2.427936315536499,9.666279792785645,34.65503692626953,6.159444808959961,-0.10885012149810791,40.905792236328125,5.377340316772461,1.9824624061584473,41.15078353881836,-3.1743338108062744,10.289702415466309,34.26655960083008,0.7093574404716492,6.709290981292725,37.3519172668457,5.878602981567383,0.7236353158950806,40.89485549926758,0.17293313145637512,0.39973852038383484,31.883134841918945,5.09035062789917,-0.9385071396827698,38.32895278930664,5.965107440948486,-0.545347273349762,40.171356201171875,-2.699810743331909,7.708969593048096,32.50398635864258,4.671372413635254,2.6094837188720703,40.124576568603516,-0.9310638308525085,8.254995346069336,35.81600570678711,-2.6162805557250977,7.110517501831055,32.15870666503906,1.8838474750518799,-0.5040634870529175,33.89592361450195,1.0476913452148438,0.04107759892940521,32.97833251953125,-0.9350184798240662,1.168064832687378,30.77027130126953,-2.0268707275390625,3.56233549118042,30.48678207397461,2.834699869155884,-1.013310432434082,34.83959197998047,-2.454275608062744,5.092918872833252,31.022926330566406,4.6460137367248535,-0.6702615022659302,37.70956039428711,2.755751371383667,5.061367034912109,38.982547760009766,5.638070106506348,-0.6696428060531616,39.37465286254883,4.096108913421631,3.317420482635498,39.685829162597656,1.7975480556488037,5.911818027496338,37.921512603759766,4.1843085289001465,-0.7544397115707397,36.97108840942383,-2.8281943798065186,9.07774543762207,33.33693313598633,-2.261474847793579,5.444018363952637,31.488109588623047,5.563262939453125,0.7926819920539856,40.1321907043457,5.281063079833984,1.4748122692108154,40.200950622558594,3.702089309692383,-0.5572270154953003,36.27998733520508,-2.6899781227111816,9.186511993408203,33.827674865722656,2.3925209045410156,-0.2929123044013977,34.552635192871094,1.2637630701065063,0.35311686992645264,33.525211334228516,5.585073471069336,0.20532889664173126,39.7365837097168,1.9696191549301147,0.847061276435852,34.19225311279297,0.26564738154411316,0.9802601933479309,31.880571365356445,3.1077914237976074,-0.37024080753326416,35.42026901245117,-2.2099215984344482,9.319501876831055,34.306400299072266,5.16812801361084,-0.08238712698221207,38.68480682373047,-1.3088470697402954,2.1071228981018066,30.437009811401367,-2.1933188438415527,6.525069713592529,31.968969345092773,3.7201220989227295,-0.08294230699539185,36.363922119140625,1.2805919647216797,1.1315090656280518,33.366363525390625,-1.7507463693618774,4.032986640930176,30.933866500854492,4.798738956451416,1.83762526512146,39.3596305847168,4.998373031616211,0.6022297739982605,38.800010681152344,4.526281833648682,0.04664483666419983,37.722496032714844,-1.3484591245651245,8.529111862182617,34.74504852294922,-2.501417636871338,8.305665969848633,32.97773361206055,-0.6529935598373413,1.870834469795227,31.2681941986084,0.605973482131958,1.4417665004730225,32.47956466674805,5.054468154907227,1.072178602218628,39.26142501831055,2.9667251110076904,4.658205986022949,38.46471405029297,1.209179401397705,6.145917892456055,36.724273681640625,3.9949593544006348,0.669960081577301,37.071189880371094,4.226440906524658,2.30723237991333,38.48127365112305,3.845682382583618,3.3211097717285156,38.843360900878906,-1.2859920263290405,2.9101147651672363,30.786827087402344,-0.23306861519813538,7.579846382141113,35.89976501464844,-1.7498722076416016,5.692515850067139,31.83662223815918,2.7541956901550293,0.6606929302215576,35.10017395019531,-1.7366670370101929,4.7304887771606445,31.29408073425293,4.546440601348877,1.5261309146881104,38.50397872924805,4.23178243637085,0.8852956295013428,37.496952056884766,-1.7334058284759521,8.44493293762207,33.98564529418945,0.25239497423171997,1.4695091247558594,32.09359359741211,-2.1516032218933105,8.411514282226562,33.35100173950195,1.6190149784088135,1.6903804540634155,33.836421966552734,3.4250521659851074,0.7541678547859192,36.12620162963867,4.523007869720459,0.9708926677703857,38.105655670166016,-0.36182036995887756,2.3381214141845703,31.573993682861328,-0.5354235768318176,7.622726917266846,34.97760772705078,1.0081851482391357,1.816176176071167,33.01729202270508,0.5194661617279053,6.765470504760742,35.99135208129883,-1.772481083869934,6.365411281585693,32.20653533935547,-1.9174411296844482,7.225780010223389,32.64940643310547,3.3532440662384033,3.856718063354492,38.127620697021484,1.6918647289276123,5.45408821105957,36.45960998535156,3.483755350112915,1.628245234489441,36.58878707885742,-0.9065203070640564,4.116235733032227,31.580333709716797,3.6602730751037598,3.01090669631958,37.9177360534668,-0.360712468624115,3.527904510498047,31.870445251464844,2.8481268882751465,4.576347827911377,37.85948181152344,2.3336312770843506,4.983938694000244,37.211971282958984,0.29008278250694275,6.803962707519531,35.319801330566406,-1.7158260345458984,7.875850677490234,33.2743034362793,3.1484999656677246,1.444914698600769,35.95293426513672,3.846768856048584,1.9992001056671143,37.44866943359375,-0.05895689129829407,2.771531343460083,31.955307006835938,-1.0526026487350464,4.944510459899902,31.905733108520508,-1.0683422088623047,7.783031940460205,34.058258056640625,2.4997642040252686,1.565506935119629,34.99046325683594,0.5930622816085815,2.607545852661133,32.654998779296875,2.0211222171783447,2.254594326019287,34.54153060913086,3.343125343322754,2.799891710281372,37.01868438720703,3.167562961578369,3.63348126411438,37.36983108520508,-1.0313796997070312,6.054349899291992,32.57703399658203,-1.1941277980804443,6.7826972007751465,32.92383575439453,3.0495922565460205,2.0654354095458984,36.0505256652832,-0.24177145957946777,6.954718589782715,34.45633316040039,1.1029731035232544,5.907777786254883,35.67334747314453,2.4345688819885254,4.343082427978516,36.59223556518555,-0.8722094893455505,7.156131744384766,33.5856819152832,1.1359633207321167,2.7922444343566895,33.420166015625,0.7991405725479126,3.269230842590332,33.10834884643555,-0.6139463186264038,4.965411186218262,32.28910446166992,0.3552546799182892,3.5641534328460693,32.66181945800781,2.443941354751587,2.8498716354370117,35.4961051940918,2.68731689453125,3.459879159927368,36.334163665771484,0.4591301679611206,5.848179817199707,34.365394592285156,1.7109472751617432,2.8176746368408203,34.2686767578125,2.0782723426818848,3.6871979236602783,35.3746337890625,1.5958988666534424,5.039749622344971,35.575740814208984,-0.19907963275909424,6.151726245880127,33.599761962890625,1.1802010536193848,5.0946269035339355,34.859222412109375,0.1302790641784668,4.3832221031188965,32.756526947021484,1.7743911743164062,4.3737993240356445,35.32160568237305,1.4967529773712158,3.6103179454803467,34.269874572753906,0.04105275869369507,5.188113689422607,33.143516540527344,0.7971647381782532,4.344452857971191,33.623931884765625
