1490283848.003754_4128.png,-5.931337356567383,0.8936609029769897,33.92786407470703,-6.529057502746582,0.230112224817276,32.86116027832031,-7.524996280670166,0.7353936433792114,34.08730697631836,-5.463240146636963,0.4715164005756378,33.17184829711914,-7.531020641326904,0.08539585769176483,32.93351745605469,-7.99861478805542,-0.4460855722427368,32.1817512512207,-6.890636444091797,-0.47900840640068054,31.814655303955078,-7.851633548736572,-0.9198867678642273,31.44245147705078,-8.231797218322754,-0.09942904114723206,32.904319763183594,-6.555030822753906,1.1992263793945312,34.697052001953125,-5.940191268920898,-0.26364994049072266,32.015830993652344,-7.163689613342285,1.3762978315353394,35.48373794555664,-8.352807998657227,-0.8972587585449219,31.705202102661133,-8.87641429901123,0.28181731700897217,34.189109802246094,-5.66876220703125,1.3605718612670898,34.872440338134766,-4.97437047958374,-0.35981494188308716,31.938108444213867,-6.765383720397949,-1.0795596837997437,30.97228240966797,-8.299322128295898,0.8662211894989014,35.05579376220703,-9.431089401245117,-0.653296947479248,32.71945571899414,-8.97894287109375,-0.36229753494262695,32.91477584838867,-9.288043022155762,-0.16137801110744476,33.5492057800293,-4.3897199630737305,1.047632098197937,34.315547943115234,-5.973659038543701,-1.0822694301605225,30.871295928955078,-9.54250717163086,-1.1361322402954102,32.02065658569336,-4.860958576202393,1.6652005910873413,35.56807327270508,-4.107692241668701,-0.00844639539718628,32.622589111328125,-6.150253772735596,1.7074294090270996,35.87286376953125,-8.189404487609863,-1.7124911546707153,30.672590255737305,-8.66133975982666,-1.7201570272445679,30.826290130615234,-9.271406173706055,-1.6955324411392212,31.12874984741211,-7.449471950531006,1.5570323467254639,36.2592887878418,-6.991235256195068,-1.7059147357940674,30.328407287597656,-3.5096161365509033,0.7530313730239868,34.05497741699219,-5.146661758422852,-1.1359236240386963,30.799510955810547,-9.19873046875,0.41959160566329956,34.9788932800293,-8.463974952697754,1.0943787097930908,35.966217041015625,-7.76810884475708,-2.009225845336914,30.290796279907227,-10.036763191223145,-1.1516097784042358,32.41372299194336,-5.3874406814575195,2.2253224849700928,36.92641067504883,-10.020994186401367,-0.5499461889266968,33.47114181518555,-10.317693710327148,-0.4769558608531952,34.01624298095703,-3.988886833190918,-0.5764962434768677,31.87754249572754,-6.631450176239014,-2.1960978507995605,29.752368927001953,-5.667766094207764,-1.7812607288360596,30.020902633666992,-6.353386878967285,2.2137701511383057,37.44926452636719,-10.29377269744873,-1.0032110214233398,32.880348205566406,-7.465507507324219,-2.2386581897735596,29.907665252685547,-8.820365905761719,-2.1243574619293213,30.619218826293945,-3.593331813812256,1.9476518630981445,36.120025634765625,-4.26646089553833,2.377562999725342,36.97755813598633,-9.889144897460938,-1.5959872007369995,31.709348678588867,-3.2775018215179443,0.3868906497955322,33.659114837646484,-8.377312660217285,1.387039065361023,37.108551025390625,-4.1689276695251465,-1.0201917886734009,31.191152572631836,-4.797969818115234,-1.5820207595825195,30.348827362060547,-4.880298137664795,2.6992130279541016,37.82218933105469,-9.919675827026367,0.04487529397010803,35.00802230834961,-3.0373477935791016,1.256253719329834,35.07392501831055,-7.482181072235107,1.751819133758545,37.11532974243164,-8.344477653503418,-2.198662757873535,30.2297420501709,-9.315165519714355,0.7229970693588257,36.1943473815918,-10.237140655517578,-2.2972755432128906,31.12388038635254,-10.302628517150879,-1.6440491676330566,31.837398529052734,-5.746351718902588,2.763359546661377,38.48342514038086,-5.992954730987549,-2.5414233207702637,29.2636775970459,-4.7469987869262695,-2.0330443382263184,29.74346160888672,-9.088501930236816,-2.3070409297943115,30.51264762878418,-6.917331218719482,2.3157806396484375,38.40110397338867,-2.2326667308807373,1.70211660861969,35.956790924072266,-2.9637818336486816,2.5145325660705566,37.1899528503418,-3.809765100479126,3.142533302307129,38.53835678100586,-4.864995002746582,3.170694351196289,39.04131317138672,-10.904987335205078,-1.4796006679534912,32.63050079345703,-10.970110893249512,-1.1866368055343628,33.36640167236328,-9.859757423400879,0.3524776101112366,35.9770393371582,-5.612107276916504,-2.8761777877807617,28.78545379638672,-10.451249122619629,-2.0542430877685547,31.515235900878906,-2.7936885356903076,3.253326416015625,38.67716979980469,-7.103733062744141,-2.8564696311950684,29.300039291381836,-7.834580421447754,1.8066999912261963,38.07521438598633,-8.098956108093262,-2.7983810901641846,29.758010864257812,-8.583833694458008,-2.9341306686401367,29.859251022338867,-3.79228138923645,-1.6093686819076538,30.613554000854492,-9.222187042236328,-3.0525145530700684,30.130569458007812,-11.612194061279297,-1.6751842498779297,32.96501159667969,-11.4343900680542,-2.041752815246582,32.08924865722656,-2.0245683193206787,2.6468472480773926,37.574947357177734,-3.1421866416931152,-0.05474984645843506,33.00941848754883,-4.322751998901367,-2.4250426292419434,29.456466674804688,-4.258763313293457,3.704488754272461,40.38185501098633,-9.310068130493164,0.90511155128479,37.52353286743164,-11.532584190368652,-1.334932565689087,33.810546875,-10.801066398620605,-0.5913330316543579,34.58098220825195,-11.164529800415039,-2.356167793273926,31.645767211914062,-2.3841798305511475,0.6249014735221863,34.34523391723633,-10.094646453857422,-2.542915105819702,30.827781677246094,-5.982424259185791,3.0539398193359375,39.717437744140625,-2.3882296085357666,3.6643311977386475,39.641693115234375,-1.6828745603561401,0.7033339142799377,34.965606689453125,-1.3851836919784546,1.967728853225708,36.67955780029297,-2.8501060009002686,-0.9221899509429932,32.113006591796875,-3.470273017883301,3.7711076736450195,40.10664367675781,-5.1153130531311035,-3.149791955947876,28.465742111206055,-3.3681352138519287,-2.2267370223999023,30.233741760253906,-6.33401346206665,-3.4485647678375244,28.611526489257812,-11.810256004333496,-1.9990622997283936,32.52123260498047,-1.7027978897094727,3.181663990020752,38.67292022705078,-5.039069175720215,3.521056652069092,40.51042175292969,-3.029573440551758,-1.5820575952529907,31.214820861816406,-5.717799186706543,-3.3284640312194824,28.636966705322266,-7.3129682540893555,-3.5118191242218018,29.06061363220215,-10.710129737854004,-0.29140645265579224,36.03192138671875,-7.173279285430908,2.411409378051758,39.2340087890625,-4.344818592071533,-3.0291600227355957,28.812122344970703,-8.140628814697266,-3.5665135383605957,29.446535110473633,-8.45269775390625,1.4519919157028198,38.436458587646484,-9.84578800201416,0.449399471282959,37.094520568847656,-3.3573672771453857,4.172393321990967,41.37006378173828,-2.393886089324951,-0.33861786127090454,33.196449279785156,-1.8880952596664429,4.166688442230225,40.912200927734375,-11.103050231933594,-2.790332794189453,31.23659324645996,-11.77019214630127,-2.3506102561950684,32.0950813293457,-12.278143882751465,-2.5045716762542725,32.2878532409668,-1.1463775634765625,1.1492005586624146,35.778133392333984,-9.069419860839844,-3.660064697265625,29.877092361450195,-10.76967716217041,-3.1898698806762695,30.963516235351562,-11.763531684875488,-1.328465223312378,34.48114776611328,-11.160429954528809,-0.7351546883583069,35.42576217651367,-0.854117214679718,2.3048198223114014,37.48956298828125,-0.9063228964805603,3.7292404174804688,40.06865692138672,-2.1862621307373047,-0.7623782157897949,32.880897521972656,-1.760738730430603,-0.35088270902633667,33.80553436279297,-10.036362648010254,-3.3811445236206055,30.516138076782227,-11.99672794342041,-2.8740198612213135,31.678268432617188,-12.543597221374512,-2.1397905349731445,33.306884765625,-5.941435813903809,3.3115429878234863,40.97673034667969,-6.451087474822998,2.975341796875,40.286197662353516,-5.417207717895508,-3.742452621459961,28.28244400024414,-7.911495208740234,1.9045627117156982,39.26600646972656,-0.7901116609573364,3.0255134105682373,38.727142333984375,-1.948243498802185,4.478079319000244,41.83854675292969,-4.8187079429626465,-3.5596351623535156,28.173383712768555,-6.594303131103516,-3.929495334625244,28.561437606811523,-7.630763530731201,2.238927125930786,40.082759857177734,-10.514760971069336,-0.10514369606971741,36.748409271240234,-1.898613691329956,0.22085395455360413,34.212223052978516,-3.0598678588867188,-2.952035427093506,29.707794189453125,-12.777510643005371,-2.5612499713897705,32.63713455200195,-4.583856582641602,3.9343345165252686,41.68672180175781,-11.413244247436523,-3.5717947483062744,31.0830135345459,-12.811280250549316,-2.925549030303955,32.1601448059082,-12.382865905761719,-1.9064645767211914,33.95532989501953,-4.09785270690918,-3.8875155448913574,27.97137451171875,-0.10345102846622467,3.2638416290283203,39.54977035522461,-0.7451415061950684,4.219488620758057,41.21700668334961,-2.30300235748291,-1.118687391281128,32.37557601928711,-9.144091606140137,1.0271950960159302,38.5893669128418,-7.15687894821167,2.652204990386963,41.01314163208008,-7.633283615112305,-3.963747024536133,29.09564781188965,-0.5167363882064819,1.614237904548645,36.745880126953125,-11.48729133605957,-1.054518222808838,36.016143798828125,-9.881987571716309,-4.094120025634766,30.316776275634766,-11.067173957824707,-0.6583961248397827,36.189476013183594,-3.541821241378784,-3.424234628677368,28.800582885742188,-2.2354209423065186,-1.5434807538986206,32.03453063964844,0.3098802864551544,2.17559814453125,38.068607330322266,-6.209359169006348,-4.221447467803955,28.324382781982422,-4.767568588256836,-4.646563529968262,27.60641098022461,-3.5919461250305176,-3.847961187362671,28.313352584838867,-5.422579765319824,-4.089083671569824,28.05318832397461,-12.249216079711914,-3.519845485687256,31.446678161621094,-3.061436414718628,4.66534423828125,43.106327056884766,-5.6283698081970215,3.5998404026031494,41.99116134643555,-0.4484656751155853,4.498750686645508,41.87808609008789,-1.168845534324646,-0.0760369598865509,34.57315444946289,-10.807487487792969,-3.9362261295318604,30.78200912475586,-4.337582588195801,4.38164758682251,43.41733932495117,-13.24979305267334,-2.7358412742614746,33.35151672363281,-13.27143669128418,-2.9331867694854736,32.55634307861328,-12.247551918029785,-1.6870923042297363,35.146018981933594,-11.824153900146484,-1.3674883842468262,35.54201126098633,0.42296406626701355,2.473081111907959,38.566062927246094,0.46666839718818665,2.8923516273498535,39.27595901489258,-4.321414947509766,-4.460268497467041,27.510366439819336,-8.010700225830078,-4.382941246032715,29.36749267578125,-8.636818885803223,-4.228909492492676,29.627296447753906,-2.4785218238830566,-1.9218313694000244,31.321372985839844,-12.898589134216309,-2.41094970703125,33.72613525390625,-5.689164161682129,-4.6427321434021,28.007925033569336,-7.234047889709473,-4.457004070281982,28.83939552307129,0.6502296328544617,3.7358596324920654,40.7017707824707,-1.2752841711044312,4.8667168617248535,43.214202880859375,-6.488790035247803,3.1423087120056152,41.701629638671875,-2.7566888332366943,-2.8019180297851562,30.420961380004883,-5.121667385101318,-4.714244842529297,27.78511619567871,-13.815439224243164,-3.6863622665405273,32.19184875488281,-6.30259895324707,3.3083486557006836,42.32186508178711,-0.3338968753814697,1.0314366817474365,36.296688079833984,0.1573362499475479,1.4409023523330688,37.116397857666016,-10.303667068481445,-4.322831153869629,30.71389389038086,-5.445221424102783,3.9262304306030273,43.4530143737793,-13.061467170715332,-3.9104456901550293,31.70254135131836,-2.420365810394287,-2.5340707302093506,30.864919662475586,-8.20871639251709,1.6732821464538574,39.77595520019531,0.46508872509002686,4.773591041564941,42.9162483215332,-0.7081565260887146,0.2484489381313324,35.25258255004883,-8.843439102172852,1.080035924911499,39.65030288696289,-3.4747791290283203,-4.220019817352295,27.828800201416016,-1.6558459997177124,-1.0335397720336914,33.13557815551758,-11.740951538085938,-4.2943196296691895,31.086673736572266,-13.593608856201172,-3.330977439880371,32.47572708129883,-13.954029083251953,-3.3383560180664062,32.94981002807617,-13.48994255065918,-2.840939521789551,33.049171447753906,-10.76474380493164,-0.5837938785552979,37.76757049560547,-3.5735151767730713,-4.707370281219482,27.390518188476562,0.844400942325592,4.324779510498047,41.81824493408203,-6.743066787719727,-4.8516387939453125,28.559839248657227,-12.792119026184082,-2.3091673851013184,34.65704345703125,-10.27130126953125,-0.05585747957229614,37.91856002807617,-9.681846618652344,0.47725021839141846,38.97586441040039,-7.791711807250977,2.114251136779785,40.95307922363281,-9.257421493530273,-4.490930557250977,29.996360778808594,-3.7766668796539307,4.702625274658203,44.224483489990234,-4.197197437286377,-5.113537311553955,27.210458755493164,-2.81362247467041,-3.608820676803589,29.245689392089844,1.4785857200622559,2.926309108734131,39.91438293457031,-1.9483882188796997,-2.1400370597839355,31.73923683166504,-13.1756591796875,-2.606393337249756,34.30903625488281,-2.6735525131225586,4.9613237380981445,44.63297653198242,0.004117085598409176,0.6173033714294434,36.22439956665039,0.8451370000839233,1.6299006938934326,37.884498596191406,-6.998152732849121,2.797969341278076,42.31258773803711,-11.246257781982422,-1.0483922958374023,37.153934478759766,-5.977214336395264,-5.316717624664307,28.142189025878906,-6.270235061645508,3.442006826400757,43.27143859863281,-2.948195457458496,-4.277388572692871,28.608070373535156,-7.603588581085205,-4.723849296569824,29.115028381347656,-13.717562675476074,-3.174821138381958,33.891300201416016,-11.835637092590332,-1.6047933101654053,36.24248123168945,-1.169342041015625,4.963285446166992,44.0720329284668,-1.1639491319656372,-1.109302043914795,33.69375991821289,0.7905322313308716,0.9405409693717957,37.32992935180664,-2.5785248279571533,-3.3060450553894043,30.018207550048828,1.8352739810943604,4.430117130279541,42.28652572631836,-8.374828338623047,1.518137812614441,40.565650939941406,-0.8201854228973389,-0.5879032611846924,34.598541259765625,1.4008113145828247,2.2272021770477295,39.026851654052734,-3.060518503189087,-4.729992866516113,27.582401275634766,-14.504633903503418,-3.8690874576568604,32.72877502441406,-7.4545488357543945,2.347280740737915,42.350704193115234,1.8488208055496216,3.589419364929199,41.092613220214844,-4.64766263961792,-5.2153215408325195,27.509702682495117,0.42045626044273376,4.8499321937561035,44.069129943847656,-13.792662620544434,-4.530997276306152,31.869504928588867,2.5302605628967285,3.7435996532440186,41.693485260009766,-1.5187400579452515,-1.6234079599380493,32.819976806640625,-5.170718193054199,4.197000503540039,44.3256721496582,-7.629734039306641,2.143281936645508,41.87310028076172,-12.749517440795898,-4.568681240081787,31.424694061279297,-9.83043384552002,-4.65237283706665,30.40272331237793,-12.253326416015625,-2.099835157394409,36.12060546875,-10.132481575012207,-0.11997777223587036,38.93613815307617,-10.609910011291504,-4.557312965393066,30.802324295043945,-2.124227523803711,-2.8775076866149902,30.97449493408203,1.982033610343933,4.716246128082275,43.432125091552734,-3.68827486038208,4.884702682495117,45.36461639404297,-1.1484519243240356,4.933991432189941,45.01485061645508,-12.990994453430176,-2.725269079208374,35.38858413696289,-5.008205413818359,4.417239189147949,45.23499298095703,1.2330588102340698,1.948716640472412,38.548431396484375,-2.233699321746826,-3.9639689922332764,29.894189834594727,-14.305142402648926,-3.83648681640625,33.20795440673828,-0.24937109649181366,-0.4599922299385071,35.1900749206543,-2.3790414333343506,-3.462130546569824,30.567081451416016,-14.280141830444336,-3.8620095252990723,33.8519172668457,-11.706901550292969,-1.6743319034576416,36.864688873291016,0.16096235811710358,0.045439429581165314,35.979270935058594,-6.847153663635254,2.9913880825042725,43.45429229736328,-13.678594589233398,-3.3785560131073,34.61005783081055,-14.807880401611328,-4.139068603515625,32.87092208862305,-12.604727745056152,-2.6430156230926514,35.811927795410156,-10.11811351776123,-5.032881736755371,30.76317596435547,-11.012717247009277,-4.927052974700928,30.92302894592285,-6.684724807739258,-5.273801326751709,28.52714729309082,-9.028302192687988,-5.063185214996338,30.004215240478516,-9.280316352844238,0.5661559700965881,40.08784866333008,-3.1062052249908447,-5.626142978668213,26.92542266845703,-14.411685943603516,-4.6513872146606445,32.08564376831055,-2.5686116218566895,-4.205255508422852,29.044151306152344,2.853148937225342,4.295682430267334,42.57411193847656,2.8306872844696045,4.560435771942139,43.248321533203125,-4.172408580780029,-5.358504295349121,26.993871688842773,-2.4211766719818115,-4.8369855880737305,28.705669403076172,-2.112198829650879,5.008584022521973,45.404380798339844,0.7931708693504333,0.6016966700553894,36.98564910888672,2.265869617462158,2.9908511638641357,40.621055603027344,-1.560736894607544,-2.5298733711242676,32.0165901184082,-10.594223022460938,-0.8546482920646667,38.839481353759766,1.313718318939209,4.69166898727417,44.22819137573242,-3.585632085800171,-5.609409332275391,26.7711124420166,-4.1213579177856445,-5.927974700927734,26.945688247680664,-9.523408889770508,-5.1226277351379395,30.317258834838867,-7.2408447265625,-5.4477667808532715,28.990737915039062,-12.123499870300293,-4.909508228302002,31.27326011657715,-14.904343605041504,-4.719212055206299,32.27585220336914,-8.864212989807129,0.7499164342880249,40.93528366088867,-8.24946403503418,1.4962712526321411,41.50860595703125,-6.420168876647949,3.453148365020752,44.892303466796875,-5.203546047210693,-5.707048416137695,27.79916000366211,-2.657459259033203,-5.199307441711426,27.87018394470215,-5.893660068511963,3.877086639404297,45.06883239746094,-2.8681397438049316,-5.14156436920166,27.647140502929688,-13.51455307006836,-5.15678071975708,31.729991912841797,-1.9852780103683472,-2.97468900680542,31.22993278503418,-0.6572138071060181,-1.5272390842437744,34.04047775268555,-7.7933831214904785,-5.3052215576171875,29.274187088012695,-0.2568020522594452,4.757606506347656,45.31446838378906,-8.677468299865723,-5.247459411621094,29.935503005981445,-12.63193416595459,-5.175086498260498,31.488380432128906,1.659361481666565,1.427764654159546,38.46160125732422,3.071140766143799,3.4039833545684814,41.67450714111328,-11.626877784729004,-5.010776519775391,31.165388107299805,1.4790700674057007,0.9013692736625671,37.96125793457031,2.016507387161255,2.258002758026123,39.617835998535156,-7.9822916984558105,-5.41601037979126,29.627992630004883,-1.1909042596817017,-2.075131416320801,33.04154968261719,-0.6617542505264282,-1.9305590391159058,33.70519256591797,-2.999343156814575,4.968615531921387,46.37266159057617,-4.541499614715576,-5.77495813369751,27.52759552001953,-0.45699477195739746,-1.1825515031814575,34.6855583190918,-10.998950004577637,-1.287581205368042,38.331077575683594,-2.952354907989502,-6.188490867614746,26.527551651000977,0.9158317446708679,0.08349832892417908,36.85275650024414,-6.01740837097168,-5.734472751617432,28.32036590576172,3.6602816581726074,4.303675651550293,43.09687042236328,-2.572007894515991,-5.774776935577393,27.047283172607422,-2.294048309326172,-4.526600360870361,29.181745529174805,-6.96787691116333,2.8016695976257324,44.517906188964844,-1.6134902238845825,-3.2447850704193115,31.330394744873047,-12.429862022399902,-2.6421329975128174,36.34992599487305,-9.782154083251953,0.006001174449920654,40.02522277832031,-4.1699419021606445,4.809514999389648,46.11616516113281,-13.962553024291992,-5.129016876220703,31.974040985107422,0.6989463567733765,-0.046420469880104065,36.51045608520508,-7.362233638763428,2.3929810523986816,43.46934127807617,-6.49470329284668,-5.721540927886963,28.700790405273438,-2.0144851207733154,-3.939197063446045,30.79446792602539,-15.17822551727295,-4.536830425262451,33.27126693725586,0.31754958629608154,-0.40733033418655396,35.95296096801758,-14.626172065734863,-4.830327987670898,33.80412292480469,-4.947534084320068,4.577754974365234,46.725032806396484,-5.5568928718566895,4.13405704498291,46.042266845703125,0.7132034301757812,4.559265613555908,45.40033721923828,-0.05262697860598564,-0.9243239760398865,35.21589279174805,-10.471710205078125,-5.130971431732178,30.878639221191406,-10.10940170288086,-5.1686859130859375,30.975839614868164,-7.8436055183410645,1.8008028268814087,43.04503631591797,2.5586225986480713,4.571596622467041,44.20317459106445,-1.5218521356582642,4.821503162384033,46.01152420043945,1.3384824991226196,4.4065961837768555,45.13560485839844,-13.113194465637207,-3.33467435836792,35.74830627441406,-11.646249771118164,-2.0995988845825195,37.40950012207031,2.2738544940948486,1.4012631177902222,39.16987991333008,-6.928530693054199,-5.558699607849121,28.91800880432129,-15.056388854980469,-5.355325222015381,32.24460220336914,-13.161296844482422,-5.27752685546875,31.79065704345703,3.887984275817871,3.643671751022339,42.60725784301758,-15.685908317565918,-5.01815938949585,32.74549865722656,-4.8120832443237305,-6.1919331550598145,27.867942810058594,-0.9555931091308594,4.7417473793029785,45.49778747558594,-3.1329708099365234,-5.99513578414917,27.166370391845703,-14.294923782348633,-4.340672016143799,34.40311813354492,-3.588454484939575,4.784667491912842,46.87215042114258,-1.1525022983551025,-2.856706142425537,32.53000259399414,2.6765596866607666,1.699648141860962,39.81663513183594,2.7646822929382324,2.353017568588257,40.46699523925781,-10.033719062805176,-0.46416980028152466,39.78398132324219,-2.7743759155273438,-6.024391174316406,27.4908447265625,1.3085135221481323,0.28248727321624756,37.552284240722656,-3.869194269180298,-6.365063667297363,27.442968368530273,-8.052078247070312,1.3554376363754272,42.69706344604492,-5.366870880126953,-6.002158164978027,28.074201583862305,3.9783544540405273,4.402885437011719,43.84988021850586,-11.503483772277832,-5.222804546356201,31.30962371826172,-10.366800308227539,-0.9063605070114136,39.465938568115234,-9.731446266174316,-5.344970226287842,30.696943283081055,-14.382706642150879,-5.254330158233643,32.094512939453125,-10.74931526184082,-5.21392822265625,31.11443328857422,4.615506649017334,4.008610725402832,43.367897033691406,-8.421278953552246,-5.561955451965332,30.00882911682129,-12.512311935424805,-3.2452073097229004,36.540740966796875,-4.432135581970215,4.695768356323242,47.09477996826172,-9.160266876220703,-5.524916648864746,30.360563278198242,-8.325098037719727,1.1146800518035889,42.27191925048828,-7.413504123687744,-5.854186058044434,29.51605987548828,3.241209030151367,2.746455430984497,41.1971549987793,3.542699098587036,4.454711437225342,44.22911834716797,-9.369609832763672,0.15416985750198364,40.72898483276367,-8.621779441833496,0.7264472246170044,41.52155685424805,-12.724055290222168,-5.27958345413208,31.792943954467773,-1.7617862224578857,4.601292610168457,46.73675537109375,-6.258272647857666,3.5033345222473145,45.93460464477539,-2.3306965827941895,-5.386527061462402,28.803361892700195,-15.878019332885742,-5.458520889282227,32.67741394042969,-13.466517448425293,-3.853334665298462,35.553794860839844,-13.876856803894043,-4.061686038970947,34.980224609375,-3.32588791847229,-6.287084579467773,27.433374404907227,-15.553711891174316,-5.058724403381348,33.33995056152344,-0.8471018671989441,-2.6188881397247314,33.38028335571289,-0.11691727489233017,-1.667066216468811,34.878509521484375,-5.555406093597412,4.132476329803467,46.92652130126953,0.7588217258453369,-0.6426061391830444,36.388668060302734,-2.2140891551971436,-4.985978126525879,29.45972442626953,-6.238641262054443,-6.118800640106201,28.666946411132812,4.84273624420166,4.1678619384765625,43.89280319213867,-4.1889729499816895,-6.440213203430176,27.714120864868164,-6.817269802093506,-6.0550103187561035,29.138416290283203,-7.880290508270264,-5.808730125427246,29.823116302490234,-1.7754803895950317,-4.128884315490723,31.147478103637695,0.34181883931159973,-0.912811815738678,35.820186614990234,-11.023399353027344,-5.514163970947266,31.300912857055664,-10.499574661254883,-5.460418224334717,31.0908203125,-13.938660621643066,-5.633894920349121,32.383758544921875,-12.134027481079102,-5.456182956695557,31.516454696655273,-0.30484893918037415,4.316716194152832,46.23624801635742,3.093626022338867,1.8269163370132446,40.46367263793945,-11.265703201293945,-2.2589964866638184,38.16584777832031,2.335418701171875,4.208154678344727,45.339080810546875,-2.8556673526763916,4.801983833312988,46.90178680419922,-7.565705299377441,1.8173630237579346,44.53181076049805,-11.75839614868164,-5.67474889755249,31.594993591308594,-13.637629508972168,-5.682253360748291,32.090110778808594,-1.3760688304901123,-3.679702043533325,31.941316604614258,-9.365708351135254,-5.748608589172363,30.68803596496582,1.1891045570373535,-0.4120994806289673,37.027469635009766,-12.768545150756836,-5.7298407554626465,31.93977165222168,-12.337063789367676,-5.670255661010742,31.782737731933594,-2.8654274940490723,-6.185250759124756,27.729368209838867,-15.108672142028809,-5.26659631729126,33.6059455871582,-8.621694564819336,0.19945724308490753,42.26915740966797,-9.921846389770508,-5.8306565284729,31.19872283935547,-9.147007942199707,0.0575142502784729,41.45674133300781,1.9063642024993896,0.5314757227897644,38.27218246459961,4.0351433753967285,3.016566514968872,42.269866943359375,-11.354504585266113,-5.832663536071777,31.639781951904297,-5.549319744110107,-6.400748252868652,28.550052642822266,-12.076102256774902,-2.9581398963928223,37.11341094970703,0.5317140221595764,-1.1382956504821777,35.89457321166992,2.84434175491333,1.1187553405761719,39.75258255004883,-8.051454544067383,-6.04081392288208,30.127714157104492,0.19646543264389038,-1.6685500144958496,35.3306884765625,0.26518890261650085,4.365592956542969,46.00347900390625,-15.02157211303711,-5.327707290649414,33.18976593017578,-12.778818130493164,-3.594978094100952,36.02549362182617,-10.652481079101562,-1.7965304851531982,39.31611251831055,-13.240281105041504,-5.703100681304932,32.173744201660156,3.691425085067749,2.087070941925049,41.201229095458984,-14.715108871459961,-5.503127098083496,32.6982307434082,4.018535614013672,2.5244696140289307,41.87116241455078,-8.410600662231445,-5.582449913024902,30.281625747680664,-0.7949333190917969,-3.022803544998169,33.30461883544922,-6.115753650665283,3.6183249950408936,46.63936233520508,-3.8086209297180176,4.605024337768555,47.61617660522461,-4.908292293548584,-6.582507610321045,28.674320220947266,-6.680720806121826,2.942493200302124,46.005863189697266,-4.989141941070557,4.545154571533203,48.00546646118164,-2.0379626750946045,-4.964613914489746,30.455318450927734,-8.430974006652832,-6.0351762771606445,30.3387508392334,2.3058249950408936,0.45875436067581177,38.832637786865234,3.747199058532715,4.253303527832031,44.99544906616211,-14.572949409484863,-5.713193416595459,32.74055099487305,4.988638401031494,3.4950273036956787,43.45712661743164,-5.459184646606445,4.236263275146484,47.751888275146484,-4.517838478088379,4.5989484786987305,47.99761962890625,-4.599821090698242,-6.572409629821777,28.310657501220703,-0.3393182158470154,-2.508509397506714,34.09743118286133,-9.97287368774414,-0.8468591570854187,40.29179763793945,-2.8225390911102295,-6.175300598144531,28.327762603759766,-1.0696088075637817,-3.768660068511963,32.85661315917969,-11.599644660949707,-2.4609339237213135,37.77866744995117,-9.069600105285645,-6.042421340942383,30.680509567260742,-9.517817497253418,-0.45420557260513306,41.15972900390625,-3.63092041015625,-6.5602335929870605,28.01664161682129,-0.02529829740524292,-2.1601126194000244,34.828826904296875,0.8715106248855591,4.129182815551758,46.076416015625,1.6254011392593384,-0.18523144721984863,37.83987045288086,3.3580129146575928,3.9094574451446533,45.54474639892578,-8.0433931350708,0.9863858222961426,43.763736724853516,-10.414546966552734,-5.768283367156982,31.399362564086914,-2.456071376800537,-5.693515300750732,29.36640167236328,4.511796474456787,2.8459489345550537,42.65451431274414,-14.26982307434082,-5.16306209564209,34.47954559326172,4.143795967102051,4.157029151916504,44.783016204833984,-6.205657482147217,-6.566269874572754,29.10524559020996,-6.935453414916992,-6.295201301574707,29.857210159301758,-7.279353141784668,-6.394748210906982,30.06406593322754,5.815649509429932,3.8118999004364014,44.19666290283203,-10.966657638549805,-2.1322174072265625,38.81898498535156,-1.6104161739349365,4.3180155754089355,47.198570251464844,-0.9416508078575134,3.999539375305176,47.084232330322266,-2.1581990718841553,4.219300270080566,47.36070251464844,3.4977333545684814,1.4576348066329956,40.76073455810547,-2.555633783340454,4.344395637512207,47.7369499206543,-13.716434478759766,-4.640516757965088,35.22783660888672,-1.697395920753479,-4.6609015464782715,31.995317459106445,3.1756439208984375,1.2021901607513428,40.244720458984375,-13.834572792053223,-6.018414497375488,32.871009826660156,-10.976289749145508,-6.0609307289123535,31.764719009399414,-7.829432010650635,1.3541241884231567,44.143394470214844,-7.024069309234619,2.2941665649414062,45.698692321777344,0.6305187344551086,-1.494407296180725,36.10885238647461,4.648565769195557,3.8675665855407715,44.589332580566406,-9.706269264221191,-6.384615898132324,31.538488388061523,-14.567752838134766,-5.782090187072754,33.491371154785156,-1.9491322040557861,-4.835589408874512,31.354604721069336,1.3768452405929565,-0.9563600420951843,37.33727264404297,-3.892230749130249,-6.687329292297363,28.518234252929688,-5.265183925628662,-6.768661975860596,29.305885314941406,-10.063244819641113,-6.2313337326049805,31.86557388305664,-3.4174957275390625,4.244806289672852,48.58773422241211,1.7841260433197021,3.8662829399108887,45.985565185546875,-3.254673480987549,-6.571150779724121,28.892593383789062,-5.171355724334717,4.333169460296631,49.17037582397461,2.7493929862976074,0.2280626893043518,39.5637321472168,0.0884622260928154,-2.5712263584136963,35.12580871582031,-12.43883228302002,-6.2084174156188965,32.65303421020508,-8.30972957611084,0.31847715377807617,43.257850646972656,-4.058619976043701,4.1487956047058105,49.141273498535156,0.4537507891654968,3.680903434753418,46.73884963989258,-0.5852377414703369,-3.509938955307007,33.924896240234375,-14.494208335876465,-5.7192535400390625,34.022865295410156,-7.858527183532715,-6.478970527648926,30.5069637298584,-8.9525728225708,-6.430541515350342,31.245153427124023,-1.516908884048462,-4.439519882202148,32.58934020996094,-6.125270843505859,3.3225724697113037,48.04710006713867,-5.513937950134277,4.119621753692627,48.65943145751953,-10.46141529083252,-6.278526782989502,31.90428352355957,-12.606847763061523,-4.122522354125977,36.30351638793945,-6.585742473602295,2.8402371406555176,47.03825759887695,0.5012749433517456,-2.0709683895111084,35.872589111328125,3.981717348098755,1.5921478271484375,41.545555114746094,5.234447956085205,3.5767388343811035,44.70212173461914,1.169138789176941,3.5900352001190186,46.29917907714844,-6.740238189697266,-6.744021415710449,30.565946578979492,4.468587398529053,2.274172782897949,42.344703674316406,-11.69947338104248,-3.2056760787963867,37.729736328125,-1.0848993062973022,-4.110917568206787,33.37171936035156,-10.340508460998535,-1.8100643157958984,39.816829681396484,0.8756687641143799,-1.6590585708618164,36.57538604736328,3.0426299571990967,0.3513685464859009,40.12820053100586,-2.5820999145507812,-5.926425933837891,30.51280975341797,-12.053423881530762,-3.635521650314331,37.16777038574219,-0.17258206009864807,4.0087432861328125,46.79867935180664,-6.238471984863281,-6.784668445587158,29.856201171875,-1.0608470439910889,3.690718173980713,47.59666442871094,2.0216195583343506,-0.4353775382041931,38.46826171875,-6.868160247802734,2.421872615814209,46.39224624633789,5.090683937072754,2.783259630203247,43.290496826171875,2.6371309757232666,3.832604169845581,45.840084075927734,-11.059588432312012,-6.441864013671875,32.434688568115234,-13.224969863891602,-5.221103191375732,35.417842864990234,-12.568659782409668,-4.711686134338379,36.29129409790039,-2.11303973197937,-5.344252109527588,31.164533615112305,-1.636788010597229,3.827009439468384,47.54726028442383,5.5784912109375,3.2725958824157715,44.04607391357422,6.54420280456543,4.458158016204834,44.9901008605957,6.554457664489746,4.107457160949707,44.80671691894531,6.117857456207275,3.544279098510742,44.6702880859375,-4.222087383270264,4.08538818359375,49.51948547363281,4.7671613693237305,3.955533981323242,45.27716827392578,-9.180506706237793,-1.0053037405014038,41.853031158447266,5.8371782302856445,3.85791277885437,44.730506896972656,-5.778135299682617,3.675217866897583,48.269309997558594,5.655513763427734,3.766697406768799,45.309478759765625,6.088815212249756,4.081180095672607,45.349205017089844,-3.8911924362182617,-6.78603982925415,29.386505126953125,-14.074869155883789,-5.986955165863037,33.9146842956543,-11.06265640258789,-2.917975664138794,38.58192825317383,-3.469107151031494,-6.665916442871094,29.88251304626465,-3.000825881958008,-6.355066299438477,30.262069702148438,-9.879790306091309,-1.5828262567520142,40.48875427246094,1.9712350368499756,3.3501529693603516,46.50297546386719,-7.286477565765381,1.5819683074951172,45.588775634765625,-2.5278263092041016,4.0387139320373535,48.27804946899414,-13.095489501953125,-6.27142333984375,33.43330383300781,4.225553035736084,3.4622175693511963,45.73085021972656,-7.78883171081543,0.6000089645385742,44.67513656616211,4.211993217468262,1.3527590036392212,41.96630096435547,4.844066619873047,2.0122108459472656,42.89808654785156,2.051722288131714,-0.9390073418617249,38.7979736328125,-1.999450922012329,3.9127695560455322,47.93506622314453,-2.3332226276397705,-5.739234924316406,31.692970275878906,-11.776956558227539,-4.25409460067749,37.33855438232422,-10.543707847595215,-2.663890838623047,39.368797302246094,-8.533576965332031,-0.5535011887550354,42.82157516479492,-0.5958617329597473,3.5154545307159424,47.48893737792969,-3.1839468479156494,3.9427387714385986,48.95444869995117,-9.605172157287598,-1.5855923891067505,41.11416244506836,-4.888957500457764,-7.0837578773498535,30.607755661010742,-7.116572380065918,-6.9719343185424805,31.171039581298828,-8.381632804870605,-6.768686294555664,31.52846336364746,-5.584793567657471,3.6472084522247314,49.12949752807617,1.1371381282806396,-1.9297659397125244,37.27690505981445,3.5756924152374268,0.6539228558540344,41.01247024536133,4.937248229980469,3.738190174102783,45.57279586791992,6.12982702255249,3.620828628540039,45.07826232910156,-13.25537109375,-5.814363956451416,34.743614196777344,5.133298873901367,2.0058021545410156,43.299346923828125,2.695168972015381,3.3423922061920166,46.286041259765625,-9.063520431518555,-6.875657558441162,32.05342102050781,-5.274170398712158,4.009731292724609,49.95418930053711,0.08716946840286255,-3.2772953510284424,35.673095703125,-0.6595905423164368,-3.962127208709717,34.35837936401367,0.6640321016311646,-2.3926773071289062,36.48563003540039,-11.557125091552734,-3.833862781524658,37.802879333496094,-12.985365867614746,-6.250312328338623,34.26763916015625,4.550370693206787,1.4103180170059204,42.615657806396484,5.440793037414551,2.4198851585388184,43.73529052734375,3.3558876514434814,3.430813789367676,46.0633430480957,-5.5050554275512695,-6.941135883331299,30.585874557495117,-9.875685691833496,-2.273469924926758,40.45670700073242,5.428233623504639,2.517122983932495,44.15085220336914,-2.6257810592651367,3.805398941040039,48.42456817626953,-11.2750825881958,-6.607421875,33.18553161621094,0.3186275064945221,3.227531909942627,47.248531341552734,-6.578211307525635,2.3465960025787354,47.596923828125,-1.892298698425293,-5.189028739929199,33.00679397583008,-3.993652105331421,-6.851134777069092,30.15740203857422,-9.481694221496582,-6.771219253540039,32.315391540527344,-11.073771476745605,-3.4361934661865234,38.49613571166992,-7.090389251708984,1.2425577640533447,46.190486907958984,-5.891705513000488,3.2618398666381836,49.393226623535156,-11.931936264038086,-4.679295063018799,36.865596771240234,-7.9737935066223145,0.17484229803085327,44.14109420776367,-4.527100563049316,-6.914829254150391,30.264934539794922,1.3579505681991577,-1.9697833061218262,38.111778259277344,2.7869925498962402,-0.45872169733047485,40.12699890136719,5.856441020965576,3.1429712772369385,45.020057678222656,-1.8208087682724,3.5251193046569824,48.25493621826172,-2.3296139240264893,3.622523784637451,48.562110900878906,-11.45128345489502,-6.605434417724609,33.8399658203125,-9.4779052734375,-2.204556703567505,40.989776611328125,-9.86285400390625,-6.847766399383545,32.67766189575195,-8.121166229248047,-0.4258556067943573,43.84321594238281,5.543731212615967,3.0074338912963867,45.29848098754883,4.741766452789307,1.4550479650497437,43.0663948059082,4.776768684387207,3.0474047660827637,45.63925552368164,1.405543565750122,3.0689585208892822,46.653446197509766,-4.857499122619629,3.6708948612213135,50.127620697021484,3.9631612300872803,0.5585991740226746,42.10919189453125,3.6820032596588135,0.38843125104904175,41.53630828857422,-12.25056266784668,-5.11897087097168,36.4083137512207,-3.3973395824432373,3.5180649757385254,49.496299743652344,-12.454646110534668,-5.690065383911133,35.667449951171875,-10.37685489654541,-3.440338134765625,39.20512008666992,-3.532015085220337,-6.666247367858887,30.986175537109375,-11.985191345214844,-6.466029167175293,34.49070358276367,-5.986732482910156,-7.1131157875061035,31.497482299804688,-6.127676963806152,2.875795364379883,48.782203674316406,-6.794169902801514,1.3012627363204956,46.95463562011719,-0.44723188877105713,3.0869133472442627,47.681236267089844,-1.861863374710083,3.1765153408050537,48.58518600463867,5.879229545593262,2.725351333618164,44.958133697509766,-2.7607791423797607,3.4825472831726074,49.02875518798828,3.420271396636963,2.9382078647613525,46.12558364868164,-9.770928382873535,-2.7476649284362793,40.299537658691406,-8.522124290466309,-1.388617992401123,42.75788497924805,-1.435492753982544,-4.885700702667236,33.94667434692383,-4.4757771492004395,3.767395496368408,50.209815979003906,2.232872724533081,-1.2555513381958008,39.70225143432617,1.6292541027069092,-1.801177740097046,38.72392272949219,5.581051349639893,2.6119673252105713,44.62158203125,-7.18669319152832,0.49631190299987793,45.669742584228516,-2.3253610134124756,3.3437395095825195,48.95960235595703,-6.197701454162598,2.4249982833862305,48.689823150634766,-5.228226661682129,3.715435266494751,50.38029479980469,-4.198208332061768,-6.960855484008789,31.016090393066406,-7.942023754119873,-7.112456798553467,32.390865325927734,-11.245919227600098,-4.733798027038574,37.57563400268555,2.369906425476074,2.519739866256714,46.57730484008789,-10.861047744750977,-4.057611465454102,38.45166015625,-5.5165886878967285,3.372256278991699,50.36834716796875,-7.549840450286865,-0.09143716096878052,44.833984375,-3.1600542068481445,-6.419003963470459,31.785778045654297,0.6633946895599365,-2.943358898162842,37.31209945678711,-9.18565845489502,-2.0044054985046387,41.55699157714844,5.191112518310547,1.8891613483428955,44.47929382324219,-1.2399215698242188,3.0721733570098877,47.97078323364258,1.6843334436416626,2.6009464263916016,46.74856185913086,-3.656836986541748,3.464512825012207,50.0250244140625,0.06252054125070572,-3.595820426940918,36.14460754394531,-6.586091041564941,1.1741273403167725,47.33731460571289,0.7175658941268921,2.4935624599456787,47.135066986083984,-8.191099166870117,-0.9556052088737488,43.451080322265625,3.150960683822632,-0.48860758543014526,41.32035446166992,-2.564124345779419,-5.871822357177734,32.69320297241211,-9.704961776733398,-3.3439712524414062,40.111045837402344,-7.700108528137207,-0.4345458149909973,44.46963882446289,-9.757201194763184,-3.8397648334503174,39.58394241333008,-6.520143508911133,1.7458343505859375,47.76643753051758,3.8073744773864746,2.5672452449798584,46.078041076660156,-0.8804217576980591,-4.427499771118164,34.91707992553711,-9.501507759094238,-6.985921382904053,33.92414093017578,-2.455878973007202,-5.846346855163574,33.898685455322266,-5.842829704284668,2.8450753688812256,49.63776397705078,4.3799147605896,2.461622953414917,45.81595993041992,-4.844675064086914,-7.021961212158203,32.12686538696289,-6.759116172790527,0.5985211730003357,46.58930206298828,-1.0581114292144775,2.5422441959381104,47.878318786621094,-8.735847473144531,-2.019256830215454,42.16252899169922,-3.7166311740875244,-6.79268741607666,31.856948852539062,-3.228902816772461,3.3317198753356934,49.64091873168945,4.566853046417236,2.0797183513641357,45.49203109741211,-8.726949691772461,-7.12863302230835,33.396907806396484,5.3118743896484375,2.1593146324157715,45.245513916015625,-4.633092403411865,3.558692693710327,50.799922943115234,-5.349841117858887,3.532362461090088,50.92064666748047,-11.570785522460938,-6.265318870544434,35.45789337158203,-4.2659502029418945,-7.034243583679199,32.021427154541016,-11.153931617736816,-5.4516496658325195,36.88463592529297,2.906496047973633,2.286576986312866,46.43102264404297,-6.787853717803955,0.23305565118789673,46.34458923339844,-0.45913445949554443,2.7506375312805176,47.73847198486328,4.21582555770874,0.6500720381736755,43.0418586730957,-11.112924575805664,-6.103400707244873,36.12761688232422,-9.377032279968262,-2.987571954727173,40.72466278076172,2.371792793273926,-1.3289333581924438,40.471309661865234,-6.026773929595947,-7.183832168579102,32.22126007080078,-8.814983367919922,-2.6923067569732666,41.600528717041016,0.895465075969696,-2.9019596576690674,38.43588638305664,-1.4746389389038086,2.587294578552246,48.5367317199707,-2.8338139057159424,3.0925662517547607,49.372283935546875,-3.0835959911346436,-6.2376017570495605,32.888187408447266,-0.4743593633174896,-4.232336521148682,36.10036087036133,-5.370092391967773,3.7805938720703125,51.14495849609375,-2.2248902320861816,2.6783230304718018,49.03163146972656,-6.143204689025879,1.7692335844039917,48.48297882080078,-0.0670730471611023,2.348060131072998,47.70790100097656,-10.840669631958008,-6.627585411071777,34.93572235107422,-7.417521953582764,-7.194725036621094,33.040809631347656,-10.290285110473633,-4.5641279220581055,38.54269790649414,4.548037052154541,0.9609817266464233,44.2138557434082,-1.896654486656189,-5.408754825592041,34.85017395019531,-10.104387283325195,-6.749140739440918,35.13801574707031,-7.4488372802734375,-1.0434455871582031,44.54779052734375,-6.888628005981445,-0.22173792123794556,45.75974655151367,-5.622457027435303,2.6052439212799072,49.77783966064453,-4.032441139221191,3.1779322624206543,50.389732360839844,-3.2936041355133057,-6.592642307281494,32.79676055908203,0.14693798124790192,-3.680872917175293,37.306575775146484,1.4324123859405518,2.2566897869110107,46.897544860839844,2.6053543090820312,-1.206344485282898,41.14286804199219,-0.7817820310592651,2.1064670085906982,47.90873718261719,3.628864049911499,2.0291552543640137,46.05786895751953,1.581502914428711,-2.102025270462036,39.44330978393555,-4.481680393218994,-6.891794204711914,32.820186614990234,-5.816703796386719,1.9537068605422974,49.10346984863281,-5.03975772857666,3.2059311866760254,50.946502685546875,-10.643436431884766,-5.798008918762207,36.84531021118164,-6.171051025390625,1.1783934831619263,47.932861328125,0.6571793556213379,1.8401648998260498,47.19891357421875,-7.67342472076416,-1.439366340637207,43.962318420410156,-3.4930665493011475,2.907013416290283,50.03513717651367,-4.936736583709717,3.4560961723327637,51.24433898925781,4.695071220397949,1.4056119918823242,45.173065185546875,-7.976866245269775,-2.0179953575134277,43.185325622558594,-7.0034894943237305,-0.6306610107421875,45.182701110839844,-1.782469630241394,2.4008352756500244,48.69586944580078,-5.529044151306152,3.424539089202881,51.618408203125,-5.778172492980957,-7.104706764221191,33.31174850463867,-8.257370948791504,-2.6182804107666016,42.377708435058594,-4.575911521911621,2.679469347000122,50.43170166015625,3.309838056564331,-0.5188683867454529,42.88688278198242,1.283164620399475,1.8828818798065186,47.103660583496094,-5.074451923370361,2.7061619758605957,50.308380126953125,3.1396663188934326,1.533627986907959,46.24360656738281,4.611905574798584,1.190476655960083,44.913780212402344,1.939741849899292,1.7571438550949097,46.77602767944336,-5.160531520843506,3.3190114498138428,51.690765380859375,-1.084999442100525,2.1060826778411865,48.26177978515625,-4.139688014984131,2.690652370452881,50.40262222290039,-4.66264009475708,2.975874423980713,50.83519744873047,-2.445927619934082,-6.04524040222168,34.26872253417969,3.811739444732666,0.06066238880157471,43.73541259765625,-3.9284236431121826,-6.564579486846924,33.52621841430664,-3.2565255165100098,2.374234199523926,49.794864654541016,3.746262311935425,1.2726858854293823,45.61482238769531,-7.4782257080078125,-7.14982271194458,33.88153076171875,-3.219252109527588,-6.454384803771973,33.675140380859375,-9.898295402526855,-5.804581165313721,37.34310531616211,-9.5957670211792,-5.10150146484375,38.52069854736328,-9.50837230682373,-4.509986877441406,39.242679595947266,-8.873930931091309,-6.979557991027832,34.70746612548828,-6.274505615234375,0.5196759104728699,47.21332550048828,-0.3301568329334259,1.42124605178833,47.703922271728516,-10.082387924194336,-6.297245025634766,36.429134368896484,-5.555403709411621,1.3554761409759521,48.99673080444336,-5.062026500701904,1.7893695831298828,49.67721939086914,-1.1309658288955688,-4.755523681640625,36.376773834228516,-8.623218536376953,-3.784599781036377,40.84843826293945,2.7915666103363037,-1.046238660812378,42.36237335205078,-2.576505184173584,2.3464269638061523,49.30666732788086,-1.4490190744400024,1.9604461193084717,48.507118225097656,-4.799145698547363,-6.882793426513672,33.57268142700195,1.2079952955245972,-2.5097529888153076,39.75668716430664,-4.747278690338135,2.473686695098877,50.690948486328125,-1.4161837100982666,-5.240670680999756,36.028892517089844,0.026720449328422546,-3.9114694595336914,38.374549865722656,-5.526028633117676,-6.970024108886719,34.16985321044922,-2.2010931968688965,2.021331548690796,48.984405517578125,3.7601675987243652,0.9510871171951294,45.192413330078125,-2.8676183223724365,-6.286680698394775,34.492218017578125,-8.966005325317383,-4.465930938720703,39.718544006347656,1.415959119796753,-2.4158999919891357,41.081871032714844,4.0284552574157715,0.36296623945236206,44.529808044433594,-5.463937759399414,0.6537991762161255,48.380699157714844,2.3959314823150635,1.0401188135147095,46.279151916503906,-8.69653606414795,-6.8590288162231445,35.559349060058594,-6.552196025848389,-7.045517921447754,34.3851432800293,-6.096724987030029,-0.34179461002349854,46.696537017822266,-6.164890766143799,0.11174696683883667,47.03324890136719,-0.8255904316902161,1.4453028440475464,48.090450286865234,-3.450422525405884,-6.326389789581299,34.7375373840332,-4.162193298339844,-6.560197830200195,34.92871856689453,1.1369383335113525,1.1921800374984741,47.01963806152344,-6.475450038909912,-0.7856734991073608,45.876861572265625,-4.689972877502441,-6.756394863128662,34.46220779418945,-7.232614517211914,-7.028850078582764,34.867210388183594,-2.1088757514953613,-5.7151780128479,35.59531021118164,3.634338855743408,0.30950039625167847,44.787139892578125,-7.350331783294678,-2.1041793823242188,43.83803176879883,-6.937597274780273,-1.840101718902588,44.43084716796875,1.953201413154602,-1.9411472082138062,41.92913055419922,0.07828252017498016,0.9157195091247559,47.28483200073242,0.8013784289360046,-2.828432559967041,40.12091827392578,2.770505905151367,0.4824523329734802,45.518558502197266,-3.67087721824646,2.0683460235595703,50.07786560058594,-8.86742877960205,-6.419589519500732,36.661643981933594,-7.832165718078613,-3.6834120750427246,41.60013961791992,-6.435412883758545,-1.502694010734558,44.98359298706055,-5.568767070770264,0.21408647298812866,47.8206787109375,-8.939529418945312,-5.753448486328125,37.980979919433594,-0.7864454388618469,-4.811871528625488,37.01428985595703,2.9238433837890625,-0.8474763631820679,43.65966033935547,-3.384824275970459,1.6826000213623047,49.80805587768555,-4.092589855194092,1.9114634990692139,49.905975341796875,-4.5290045738220215,1.8419800996780396,50.19239807128906,-6.1284637451171875,-6.812685489654541,35.528968811035156,-1.605367660522461,1.4172329902648926,48.53840255737305,-3.509136199951172,-6.251155853271484,35.51454544067383,-7.532764911651611,-6.814709663391113,35.82707214355469,-2.1670949459075928,-5.488409042358398,36.273441314697266,-5.23452091217041,-6.741682052612305,35.12044906616211,-2.6837615966796875,1.5349562168121338,49.22604751586914,-7.312891006469727,-2.894068717956543,43.11362075805664,-8.523632049560547,-5.071681499481201,39.28262710571289,-8.058609008789062,-4.688055992126465,40.026607513427734,-4.97648811340332,1.1674329042434692,49.34646224975586,-4.933969974517822,1.5536152124404907,49.88861083984375,-8.646713256835938,-5.962117671966553,37.754154205322266,0.09560426324605942,-4.089104652404785,38.691837310791016,2.9923224449157715,-0.42268106341362,44.83828353881836,-0.9026461839675903,-4.746547222137451,37.89299011230469,3.1081783771514893,-0.6417900323867798,44.25187301635742,1.7681885957717896,0.6337702870368958,46.42060470581055,2.05035138130188,0.26596400141716003,45.9616813659668,-2.537006139755249,0.9588982462882996,48.9061393737793,0.8465602993965149,0.48739689588546753,46.83571243286133,-1.8879139423370361,-5.1132588386535645,37.06291961669922,-7.325121879577637,-4.4124979972839355,40.930660247802734,-5.096644878387451,-6.5581560134887695,35.87595748901367,-7.794692516326904,-6.28897762298584,37.26335906982422,-3.1070477962493896,-5.873415946960449,36.507232666015625,-2.354004144668579,-5.352306842803955,37.33152770996094,-5.746613025665283,-1.830963373184204,45.28595733642578,-4.07145881652832,-6.301758289337158,36.060115814208984,-4.80410099029541,-0.14597713947296143,48.03169250488281,-3.9442098140716553,1.3442087173461914,49.5142822265625,0.8488694429397583,-3.1578104496002197,40.10989761352539,-0.44389328360557556,0.4962882399559021,47.54405212402344,2.390652894973755,-0.39861300587654114,45.110389709472656,-5.6559648513793945,-1.0826027393341064,46.26310729980469,-4.702794075012207,0.44770359992980957,48.88937759399414,-6.63417911529541,-6.611135482788086,36.447078704833984,-7.740461826324463,-5.8564534187316895,38.2503776550293,-4.559958457946777,1.0951652526855469,49.699974060058594,-6.061373233795166,-2.074554443359375,44.68794631958008,-6.985124111175537,-6.3600568771362305,37.212467193603516,1.7813185453414917,-2.346691608428955,41.78554916381836,-3.8533270359039307,-5.996165752410889,37.04713439941406,-5.761138439178467,-6.538843154907227,36.43070983886719,-1.8616714477539062,0.38593098521232605,48.21395492553711,-7.053629398345947,-5.362619400024414,39.3589973449707,-5.242021560668945,-0.7781454920768738,46.943424224853516,-1.2870336771011353,0.25885558128356934,47.842491149902344,0.23055382072925568,-3.6452527046203613,39.86090087890625,0.8815014362335205,-3.0017125606536865,40.861114501953125,2.5326614379882812,-1.47687566280365,43.102840423583984,1.7819769382476807,-0.5202500820159912,45.45366287231445,-0.47664713859558105,-4.397952556610107,38.867286682128906,0.6429482102394104,-0.0468766912817955,46.59003448486328,-3.383122444152832,-5.677095890045166,37.62171173095703,-6.971590518951416,-3.750519037246704,42.253814697265625,-4.965488910675049,-6.355837345123291,36.731689453125,-6.932498455047607,-4.894801139831543,40.24842071533203,-6.326035022735596,-3.021033525466919,43.60226821899414,-2.637850522994995,-5.352365970611572,37.945316314697266,-3.222337007522583,0.6226515173912048,49.036380767822266,0.04407788813114166,-0.16330955922603607,46.65812301635742,-6.3136305809021,-6.18787145614624,37.66558074951172,-6.660947322845459,-5.917049884796143,38.26198196411133,-2.0660247802734375,-5.00684928894043,38.4954833984375,-3.718871831893921,0.5712171196937561,48.88615417480469,-0.5118425488471985,-4.0343017578125,39.68175506591797,0.22744423151016235,-3.1253724098205566,40.85408020019531,-5.691971778869629,-6.263527870178223,37.334251403808594,-0.6882140636444092,-3.7144010066986084,40.896175384521484,1.4908881187438965,-2.454515218734741,42.28518295288086,-1.327405333518982,-4.5808892250061035,39.12814712524414,-4.265628814697266,0.1807423233985901,48.7252082824707,-4.584209442138672,-6.0330400466918945,37.62165069580078,2.422494411468506,-1.1948049068450928,44.123104095458984,-0.9017822742462158,-0.17468887567520142,47.372100830078125,-2.3694400787353516,-5.022828102111816,38.86964797973633,-0.012183832935988903,-3.1919500827789307,41.608768463134766,1.1292935609817505,-0.7251977920532227,45.625831604003906,-6.038887023925781,-5.602841377258301,39.02775573730469,-4.988993167877197,-5.864599704742432,38.18606948852539,-3.722167491912842,-5.576999664306641,38.256919860839844,-4.3879852294921875,-0.5662909746170044,47.73212432861328,-2.5869407653808594,0.2586817741394043,48.492584228515625,1.7234619855880737,-1.6850249767303467,43.45386505126953,0.7020361423492432,-2.6952552795410156,42.37097930908203,-5.622219562530518,-5.850557804107666,38.37508773803711,-6.359959125518799,-4.039166450500488,42.12042999267578,-5.3190460205078125,-2.6624271869659424,44.43397521972656,-3.3827803134918213,-5.187961101531982,39.16713333129883,-5.423308372497559,-5.209719657897949,39.91436767578125,-6.169831275939941,-4.798877716064453,40.674591064453125,1.7302650213241577,-1.1772563457489014,44.65994644165039,-5.089511871337891,-1.4309165477752686,46.23584747314453,-0.45017629861831665,-0.6112589836120605,46.65602493286133,-1.4960674047470093,-4.3189311027526855,40.22050857543945,0.4800945520401001,-0.6942233443260193,46.06633377075195,-5.112875938415527,-5.498645782470703,39.18416976928711,-3.888528823852539,-5.350942134857178,39.12993621826172,-3.635606050491333,-0.32079142332077026,48.05711364746094,1.0731163024902344,-2.4171125888824463,42.61531448364258,-3.0107827186584473,-0.021747589111328125,48.37167739868164,-0.7361147403717041,-3.4565317630767822,41.840599060058594,-2.5244505405426025,-4.798337936401367,39.74708938598633,-4.4978437423706055,-5.531181812286377,38.88722229003906,1.1924246549606323,-1.9298828840255737,43.687740325927734,-4.269354820251465,-1.299224853515625,46.73945999145508,-0.0007788008078932762,-3.005366802215576,42.40242004394531,-4.884582996368408,-2.132054328918457,45.396610260009766,-1.0906658172607422,-0.5417840480804443,47.0744514465332,-1.866951584815979,-0.3441764712333679,47.6363410949707,-5.7380828857421875,-4.457133769989014,41.53392791748047,-4.826354503631592,-3.1651151180267334,43.89897918701172,-3.353546619415283,-4.797913074493408,40.28934860229492,0.40925332903862,-1.4425485134124756,45.30253982543945,-5.193507671356201,-4.772989749908447,40.85762405395508,0.36332136392593384,-1.9112415313720703,44.59090805053711,-5.780168056488037,-4.028201103210449,42.34580993652344,-5.342658996582031,-3.6490249633789062,43.06338882446289,-4.28948974609375,-2.027308940887451,45.7707405090332,-2.749079942703247,-0.4491194486618042,47.89044189453125,-2.6674132347106934,-4.576486110687256,40.464012145996094,-4.327687740325928,-5.011906147003174,40.17087173461914,0.6107136011123657,-2.1718249320983887,43.85520935058594,-0.24983370304107666,-1.2638988494873047,45.89156723022461,-3.475116729736328,-0.9435294270515442,47.369991302490234,-1.800184726715088,-4.113462448120117,41.09272003173828,-0.008851215243339539,-2.683744192123413,43.31145477294922,-1.6750080585479736,-3.7419707775115967,41.95978927612305,-4.269026756286621,-4.615553379058838,41.129573822021484,-4.948714733123779,-4.403462886810303,41.71441650390625,-1.3675211668014526,-1.195946455001831,46.546546936035156,-1.9946404695510864,-0.9943029880523682,47.03981018066406,-3.0362672805786133,-4.479084491729736,40.97275161743164,-3.539133310317993,-1.662426233291626,46.36656188964844,-4.280381679534912,-2.7388010025024414,44.730247497558594,-4.512754917144775,-3.840998649597168,42.781673431396484,-2.7928266525268555,-1.2032723426818848,47.02096939086914,-0.8372107148170471,-3.0863749980926514,43.054466247558594,-0.7488534450531006,-2.8240020275115967,43.655757904052734,-0.654259204864502,-1.6275402307510376,45.68172073364258,-0.44104957580566406,-2.475282669067383,44.17252731323242,-2.847560405731201,-4.00414514541626,41.98683166503906,-3.900735855102539,-4.111020565032959,42.1011962890625,-3.028359889984131,-2.3371987342834473,45.36268997192383,-1.665596604347229,-3.501255750656128,42.615291595458984,-3.093096971511841,-3.6894850730895996,42.817665100097656,-3.848832368850708,-3.2168514728546143,43.96134567260742,-2.418045997619629,-1.8348417282104492,46.06034851074219,-3.196056604385376,-2.937330961227417,44.39141845703125,-0.8849021196365356,-2.259931802749634,44.87043380737305,-3.334136724472046,-3.4191887378692627,43.4775276184082,-2.0174098014831543,-3.312453508377075,43.33274841308594,-1.5941411256790161,-2.125566005706787,45.40381622314453,-1.7118936777114868,-2.760045051574707,44.356040954589844
