/home/arvardaz/SFT_with_CNN/output/1488798220.0643315_001.png,5.227410316467285,-4.678321361541748,-37.41822052001953,4.425401210784912,-5.738901138305664,-37.8272705078125,5.862536430358887,-5.528854846954346,-38.628238677978516,4.320744514465332,-4.879157066345215,-37.09178924560547,4.776597023010254,-6.28645658493042,-38.60652160644531,4.183612823486328,-7.051277160644531,-38.96657180786133,3.5013515949249268,-6.627623081207275,-38.11870574951172,3.3821911811828613,-7.4315266609191895,-38.89079666137695,4.918370246887207,-6.714460849761963,-39.1747932434082,6.12006950378418,-4.5437846183776855,-37.927364349365234,3.368102550506592,-5.918380260467529,-37.43340301513672,6.920660018920898,-4.362989902496338,-38.516658782958984,3.747476577758789,-7.551400661468506,-39.30674362182617,6.147433757781982,-6.216774940490723,-39.8482780456543,5.960210800170898,-3.8844220638275146,-37.30918502807617,2.851163148880005,-5.353367805480957,-36.83183288574219,2.5610272884368896,-7.076247215270996,-38.099388122558594,6.794190406799316,-5.305981159210205,-39.42658615112305,4.914306163787842,-7.505424976348877,-40.24898147583008,5.042787075042725,-7.127242565155029,-39.83940505981445,5.655194282531738,-6.87802791595459,-40.1577262878418,4.899228096008301,-3.44563889503479,-36.45697021484375,2.173901319503784,-6.655256748199463,-37.542510986328125,4.235872745513916,-8.015545845031738,-40.36430358886719,6.213298797607422,-2.906919479370117,-36.85110855102539,3.108245372772217,-4.355930328369141,-36.3005256652832,6.945621967315674,-3.4932305812835693,-37.78779983520508,2.532219409942627,-8.08064079284668,-39.32780075073242,2.8053910732269287,-8.259129524230957,-39.701961517333984,3.238725185394287,-8.417665481567383,-40.20344543457031,7.582734107971191,-3.988643169403076,-38.887393951416016,1.8534162044525146,-7.5902910232543945,-38.40403747558594,4.175186634063721,-3.036376476287842,-35.96939468383789,1.7497146129608154,-6.180681228637695,-37.00679397583008,6.800565719604492,-5.84670877456665,-40.276329040527344,7.511607646942139,-4.7622504234313965,-39.739341735839844,1.9350723028182983,-8.050680160522461,-39.095741271972656,4.638756275177002,-8.025474548339844,-40.85084915161133,7.563818454742432,-2.3122599124908447,-37.359676361083984,5.63409423828125,-7.3258185386657715,-40.860172271728516,6.099668025970459,-7.112939357757568,-41.2186393737793,2.2459352016448975,-4.740914344787598,-36.30207061767578,1.0367004871368408,-7.71042537689209,-38.26244354248047,1.0808545351028442,-6.978507995605469,-37.46531677246094,8.235737800598145,-2.520742416381836,-38.20345687866211,5.102078437805176,-7.8609089851379395,-41.104042053222656,1.4367291927337646,-8.108579635620117,-38.89745330810547,2.464153289794922,-8.441458702087402,-39.98797607421875,6.181510925292969,-1.7454755306243896,-36.050025939941406,7.233365535736084,-1.5979307889938354,-36.54526901245117,3.8772199153900146,-8.384293556213379,-40.76912307739258,3.598626136779785,-3.1230602264404297,-35.90098190307617,8.293550491333008,-3.897134780883789,-39.935184478759766,1.631744384765625,-5.291899681091309,-36.441871643066406,1.0362893342971802,-6.221012115478516,-36.892459869384766,8.173538208007812,-1.4030689001083374,-37.06673812866211,6.841157913208008,-6.208387851715088,-41.0034294128418,4.886112213134766,-2.061249017715454,-35.728031158447266,8.191512107849121,-3.39713191986084,-39.1141242980957,2.0044944286346436,-8.42386531829834,-39.573028564453125,7.7141242027282715,-5.055703639984131,-40.62679672241211,3.1962006092071533,-8.917049407958984,-41.22507858276367,4.082507610321045,-8.538090705871582,-41.12116241455078,8.932451248168945,-1.4580328464508057,-37.84951400756836,0.25624880194664,-7.616119384765625,-37.87794494628906,0.3625275194644928,-6.564346790313721,-36.91679000854492,2.385364532470703,-8.656869888305664,-40.24100112915039,9.049121856689453,-2.1731326580047607,-38.8759765625,5.343567848205566,-0.969944417476654,-35.25300598144531,6.900418281555176,-0.6447388529777527,-35.683956146240234,8.429823875427246,-0.2705826759338379,-36.354366302490234,9.158044815063477,-0.5574472546577454,-37.223304748535156,4.874507427215576,-8.346168518066406,-41.716983795166016,5.506144046783447,-7.883934020996094,-41.8548698425293,7.5540313720703125,-5.493953227996826,-41.140037536621094,-0.4028613865375519,-7.677537441253662,-37.65971755981445,3.6718335151672363,-8.799880981445312,-41.35966873168945,8.158904075622559,0.45185133814811707,-35.66958999633789,0.5081862211227417,-8.227949142456055,-38.82499694824219,8.88560962677002,-2.9020142555236816,-39.68147277832031,1.2096699476242065,-8.516684532165527,-39.617759704589844,1.3659414052963257,-8.719488143920898,-40.063072204589844,0.7339579463005066,-5.384466171264648,-36.35273742675781,1.689012050628662,-8.893101692199707,-40.6636962890625,5.202672958374023,-8.50101089477539,-42.4372673034668,4.395688056945801,-8.984857559204102,-42.21896743774414,6.807351112365723,0.21179398894309998,-35.13099670410156,2.8730857372283936,-3.4487273693084717,-35.84672927856445,-0.25632476806640625,-6.443314552307129,-36.78120803833008,10.004865646362305,0.7395058274269104,-36.998748779296875,8.547003746032715,-4.080097675323486,-41.02012252807617,5.866359233856201,-7.873650074005127,-42.49199295043945,6.515338897705078,-6.9679789543151855,-41.82857894897461,3.816451072692871,-9.093379020690918,-42.073848724365234,3.761604070663452,-2.0868594646453857,-35.4262580871582,2.798856019973755,-9.006604194641113,-41.176048278808594,9.896464347839355,-0.7257160544395447,-38.293983459472656,8.800989151000977,1.3607838153839111,-35.51073455810547,3.852475166320801,-1.1916403770446777,-35.15545654296875,5.565476417541504,0.06015393137931824,-34.80466842651367,1.6370609998703003,-3.7845585346221924,-35.869903564453125,9.578536987304688,1.0139023065567017,-36.331626892089844,-0.9818578958511353,-7.557455539703369,-37.38717269897461,-0.10035967826843262,-5.29237699508667,-36.327274322509766,-0.6149876713752747,-8.157205581665039,-38.43687438964844,4.812446117401123,-8.901703834533691,-42.60521697998047,7.646361351013184,1.1464638710021973,-34.99851989746094,10.264138221740723,0.3807118237018585,-37.67939376831055,0.7512267231941223,-4.455785751342773,-36.06735610961914,-0.7711328268051147,-7.7732391357421875,-37.96456527709961,-0.014703352004289627,-8.420186042785645,-39.294124603271484,7.463474750518799,-5.867984294891357,-42.13640213012695,9.665996551513672,-1.721045970916748,-39.30447006225586,-1.0331754684448242,-6.833895683288574,-36.93754577636719,0.49519726634025574,-8.637578964233398,-40.022090911865234,9.072885513305664,-2.9515113830566406,-40.456722259521484,8.208659172058105,-4.657347202301025,-41.50075912475586,10.493579864501953,1.9671849012374878,-36.48676681518555,2.4480905532836914,-2.7854459285736084,-35.61198806762695,9.632142066955566,2.543917655944824,-35.34904479980469,3.254127025604248,-9.284750938415527,-42.15632247924805,4.311225891113281,-9.134523391723633,-42.64165115356445,4.511937141418457,-9.279203414916992,-43.14934539794922,4.385302543640137,-0.3218831717967987,-34.82917785644531,1.0422887802124023,-8.877540588378906,-40.85886764526367,2.675128221511841,-9.20883846282959,-42.09064483642578,6.321320533752441,-7.512326717376709,-42.89900207519531,7.004817485809326,-6.527869701385498,-42.484642028808594,6.018845081329346,0.9445586800575256,-34.55144119262695,8.4527006149292,2.6020572185516357,-34.66157150268555,1.8815242052078247,-2.8161580562591553,-35.62807846069336,2.4945409297943115,-1.9249039888381958,-35.44029235839844,1.9905728101730347,-9.052027702331543,-41.56013107299805,3.7996490001678467,-9.496068000793457,-42.967979431152344,5.429839134216309,-8.74162483215332,-43.481788635253906,10.733270645141602,0.20567186176776886,-38.58779525756836,10.334537506103516,-0.57504802942276,-38.872650146484375,-1.3899872303009033,-7.776882171630859,-37.898223876953125,9.617666244506836,-2.0671467781066895,-40.12960433959961,7.176881313323975,1.7889803647994995,-34.521759033203125,10.3756685256958,3.1500117778778076,-35.545467376708984,-1.5632184743881226,-7.5173211097717285,-37.3448371887207,-0.8877720236778259,-8.270218849182129,-38.89982223510742,10.177517890930176,-1.3342558145523071,-40.04502487182617,7.896803379058838,-5.237361907958984,-42.164955139160156,3.189277172088623,-1.8086082935333252,-35.317867279052734,-1.0428895950317383,-5.363795280456543,-36.39118576049805,4.863436222076416,-9.317913055419922,-43.64897918701172,10.998635292053223,1.4807102680206299,-37.56840896606445,2.7255711555480957,-9.45224666595459,-42.8066291809082,4.356954574584961,-9.633199691772461,-43.72244644165039,5.876622676849365,-8.192869186401367,-43.47624206542969,-2.2142417430877686,-7.157585620880127,-37.00598907470703,7.498664379119873,2.7987167835235596,-34.235294342041016,9.352631568908691,3.482236862182617,-34.6828498840332,1.400803565979004,-3.2064285278320312,-35.73984146118164,9.129292488098145,-3.1917855739593506,-41.24479675292969,10.77460765838623,-0.40863046050071716,-39.826576232910156,-0.19603237509727478,-8.511783599853516,-39.810630798339844,4.9750447273254395,0.720278799533844,-34.48945617675781,7.216862678527832,-6.227654457092285,-43.13459777832031,1.2937616109848022,-8.97515869140625,-41.84349060058594,7.424892902374268,-5.905502796173096,-42.66942596435547,-1.6679415702819824,-6.266138553619385,-36.66206741333008,0.8787454962730408,-3.3441362380981445,-35.838619232177734,5.740461826324463,2.1370110511779785,-34.09553146362305,-1.3898783922195435,-8.154424667358398,-38.74456024169922,-2.6868934631347656,-7.714806079864502,-37.79584884643555,-2.216888427734375,-6.58853816986084,-36.780799865722656,-1.7647732496261597,-7.890125751495361,-38.03752899169922,3.3060617446899414,-9.71126937866211,-43.46234893798828,11.648813247680664,3.3763315677642822,-36.6455078125,11.349677085876465,1.1169004440307617,-38.588375091552734,9.783040046691895,4.117447376251221,-34.563228607177734,2.854060649871826,-1.0229753255844116,-35.171058654785156,2.04361891746521,-9.232955932617188,-42.528656005859375,12.137971878051758,2.862790822982788,-37.787109375,5.308800220489502,-9.041703224182129,-44.34858703613281,4.752987384796143,-9.620798110961914,-44.1827507019043,6.609474182128906,-7.24717903137207,-43.706356048583984,6.876893043518066,-6.7404351234436035,-43.374813079833984,6.175083637237549,2.52983021736145,-34.02122497558594,6.840763092041016,3.017515182495117,-33.995811462402344,-2.7868289947509766,-7.541653156280518,-37.345218658447266,-0.20444372296333313,-8.466023445129395,-40.435096740722656,0.3088059425354004,-8.690661430358887,-40.84676742553711,0.32519131898880005,-3.9669458866119385,-35.96710968017578,5.599133491516113,-8.597413063049316,-44.05271530151367,-2.086134910583496,-7.990096569061279,-38.55358123779297,-0.8630541563034058,-8.364602088928223,-39.768959045410156,8.138653755187988,4.056877136230469,-33.88100051879883,11.105710983276367,4.542052745819092,-35.38475036621094,11.219609260559082,0.44173967838287354,-39.33726501464844,-0.6832274794578552,-4.661388874053955,-36.371124267578125,-2.494309425354004,-7.789398193359375,-38.1412467956543,4.232226371765137,-10.099836349487305,-44.88649368286133,11.591114044189453,0.9974768161773682,-39.34767532348633,4.230880260467529,0.6020705699920654,-34.573089599609375,4.759561538696289,1.455535888671875,-34.30287170410156,1.5107263326644897,-8.8973388671875,-42.42211151123047,12.284469604492188,2.278170347213745,-38.82276916503906,3.492661237716675,-9.955767631530762,-44.34743881225586,-0.39228934049606323,-4.163501262664795,-36.1488151550293,9.840010643005371,-1.8253604173660278,-40.671905517578125,10.150260925292969,5.425987720489502,-34.18767547607422,3.2588045597076416,-0.2792384624481201,-34.9216194152832,9.60135269165039,-2.209951162338257,-41.42405700683594,-2.796367883682251,-6.81339693069458,-36.75731658935547,1.5929127931594849,-2.240767002105713,-35.55427932739258,2.330779552459717,-9.522566795349121,-43.491127014160156,4.551520347595215,-9.811007499694824,-44.620628356933594,4.946969032287598,-9.677117347717285,-45.045475006103516,5.1724700927734375,-9.401931762695312,-44.45719528198242,8.184804916381836,-4.53519868850708,-43.033660888671875,-3.3461802005767822,-7.117590427398682,-36.968109130859375,9.080901145935059,4.915534496307373,-33.80437088012695,-1.5079162120819092,-8.195574760437012,-39.594173431396484,6.12026309967041,-7.8448286056518555,-44.27735137939453,8.447763442993164,-4.208123683929443,-42.426334381103516,9.151863098144531,-3.135906457901001,-42.10356521606445,10.611429214477539,-0.753803014755249,-40.56837844848633,0.5697609782218933,-8.752808570861816,-41.5666389465332,12.565407752990723,3.766721248626709,-37.52362823486328,-3.479841947555542,-7.570754051208496,-37.570762634277344,-1.8751273155212402,-5.43840217590332,-36.47613525390625,6.778049945831299,4.1295061111450195,-33.55698013305664,0.1618327647447586,-3.277965784072876,-35.9223747253418,5.87795877456665,-8.29434871673584,-44.586822509765625,12.509437561035156,4.720712661743164,-36.790340423583984,3.7449464797973633,0.8355129957199097,-34.591556549072266,5.0156636238098145,2.4337756633758545,-34.0265007019043,11.500536918640137,0.6475614905357361,-40.13112258911133,7.719882488250732,-5.216505527496338,-43.413002014160156,-2.392850875854492,-7.945600986480713,-39.23118209838867,12.176712036132812,1.7118240594863892,-39.607513427734375,-2.648909330368042,-5.882676124572754,-36.75065231323242,-0.7601516246795654,-8.338994979858398,-40.29103088378906,5.464825630187988,-8.846263885498047,-45.148895263671875,7.075387001037598,-6.174033164978027,-43.807281494140625,11.584704399108887,5.239965915679932,-35.584815979003906,1.6248130798339844,-1.4957469701766968,-35.4966926574707,4.236747741699219,2.106353521347046,-34.29417037963867,-1.3428038358688354,-4.7618279457092285,-36.42483901977539,8.99012279510498,5.872464179992676,-33.267234802246094,10.211080551147461,-1.3035684823989868,-41.18716812133789,2.342888593673706,-0.6910010576248169,-35.28367614746094,5.826192378997803,3.537370443344116,-33.717247009277344,-3.476855516433716,-6.64626407623291,-36.720428466796875,4.668998718261719,-10.092559814453125,-45.66499710083008,11.378798484802246,0.4726646840572357,-40.7373161315918,7.733870029449463,5.131784439086914,-33.34067153930664,-3.2085533142089844,-7.6083550453186035,-38.04815673828125,10.832897186279297,6.256378173828125,-34.613887786865234,3.428450345993042,-10.174468040466309,-45.29388427734375,7.878787040710449,5.985875606536865,-33.02627944946289,0.9330897331237793,-2.285292387008667,-35.724220275878906,12.829381942749023,3.061129093170166,-38.805118560791016,11.049774169921875,0.038733094930648804,-40.79949951171875,2.728895664215088,-9.84943962097168,-44.46155548095703,0.9047635197639465,-8.775320053100586,-42.204566955566406,6.820329189300537,-6.437567710876465,-44.3548583984375,8.878363609313965,-3.3392035961151123,-42.77076721191406,1.512373447418213,-8.97960090637207,-42.8092041015625,-0.7125714421272278,-3.831692695617676,-36.21938705444336,9.743762969970703,6.7789692878723145,-33.42913818359375,13.263720512390137,4.65155029296875,-37.78911590576172,12.051094055175781,5.971904277801514,-35.95512771606445,6.281520366668701,-7.339715480804443,-44.960636138916016,13.40320873260498,3.810816764831543,-38.90788650512695,5.438561916351318,3.1211559772491455,-33.822486877441406,-2.0390610694885254,-4.518515110015869,-36.57673645019531,4.8619608879089355,-9.610730171203613,-45.69850158691406,2.5098421573638916,0.09141426533460617,-35.05527877807617,-1.252594232559204,-4.192636489868164,-36.60755920410156,5.17194128036499,-9.10305404663086,-45.94797134399414,7.297875881195068,-5.6096367835998535,-44.008758544921875,3.1272969245910645,0.8534020185470581,-34.7641716003418,12.181815147399902,1.5707941055297852,-40.348793029785156,5.6766252517700195,-8.240517616271973,-45.53359603881836,4.671454429626465,-10.125779151916504,-46.09391403198242,6.403462886810303,-6.792023181915283,-44.81779861450195,0.9340223073959351,-8.613286018371582,-42.77939224243164,1.4715285301208496,-9.073223114013672,-43.359771728515625,-1.8616712093353271,-8.106225967407227,-39.81669998168945,0.05482356250286102,-8.49804973602295,-41.7900276184082,9.635190963745117,-2.0587453842163086,-42.21303176879883,-4.466337203979492,-7.0076375007629395,-37.0765495300293,3.712857723236084,-10.377335548400879,-45.861759185791016,-2.5249385833740234,-5.3276824951171875,-36.62368392944336,8.61556339263916,6.753608226776123,-32.79773712158203,9.175956726074219,7.201116561889648,-32.902015686035156,-3.7854461669921875,-7.674138069152832,-37.62932205200195,-3.232088565826416,-5.375356197357178,-36.805110931396484,12.715518951416016,5.648104667663574,-36.690040588378906,3.803746461868286,1.9096678495407104,-34.378631591796875,6.868079662322998,5.146541595458984,-33.27216339111328,-0.14271053671836853,-2.7532448768615723,-36.027915954589844,8.477921485900879,-3.567331075668335,-43.512245178222656,10.42524528503418,6.966426372528076,-34.19183349609375,-4.334291934967041,-7.42838191986084,-37.32056427001953,-4.253198623657227,-7.574053764343262,-37.94606018066406,0.3833969831466675,-8.560997009277344,-42.27463150024414,-1.5128471851348877,-8.072528839111328,-40.47381591796875,2.1347126960754395,-9.508578300476074,-44.21290969848633,3.969482183456421,-10.530162811279297,-46.30262756347656,10.043132781982422,-1.190034031867981,-42.14906311035156,10.63923454284668,-0.5073168277740479,-41.48416519165039,13.101889610290527,2.842221260070801,-40.32625961303711,-3.186483860015869,-7.647969722747803,-38.84353256225586,-3.8411128520965576,-6.089395523071289,-36.871376037597656,13.287567138671875,3.2284629344940186,-39.77449035644531,-3.8276350498199463,-6.401001930236816,-36.885860443115234,2.7757554054260254,-9.99065113067627,-45.46274185180664,-0.7080641388893127,-3.5333542823791504,-36.290061950683594,1.2861301898956299,-0.838638424873352,-35.569149017333984,-1.026479721069336,-8.230986595153809,-40.85380172729492,11.704784393310547,6.790627956390381,-35.60028839111328,-0.26467829942703247,-8.29603385925293,-41.6525764465332,2.2648916244506836,-9.616165161132812,-44.801876068115234,4.828994274139404,3.4186103343963623,-33.84659194946289,7.390986442565918,6.3733110427856445,-32.884002685546875,1.7948142290115356,-9.259927749633789,-43.910858154296875,4.2518086433410645,3.0234315395355225,-34.11216354370117,5.902256011962891,4.365360736846924,-33.522090911865234,-0.8427481055259705,-8.061490058898926,-41.186519622802734,0.5784851312637329,-1.8289645910263062,-35.88750457763672,0.813218891620636,-1.021190881729126,-35.703575134277344,13.568103790283203,5.831356525421143,-37.67298126220703,-3.657327890396118,-7.425483703613281,-38.34794235229492,1.7969062328338623,-0.2880794405937195,-35.4642448425293,8.059666633605957,-4.1266255378723145,-43.86143112182617,-5.156187534332275,-7.108956336975098,-37.18581771850586,3.2992405891418457,1.981184720993042,-34.582374572753906,-2.5909228324890137,-7.759334087371826,-39.59716033935547,8.55856704711914,7.654308795928955,-32.46531677246094,-4.7359466552734375,-6.552865982055664,-36.86947250366211,-2.805081367492676,-4.9922685623168945,-36.7049560546875,12.65263843536377,2.3347017765045166,-40.96272277832031,-1.010650873184204,-3.174421548843384,-36.25995635986328,6.614295959472656,-6.2753190994262695,-44.91078186035156,9.39849853515625,-2.318310260772705,-42.880950927734375,13.806084632873535,4.9317522048950195,-38.444881439208984,3.1126909255981445,-10.092246055603027,-45.833229064941406,3.1137542724609375,1.6098747253417969,-34.67631912231445,11.963326454162598,1.3687140941619873,-41.08025360107422,-2.1808125972747803,-7.773397445678711,-40.049278259277344,-1.6382609605789185,-3.7042150497436523,-36.76541519165039,4.743637561798096,-9.982274055480957,-46.749610900878906,2.713092803955078,1.0148605108261108,-34.94453430175781,4.576022624969482,-9.178702354431152,-46.783790588378906,14.28158187866211,4.946986675262451,-39.34101486206055,13.84927749633789,4.129291534423828,-39.763938903808594,11.196762084960938,7.500809669494629,-35.1254997253418,2.097722053527832,0.31964170932769775,-35.236961364746094,1.070591688156128,-8.729841232299805,-43.11967086791992,0.94204181432724,-8.421969413757324,-42.94398880004883,11.503799438476562,0.8541811108589172,-41.61545181274414,9.801406860351562,7.750871181488037,-33.44301986694336,12.649660110473633,6.512393951416016,-36.65891647338867,10.682276725769043,7.720943927764893,-34.711585998535156,6.071816444396973,-7.032370090484619,-45.574867248535156,7.245163440704346,-5.081255912780762,-44.45538330078125,4.9250078201293945,4.345119476318359,-33.73476028442383,-1.7641048431396484,-7.911189079284668,-40.31257629394531,3.54652738571167,-10.532502174377441,-46.8023567199707,2.570371627807617,-9.700871467590332,-45.332637786865234,7.717223167419434,7.547837734222412,-32.553871154785156,4.323620796203613,-10.610445022583008,-47.190982818603516,-3.672785758972168,-7.261244773864746,-38.92738723754883,12.082608222961426,6.49367618560791,-36.14009094238281,-4.600919723510742,-6.774392604827881,-37.426429748535156,5.114747524261475,-8.607385635375977,-46.48115158081055,13.942296028137207,5.873345851898193,-38.372108459472656,-0.28492212295532227,-2.0485363006591797,-36.170528411865234,5.3175530433654785,5.032529830932617,-33.52762985229492,6.106287002563477,5.460081100463867,-33.29837417602539,9.029277801513672,-2.5724730491638184,-43.2571907043457,-4.60189962387085,-6.2984209060668945,-37.33570098876953,3.650319814682007,2.720478057861328,-34.46664047241211,-4.419983386993408,-6.959274768829346,-38.25626754760742,11.07861614227295,0.5417470335960388,-41.90602493286133,-3.191234588623047,-7.488193035125732,-39.24836730957031,8.895342826843262,8.405555725097656,-32.48388671875,1.6623523235321045,-9.034428596496582,-44.0230827331543,8.674455642700195,-2.941049814224243,-43.63906478881836,0.5063207149505615,-8.363449096679688,-42.70218276977539,3.259674072265625,-10.241788864135742,-46.236751556396484,1.2498953342437744,-8.710419654846191,-43.446868896484375,8.082803726196289,8.513077735900879,-32.13457107543945,-0.5659253597259521,-8.022040367126465,-41.71657943725586,6.303605556488037,-6.0720038414001465,-45.4294319152832,14.347582817077637,5.52860689163208,-39.069522857666016,-0.04340147599577904,-8.226485252380371,-42.313697814941406,10.79107666015625,0.09285806119441986,-42.0765266418457,-1.4640862941741943,-7.7087907791137695,-41.05378341674805,6.582098007202148,6.239492893218994,-33.013519287109375,9.31612491607666,8.409590721130371,-32.883026123046875,9.705912590026855,-1.5540225505828857,-42.7867431640625,10.233075141906738,-0.5899208188056946,-42.232173919677734,2.3867504596710205,-9.424336433410645,-45.04793930053711,12.969611167907715,6.951013088226318,-37.239810943603516,13.620339393615723,3.7233567237854004,-40.59107208251953,-3.6247718334198,-5.143794536590576,-37.13954544067383,4.042757987976074,-10.701727867126465,-47.57594299316406,5.734038829803467,-7.306138515472412,-46.06739044189453,5.449812412261963,-7.959481716156006,-46.249542236328125,-4.595163822174072,-6.639847755432129,-37.84552001953125,4.551449775695801,-10.07019329071045,-47.36067581176758,0.21088814735412598,-1.2570724487304688,-36.145286560058594,1.3978477716445923,0.16028687357902527,-35.62965393066406,14.313430786132812,4.799652099609375,-40.10635757446289,2.5837695598602295,1.6647032499313354,-34.97607421875,-3.031702756881714,-4.647426605224609,-37.05769348144531,-2.5996553897857666,-7.565394401550293,-40.125484466552734,8.381854057312012,9.023677825927734,-32.085540771484375,-4.198596000671387,-6.940999984741211,-38.619773864746094,-2.0614891052246094,-7.583493709564209,-40.64640426635742,-1.0730000734329224,-7.777745246887207,-41.44953155517578,-1.6926653385162354,-3.2522666454315186,-36.86813735961914,2.2592923641204834,1.0223796367645264,-35.20463943481445,1.2411187887191772,-8.686234474182129,-43.89341354370117,0.9505462050437927,-8.526309967041016,-43.43351745605469,2.9453485012054443,-9.674559593200684,-46.3032341003418,1.863158106803894,-9.230835914611816,-44.66810989379883,11.884730339050293,7.538912773132324,-36.27431869506836,5.577730178833008,5.760564804077148,-33.42203140258789,7.366344451904297,-4.240813732147217,-44.601768493652344,10.224862098693848,8.537040710449219,-34.26472473144531,13.663509368896484,6.352512359619141,-37.891510009765625,12.182965278625488,2.1506364345550537,-41.99802017211914,1.5855048894882202,-8.895536422729492,-44.59360885620117,2.628673553466797,-9.698957443237305,-46.02333068847656,-1.1097699403762817,-2.483297348022461,-36.6224250793457,0.04992347210645676,-8.066569328308105,-42.72020721435547,2.9103844165802,2.3758561611175537,-34.7917366027832,2.1499338150024414,-9.258525848388672,-45.42565155029297,1.930344581604004,-9.117481231689453,-45.043113708496094,-4.5569539070129395,-6.1455512046813965,-37.592002868652344,4.351376533508301,-9.55143928527832,-47.3062858581543,10.237410545349121,0.07256606966257095,-42.86294937133789,0.49151721596717834,-8.014115333557129,-43.33602523803711,9.924622535705566,-0.8458642363548279,-42.98505783081055,3.9630770683288574,3.594780921936035,-34.19176483154297,7.014179706573486,7.4999680519104,-32.7328987121582,1.3230477571487427,-8.579169273376465,-44.448211669921875,-3.1586544513702393,-7.169468879699707,-39.81052780151367,6.634700775146484,-5.417550563812256,-45.178958892822266,2.052201986312866,1.2392336130142212,-35.2548942565918,4.784055709838867,5.195964336395264,-33.76902389526367,-1.0123002529144287,-7.61208963394165,-41.83012771606445,1.5036414861679077,0.6994224190711975,-35.60005187988281,11.559228897094727,7.711573600769043,-35.778472900390625,4.050387382507324,-9.800494194030762,-47.12757873535156,5.88527250289917,-6.5649847984313965,-45.63139343261719,8.057242393493652,-3.070371150970459,-44.345157623291016,2.490753412246704,-9.382454872131348,-45.808475494384766,5.90807580947876,6.646149635314941,-33.14680099487305,3.533228874206543,-9.94791316986084,-46.849796295166016,6.44728422164917,7.278140544891357,-32.908199310302734,-0.4418070912361145,-7.805146217346191,-41.82847213745117,-0.1494336575269699,-1.2074651718139648,-36.34341049194336,14.01695728302002,4.325011253356934,-40.69593811035156,14.293850898742676,6.331149578094482,-38.92102813720703,-3.496267557144165,-6.639750003814697,-39.55574417114258,13.420408248901367,3.6150588989257812,-41.25918197631836,14.949630737304688,5.895788192749023,-39.88520050048828,-2.565135955810547,-3.787416934967041,-37.31375503540039,-0.7378284335136414,-7.691624641418457,-42.1572265625,4.037178039550781,4.282948970794678,-34.193748474121094,9.485310554504395,9.154801368713379,-33.1760139465332,3.340651750564575,-9.78811264038086,-46.908973693847656,7.593744277954102,8.909036636352539,-32.25696563720703,14.7847261428833,5.465569972991943,-40.295555114746094,14.787676811218262,6.175782680511475,-39.538047790527344,-3.809746503829956,-6.723188400268555,-39.20597839355469,0.45749491453170776,-0.4159434139728546,-36.01824188232422,8.988466262817383,-2.0797805786132812,-43.661781311035156,-4.252263069152832,-5.667637825012207,-37.78910446166992,-0.8217021226882935,-1.5820037126541138,-36.83334732055664,7.153045654296875,-4.706338405609131,-44.80180358886719,-0.29537278413772583,-7.83250093460083,-42.713314056396484,9.545296669006348,-1.20944344997406,-43.44487380981445,-4.361860752105713,-6.339799404144287,-38.448455810546875,0.9687907099723816,0.2706734240055084,-35.86968231201172,11.168721199035645,8.19069766998291,-35.56198501586914,3.3232645988464355,3.222820997238159,-34.67302322387695,9.683734893798828,9.389300346374512,-33.866817474365234,11.364228248596191,1.4220991134643555,-42.55238723754883,0.8498994708061218,-8.182966232299805,-43.696617126464844,-3.5024638175964355,-4.740082740783691,-37.638675689697266,6.89091682434082,8.121511459350586,-32.679569244384766,4.53657341003418,-8.382879257202148,-47.027008056640625,9.135943412780762,9.260635375976562,-32.895877838134766,-2.713305950164795,-7.1309075355529785,-40.56340789794922,-1.8107417821884155,-7.069664478302002,-41.15785598754883,-1.6311595439910889,-7.110706329345703,-41.52810287475586,7.870964050292969,9.929569244384766,-31.795347213745117,7.6788530349731445,-3.582146167755127,-44.576290130615234,12.940093994140625,7.44746732711792,-37.50279235839844,12.364057540893555,7.839128494262695,-37.22597885131836,13.182201385498047,7.2444658279418945,-37.98896789550781,5.291871547698975,6.30675745010376,-33.511085510253906,13.639546394348145,7.256782531738281,-38.31440734863281,5.085151672363281,-7.565197467803955,-46.6151008605957,-1.6719257831573486,-2.4640464782714844,-37.48979949951172,4.966164588928223,5.761001110076904,-33.6881217956543,2.874221086502075,-9.169955253601074,-46.67267608642578,1.061585545539856,-8.205357551574707,-44.39626693725586,11.746426582336426,1.7761985063552856,-42.320770263671875,12.923234939575195,3.2860944271087646,-41.7855339050293,1.8604459762573242,1.528747797012329,-35.50370788574219,8.608297348022461,9.483997344970703,-32.67716598510742,0.1706807017326355,-7.520046234130859,-43.684959411621094,3.6831717491149902,-9.204045295715332,-47.24089813232422,-2.0331358909606934,-3.074831008911133,-37.520076751708984,2.5925955772399902,2.828000545501709,-35.141056060791016,-4.08195686340332,-6.100915431976318,-38.89646911621094,-3.151465892791748,-6.351665019989014,-40.15505599975586,0.6059935092926025,-7.5247111320495605,-43.946556091308594,14.3755464553833,7.377933025360107,-39.273887634277344,10.543914794921875,8.74298095703125,-35.09825134277344,-4.066093921661377,-5.43879508972168,-38.54779052734375,15.48314094543457,6.701837062835693,-40.59312057495117,4.06593132019043,5.156914234161377,-34.33518600463867,0.7736836671829224,0.6422517895698547,-36.17633056640625,2.0337774753570557,-8.424019813537598,-45.795475006103516,10.71558666229248,0.994690477848053,-42.963951110839844,14.865029335021973,7.412039279937744,-39.97111129760742,11.36153507232666,8.512040138244629,-36.382991790771484,-0.2705981135368347,-0.5170798301696777,-36.76152801513672,3.978853464126587,-8.767224311828613,-47.357723236083984,-1.2172355651855469,-7.123608112335205,-42.13419723510742,-0.33380797505378723,-7.260547637939453,-43.10655975341797,-1.2709294557571411,-1.9418830871582031,-37.45795440673828,14.544106483459473,5.4385786056518555,-41.438819885253906,15.19966983795166,6.139368534088135,-40.75843048095703,0.7584291100502014,-7.736661911010742,-44.253395080566406,5.569708824157715,-6.149853229522705,-45.967926025390625,13.84900188446045,4.474671363830566,-41.66282653808594,1.3639289140701294,1.3746483325958252,-35.87052536010742,5.601955413818359,7.179727554321289,-33.41023254394531,8.207125663757324,9.990436553955078,-32.52477264404297,10.76278018951416,8.645009994506836,-35.802181243896484,-1.8509008884429932,-6.328461170196533,-41.594905853271484,6.3231096267700195,7.96488094329834,-32.95835494995117,6.618583679199219,-4.669352054595947,-45.33079528808594,-0.7968683838844299,-1.139000654220581,-37.2645263671875,8.18029499053955,-2.493180274963379,-44.343074798583984,1.8817908763885498,2.0658633708953857,-35.63013458251953,4.331587314605713,5.74547815322876,-34.28144073486328,-3.017714500427246,-3.9089272022247314,-38.31612777709961,6.153100967407227,-5.237874507904053,-45.62392044067383,11.897985458374023,8.104048728942871,-36.60478973388672,-2.46528959274292,-6.543158054351807,-41.017173767089844,12.455764770507812,8.208759307861328,-37.7026481628418,3.3033668994903564,3.9929239749908447,-34.8183708190918,13.317731857299805,3.88533878326416,-41.8690299987793,6.937010288238525,8.977608680725098,-32.58655548095703,10.084757804870605,9.174444198608398,-34.50399398803711,1.1679431200027466,-7.680751800537109,-44.95709228515625,4.5500569343566895,-7.006414890289307,-46.74226379394531,5.111735820770264,-6.027017116546631,-46.319786071777344,-2.4405879974365234,-3.228191614151001,-37.883541107177734,12.77192497253418,7.78488302230835,-37.97317123413086,7.492373943328857,9.76573371887207,-32.24201965332031,8.461352348327637,10.86865234375,-31.205842971801758,8.101179122924805,10.800674438476562,-31.355287551879883,7.796010971069336,10.526758193969727,-31.953779220581055,15.085977554321289,7.6072797775268555,-40.265892028808594,8.986047744750977,10.062789916992188,-32.808677673339844,9.361828804016113,-0.3719695508480072,-43.84895706176758,8.177250862121582,10.338608741760254,-31.958106994628906,14.776347160339355,5.759891510009766,-41.068626403808594,8.491061210632324,10.67945384979248,-32.360572814941406,8.562816619873047,10.92375659942627,-31.887907028198242,-3.697840690612793,-5.425107479095459,-39.2959098815918,3.548161506652832,-8.53676986694336,-47.214073181152344,7.0133376121521,-3.6775879859924316,-45.05650329589844,-3.524629831314087,-4.8068976402282715,-39.1331672668457,-3.291158676147461,-4.2828145027160645,-38.771480560302734,8.509186744689941,-1.7372597455978394,-44.153709411621094,10.356582641601562,9.34666919708252,-35.5101432800293,12.44885540008545,3.168916940689087,-42.37651824951172,13.687047958374023,7.7397942543029785,-38.70368194580078,2.6736390590667725,-8.234150886535645,-46.56929397583008,9.087494850158691,10.156699180603027,-33.659305572509766,11.452142715454102,2.342451810836792,-42.9885139465332,5.550161361694336,7.6865739822387695,-33.57710266113281,6.263648986816406,8.66737174987793,-33.095924377441406,3.0921895503997803,4.353738784790039,-35.25251770019531,13.191706657409668,7.834988594055176,-38.30575180053711,-2.3618085384368896,-2.8940203189849854,-38.488494873046875,5.6699323654174805,-4.821602821350098,-45.909332275390625,7.398234844207764,-2.803065776824951,-44.856040954589844,9.934958457946777,0.6840733289718628,-43.50677490234375,12.074503898620605,8.451241493225098,-37.4693489074707,14.247577667236328,7.857451438903809,-39.458290100097656,8.721565246582031,-1.0911314487457275,-44.217445373535156,-2.8561129570007324,-5.0725555419921875,-40.616355895996094,-1.542767882347107,-6.064948081970215,-42.22378158569336,-0.6738387942314148,-6.625767707824707,-43.06064224243164,15.127853393554688,6.537299633026123,-41.29294967651367,1.9417189359664917,2.810502052307129,-35.90553283691406,4.797719478607178,6.693671703338623,-34.07802963256836,8.909857749938965,10.433134078979492,-32.95232391357422,8.062554359436035,10.828947067260742,-32.054298400878906,3.76897931098938,-7.426830291748047,-46.885467529296875,6.349097728729248,9.153722763061523,-33.065643310546875,9.933043479919434,9.63829517364502,-34.95613098144531,-0.19043143093585968,-6.636865615844727,-43.7806510925293,15.700172424316406,7.289793491363525,-41.17359161376953,0.5406736731529236,1.1851563453674316,-36.846466064453125,-0.3452756404876709,-0.15273801982402802,-37.27107620239258,1.380915641784668,1.9997398853302002,-36.2094841003418,6.13308572769165,-4.409381866455078,-45.672637939453125,3.0827178955078125,-7.5375471115112305,-46.806400299072266,5.793022632598877,8.379773139953613,-33.569190979003906,6.755998611450195,9.600614547729492,-32.76441955566406,9.604066848754883,9.86823844909668,-34.37906265258789,-2.5039291381835938,-5.501966953277588,-40.91978073120117,7.980040550231934,-1.6321938037872314,-44.58599090576172,7.052117347717285,9.88935375213623,-32.87057113647461,13.632844924926758,7.832002639770508,-38.975826263427734,1.5315449237823486,-7.217442512512207,-45.4964599609375,11.35161304473877,8.896121978759766,-36.96268844604492,13.775314331054688,4.99274206161499,-42.1939582824707,-1.4476374387741089,-1.7240508794784546,-38.351436614990234,-3.2967941761016846,-4.894113063812256,-39.703792572021484,0.20012225210666656,-6.720250129699707,-44.088836669921875,6.589714050292969,-3.6543877124786377,-45.36627197265625,12.432806015014648,3.8096015453338623,-42.70067596435547,15.110612869262695,6.614962100982666,-41.84609603881836,5.1713690757751465,-5.19874382019043,-46.10334396362305,10.933987617492676,1.9002634286880493,-43.178531646728516,-3.063581943511963,-5.135861873626709,-40.13673782348633,2.259486198425293,3.588202714920044,-36.109806060791016,3.8392889499664307,5.732783317565918,-34.97349166870117,7.793254375457764,10.701008796691895,-32.52070617675781,12.998807907104492,8.260300636291504,-38.5634880065918,13.445976257324219,8.155529975891113,-38.95320129394531,1.9517251253128052,-6.833170413970947,-45.86418151855469,8.145115852355957,-0.9917948842048645,-44.486724853515625,0.49422329664230347,-6.671291828155518,-44.528804779052734,10.394759178161621,1.692590594291687,-43.54902648925781,7.9708662033081055,10.740303039550781,-32.921504974365234,5.983358383178711,8.832773208618164,-33.589141845703125,8.501505851745605,10.509469032287598,-33.53083801269531,10.465156555175781,9.157086372375488,-36.12176513671875,15.366401672363281,7.744729518890381,-41.18680953979492,5.142714023590088,7.784265041351318,-34.31015396118164,4.832920551300049,7.205513954162598,-34.38307189941406,4.7389702796936035,-5.664076328277588,-46.42018508911133,14.308629989624023,8.2114839553833,-40.083213806152344,4.011979103088379,-6.24799108505249,-46.63720703125,6.6680731773376465,-2.679715871810913,-45.1861457824707,-2.916943073272705,-4.01115083694458,-39.601985931396484,2.621500015258789,-6.70142126083374,-46.37618637084961,-1.948772668838501,-5.082888126373291,-41.700225830078125,14.60219669342041,6.075326442718506,-42.01443099975586,12.754676818847656,4.562995433807373,-42.76414108276367,11.796738624572754,8.768685340881348,-37.723876953125,12.932344436645508,8.548415184020996,-38.944114685058594,7.442356109619141,10.74509048461914,-32.75230026245117,13.769147872924805,8.26372241973877,-39.507484436035156,9.245731353759766,10.046143531799316,-34.680015563964844,7.502773284912109,-1.5983576774597168,-44.763572692871094,9.279263496398926,0.7963192462921143,-44.01557540893555,-0.9196632504463196,-0.7817788124084473,-38.21908950805664,15.321023941040039,8.028800964355469,-40.9056396484375,3.25874662399292,5.209810733795166,-35.68882369995117,2.5929479598999023,4.190764427185059,-36.059574127197266,7.306203365325928,10.324074745178223,-32.891109466552734,11.647146224975586,3.492044448852539,-43.045654296875,13.447561264038086,8.510147094726562,-39.28490447998047,14.249638557434082,6.044196605682373,-42.31663513183594,15.687891960144043,7.695078372955322,-41.49906539916992,-2.839674711227417,-4.352574348449707,-40.24156951904297,-0.657825231552124,-5.634169101715088,-43.32876968383789,5.217627048492432,-4.220875263214111,-45.963401794433594,9.61475944519043,9.805522918701172,-35.815242767333984,6.017737865447998,-3.4404938220977783,-45.61201095581055,15.548799514770508,7.568032741546631,-41.90596389770508,10.92452335357666,2.7395434379577637,-43.341102600097656,-2.468773603439331,-3.2179908752441406,-39.50733947753906,1.4096016883850098,2.7258033752441406,-36.88662338256836,8.469439506530762,-0.41587549448013306,-44.384910583496094,6.860387802124023,10.104308128356934,-33.560115814208984,12.270730018615723,8.492979049682617,-38.36569595336914,10.052436828613281,9.489925384521484,-36.2788200378418,14.656434059143066,8.458539962768555,-40.49290084838867,0.5640002489089966,1.5849400758743286,-37.25153732299805,12.77511215209961,5.006503105163574,-42.858123779296875,10.582015991210938,9.19533634185791,-37.13242721557617,9.825849533081055,1.4491758346557617,-43.78624725341797,4.293430805206299,6.86974573135376,-35.216060638427734,-1.8359698057174683,-2.257711172103882,-39.1131706237793,6.934994697570801,-1.5901648998260498,-45.0335807800293,10.541901588439941,2.432485342025757,-43.520896911621094,6.312648296356201,-1.9308401346206665,-45.18494415283203,13.396202087402344,5.267707347869873,-42.61065673828125,8.784173965454102,10.321202278137207,-34.647891998291016,-0.302312970161438,0.21684430539608002,-37.93376159667969,0.8974239230155945,-5.475905895233154,-44.863800048828125,-1.2273041009902954,-1.282232403755188,-39.49238586425781,14.910898208618164,6.907165050506592,-42.17867660522461,8.327971458435059,10.501605987548828,-34.2391357421875,-2.0285274982452393,-3.9065558910369873,-41.135440826416016,12.027997016906738,4.437498569488525,-43.05491256713867,11.754055976867676,8.634366989135742,-38.55386734008789,8.588968276977539,0.3273874819278717,-44.333824157714844,-2.474177360534668,-3.4448864459991455,-40.142189025878906,14.176474571228027,8.460832595825195,-40.149391174316406,7.796606063842773,10.443892478942871,-34.238433837890625,0.189395472407341,-5.362548828125,-44.24384307861328,7.413212299346924,10.710339546203613,-33.60254669189453,15.5436429977417,8.414911270141602,-41.3725471496582,15.888272285461426,8.06124496459961,-41.906673431396484,3.105783700942993,-5.7462639808654785,-46.348716735839844,-2.335782527923584,-3.6208629608154297,-40.72281265258789,4.284303665161133,-4.554300785064697,-46.10050582885742,9.140366554260254,10.074396133422852,-35.55752944946289,11.640939712524414,4.301349639892578,-43.215763092041016,11.583308219909668,8.866236686706543,-37.9716796875,5.595865726470947,8.631831169128418,-34.44621658325195,3.386430501937866,-4.981813430786133,-46.20268630981445,7.3843092918396,-0.9854108691215515,-44.82510757446289,3.551504611968994,5.892431259155273,-35.94296646118164,-1.6028773784637451,-4.547341823577881,-42.05254364013672,7.828477382659912,-0.024046173319220543,-44.60414505004883,1.9350754022598267,3.7142574787139893,-37.14263153076172,12.308913230895996,8.862908363342285,-39.05294418334961,13.692502975463867,8.549409866333008,-39.941043853759766,-1.7858363389968872,-2.369074821472168,-39.76649475097656,0.29523366689682007,1.3313010931015015,-37.99903106689453,16.198457717895508,8.172722816467285,-41.84601593017578,12.951507568359375,8.749826431274414,-39.67790985107422,13.633044242858887,6.042216777801514,-42.62558364868164,11.105242729187012,9.163050651550293,-37.963356018066406,2.2567570209503174,-5.616678714752197,-45.90210723876953,-0.5960475206375122,-4.798050880432129,-43.28953170776367,5.452000141143799,-2.9204232692718506,-45.600830078125,6.303986072540283,9.670158386230469,-34.480594635009766,-0.636900007724762,-0.29153507947921753,-39.21035385131836,1.9648255109786987,-4.979177951812744,-45.57602310180664,10.027632713317871,2.7610678672790527,-43.780704498291016,11.038818359375,3.878995656967163,-43.35005569458008,14.715033531188965,7.1954874992370605,-42.2436637878418,14.794227600097656,8.551371574401855,-41.066226959228516,-2.0084264278411865,-2.5049145221710205,-40.09889221191406,1.078018069267273,2.5328197479248047,-37.701133728027344,9.982072830200195,9.507726669311523,-36.724822998046875,3.8980772495269775,6.524709701538086,-35.970306396484375,11.332104682922363,8.910787582397461,-38.66661071777344,8.450613021850586,10.292641639709473,-35.10578536987305,2.7696433067321777,4.76038122177124,-36.564327239990234,-1.719145655632019,-3.1779625415802,-41.08136749267578,13.959492683410645,6.682826042175293,-42.53207778930664,15.530600547790527,8.335331916809082,-41.92466735839844,3.79353404045105,-4.20009708404541,-45.97465896606445,12.918083190917969,5.716878414154053,-42.813594818115234,10.15796947479248,9.325654983520508,-37.620033264160156,9.520609855651855,2.249725341796875,-43.95786666870117,14.18099308013916,8.671286582946777,-40.750492095947266,15.829275131225586,8.579461097717285,-41.81032943725586,7.076462745666504,10.406705856323242,-34.46747589111328,8.810660362243652,1.577492356300354,-44.2309684753418,10.480626106262207,3.445286512374878,-43.46689987182617,12.383984565734863,8.824347496032715,-39.43734359741211,16.251365661621094,8.496567726135254,-42.36427688598633,-1.073994755744934,-3.580636501312256,-42.2603759765625,8.058952331542969,0.9004532098770142,-44.4911994934082,14.67570686340332,8.333505630493164,-41.762001037597656,5.029914379119873,8.160445213317871,-35.73794174194336,9.876925468444824,9.638626098632812,-37.144710540771484,14.839454650878906,7.92238712310791,-42.02409744262695,8.387267112731934,10.217093467712402,-35.81970977783203,6.815671920776367,10.197778701782227,-34.56101989746094,9.336082458496094,9.825860023498535,-36.66845703125,16.056997299194336,8.80197811126709,-42.218833923339844,11.644966125488281,8.987702369689941,-39.002525329589844,14.485774040222168,8.583235740661621,-41.457244873046875,15.143792152404785,8.530012130737305,-41.78313064575195,-1.1835170984268188,-0.9594739079475403,-39.757965087890625,5.695023059844971,9.011205673217773,-35.361717224121094,-1.337174415588379,-2.3565001487731934,-40.779720306396484,13.561383247375488,8.735699653625488,-40.84736633300781,7.608745098114014,10.169881820678711,-35.34723663330078,-0.09440094977617264,-4.208195686340332,-43.625789642333984,-1.4745447635650635,-1.8189311027526855,-40.300636291503906,3.7385993003845215,-3.3545217514038086,-45.68268966674805,4.752015590667725,-2.402555227279663,-45.48467254638672,5.5330705642700195,-1.9099138975143433,-45.323692321777344,1.0517889261245728,-4.4904279708862305,-44.75115203857422,12.095369338989258,5.228339195251465,-43.02959060668945,10.528321266174316,9.164999008178711,-38.734825134277344,2.969987392425537,-4.071279048919678,-45.76875686645508,13.351480484008789,6.875834941864014,-42.706809997558594,13.823958396911621,7.620812892913818,-42.36545944213867,0.3294006884098053,1.224374532699585,-38.875831604003906,6.544339179992676,-0.2723661959171295,-44.894683837890625,4.580960273742676,7.53502893447876,-36.21657180786133,12.998498916625977,8.798173904418945,-40.230125427246094,11.819191932678223,8.9716157913208,-39.430728912353516,-1.1828914880752563,-2.809436321258545,-41.57521438598633,2.789954900741577,4.837915897369385,-37.19487762451172,14.732032775878906,8.459890365600586,-42.10812759399414,-0.09296781569719315,0.8711416125297546,-39.24257278442383,1.5207045078277588,3.3078453540802,-38.342899322509766,-0.6279778480529785,-2.7977516651153564,-42.33992004394531,12.430985450744629,8.849587440490723,-40.06959533691406,7.142602443695068,9.917980194091797,-35.38288497924805,-1.0674421787261963,-1.0107083320617676,-40.277618408203125,5.589014053344727,-1.2174943685531616,-45.123497009277344,3.470433235168457,5.954016208648682,-37.51070785522461,6.246227741241455,9.692883491516113,-35.33125686645508,12.46983528137207,6.5958428382873535,-42.86280822753906,8.352977752685547,9.867762565612793,-36.64120101928711,1.5154041051864624,-3.756566047668457,-44.886505126953125,-0.1401429921388626,-3.2650351524353027,-43.14555358886719,11.111711502075195,5.106943607330322,-43.27088928222656,11.65298080444336,5.235727310180664,-43.152191162109375,10.957475662231445,9.142130851745605,-39.194007873535156,-0.723204493522644,-1.1835696697235107,-40.78076171875,-0.4969085454940796,-1.4427211284637451,-41.47330856323242,9.383373260498047,9.610017776489258,-37.655555725097656,10.510448455810547,4.330432415008545,-43.48958206176758,-0.6664990782737732,-2.09098744392395,-41.76610565185547,0.4114457666873932,-3.3303563594818115,-43.76789474487305,-0.3818064033985138,0.19536192715168,-39.83662033081055,6.507526874542236,9.650065422058105,-35.724151611328125,8.828226089477539,2.480459213256836,-44.12838363647461,9.162784576416016,3.1396403312683105,-43.916011810302734,4.042603015899658,6.845225811004639,-37.178672790527344,9.76256275177002,9.196982383728027,-38.632015228271484,2.916769504547119,4.916814804077148,-37.80915832519531,7.382928848266602,9.629639625549316,-36.462162017822266,13.65809154510498,8.745925903320312,-41.4269905090332,2.4927213191986084,-3.1103360652923584,-45.14077377319336,6.683603763580322,0.7743853330612183,-44.6010856628418,9.492935180664062,3.8111846446990967,-43.58192443847656,11.893643379211426,6.1869587898254395,-42.999603271484375,3.7105751037597656,-2.2794601917266846,-45.267398834228516,0.47924378514289856,1.9333677291870117,-38.93309783935547,5.356019496917725,8.563261032104492,-36.5033073425293,13.110846519470215,8.792078971862793,-41.38469314575195,13.628338813781738,8.379959106445312,-41.738792419433594,13.910858154296875,8.335548400878906,-42.18107986450195,0.45705342292785645,-2.176257610321045,-43.1595458984375,11.49967098236084,8.996844291687012,-39.89731979370117,-0.23354502022266388,-0.6462464928627014,-41.0713996887207,1.2013529539108276,-2.8316867351531982,-44.197784423828125,0.16756229102611542,0.6303633451461792,-39.99048614501953,-0.08048747479915619,-1.9373564720153809,-42.368770599365234,12.40112590789795,8.81876277923584,-40.794952392578125,7.846914291381836,2.1007308959960938,-44.33501052856445,4.72607421875,-1.158555507659912,-45.05682373046875,5.206737518310547,-0.37410417199134827,-44.791229248046875,13.15406322479248,7.538339138031006,-42.584144592285156,13.707389831542969,7.904415130615234,-42.515987396240234,3.3140439987182617,-2.229029655456543,-45.122596740722656,1.5277070999145508,3.6237759590148926,-38.53561782836914,6.262387275695801,9.42017936706543,-36.63954162597656,1.0392651557922363,2.513383388519287,-39.3072509765625,5.7428460121154785,9.089348793029785,-36.47840118408203,8.390298843383789,9.65538215637207,-37.37112045288086,7.758297443389893,9.552694320678711,-37.24653625488281,11.745198249816895,8.77450180053711,-40.94794845581055,8.887201309204102,9.417922019958496,-38.23143768310547,0.7438424825668335,1.3341596126556396,-39.86994552612305,5.5793137550354,0.7198059558868408,-44.481441497802734,0.39547935128211975,-1.312788724899292,-42.45193099975586,2.456618309020996,-2.0056886672973633,-44.585208892822266,0.4002026915550232,0.28798651695251465,-40.947208404541016,0.9040707349777222,1.2887578010559082,-40.43465042114258,9.120833396911621,4.532542705535889,-43.459651947021484,0.2522697150707245,-0.5770460367202759,-41.68441390991211,11.418102264404297,6.892641544342041,-42.81277084350586,12.940413475036621,8.280782699584961,-41.85722732543945,2.6475706100463867,4.998726844787598,-37.987098693847656,9.808012008666992,9.142377853393555,-39.346736907958984,6.675792694091797,9.244043350219727,-37.124122619628906,10.150927543640137,5.191537380218506,-43.29372787475586,12.266434669494629,7.496309757232666,-42.69379806518555,1.3018335103988647,-1.8358911275863647,-43.716312408447266,3.2737066745758057,-1.3041239976882935,-44.6515998840332,13.11230182647705,8.080538749694824,-42.4945068359375,8.757611274719238,3.9271631240844727,-43.59244918823242,2.037869691848755,-1.5230445861816406,-44.08030700683594,3.7392170429229736,6.703115463256836,-37.49857711791992,0.9068150520324707,0.2506791353225708,-41.7254753112793,0.9806472659111023,-1.3135967254638672,-43.09025573730469,10.673796653747559,8.779715538024902,-40.607948303222656,3.934990644454956,-0.12475227564573288,-44.310237884521484,10.560934066772461,5.910284042358398,-43.08828353881836,10.14322280883789,8.882603645324707,-40.16936111450195,2.4152538776397705,4.511681079864502,-38.612186431884766,3.1451237201690674,5.559024333953857,-38.155426025390625,4.761340618133545,8.011886596679688,-36.95212173461914,7.021932125091553,9.144104957580566,-37.73524475097656,1.6317518949508667,3.4540557861328125,-39.17912673950195,8.448161125183105,9.202263832092285,-38.61602020263672,1.2483209371566772,0.922041654586792,-41.43270492553711,6.617666244506836,1.8214739561080933,-44.33293914794922,0.9409670829772949,-0.6200469732284546,-42.56613540649414,4.698695659637451,0.5384705662727356,-44.27207946777344,7.596828460693359,3.113184690475464,-43.95887756347656,1.3464471101760864,1.5750846862792969,-40.85859680175781,11.852574348449707,8.50462532043457,-41.6659049987793,8.649030685424805,8.899282455444336,-39.11078643798828,2.122405767440796,-0.7903106212615967,-43.70357131958008,2.7824690341949463,-0.6066854000091553,-43.98696517944336,1.65203857421875,2.2868969440460205,-40.472557067871094,11.943551063537598,8.0887451171875,-41.96688461303711,2.3444950580596924,3.9815597534179688,-39.282005310058594,3.324202537536621,5.165885925292969,-38.6619987487793,1.6312743425369263,-0.6369782090187073,-43.21635818481445,3.2948288917541504,4.731137752532959,-39.66072082519531,4.044539928436279,6.918702602386475,-37.95245361328125,1.9906383752822876,3.15106463432312,-39.956905364990234,11.799315452575684,7.695449352264404,-42.516300201416016,1.488692283630371,0.23347386717796326,-42.451416015625,5.553649425506592,8.663036346435547,-37.23672866821289,9.41336727142334,8.848003387451172,-40.01527404785156,1.9645854234695435,2.3825366497039795,-40.82688522338867,3.77311635017395,5.598796367645264,-39.15457534790039,7.234773635864258,8.902352333068848,-38.36295700073242,3.1574628353118896,0.3055570423603058,-43.671722412109375,2.080312967300415,0.37561681866645813,-42.826454162597656,1.7991615533828735,1.1715525388717651,-41.8362922668457,10.775099754333496,7.004251956939697,-42.69599914550781,11.03060245513916,8.55871295928955,-41.27418518066406,5.131679534912109,7.807835578918457,-37.75387191772461,4.242498397827148,6.532697677612305,-38.659271240234375,2.4557573795318604,0.11863910406827927,-43.306068420410156,6.077600002288818,2.1573896408081055,-44.066925048828125,7.878015995025635,4.308765888214111,-43.387813568115234,2.424088478088379,2.001951217651367,-41.713993072509766,3.6571879386901855,1.2906897068023682,-43.35640335083008,4.674437999725342,1.322034478187561,-43.87448501586914,6.139703273773193,8.631591796875,-37.88745880126953,9.641609191894531,5.5903520584106445,-43.13709259033203,8.52399730682373,8.669690132141113,-39.72447967529297,2.830589771270752,3.823747396469116,-40.320831298828125,7.7619476318359375,8.822548866271973,-38.939456939697266,2.9287002086639404,0.9859909415245056,-43.05713653564453,2.4960310459136963,1.6862863302230835,-42.13703918457031,10.812411308288574,7.677342414855957,-42.16908264160156,4.42128849029541,6.899449825286865,-38.33019256591797,10.937276840209961,8.252662658691406,-41.68715286254883,4.003180027008057,5.368417739868164,-39.89077377319336,2.657869338989258,2.908031702041626,-41.1229133605957,2.4903414249420166,1.1532707214355469,-42.559654235839844,5.296537399291992,7.6964497566223145,-38.35150909423828,9.660500526428223,6.462039947509766,-42.708595275878906,4.324463367462158,6.172288417816162,-39.333518981933594,8.595185279846191,5.212568759918213,-43.13187026977539,9.064347267150879,8.571582794189453,-40.26177215576172,9.831936836242676,8.47329044342041,-40.860721588134766,5.198875904083252,2.180579662322998,-43.7025146484375,7.0179619789123535,4.305399417877197,-43.1829948425293,3.291496753692627,2.7979249954223633,-41.876644134521484,6.836000442504883,8.337430953979492,-39.174964904785156,4.380721092224121,2.068561315536499,-43.28791427612305,6.133805751800537,7.856103420257568,-39.233184814453125,5.961400508880615,2.689824342727661,-43.766624450683594,6.436395168304443,3.4378437995910645,-43.511741638183594,8.620279312133789,5.849959850311279,-42.8183708190918,10.258066177368164,8.131181716918945,-41.60594177246094,3.259570837020874,3.3201050758361816,-41.35059356689453,3.4792613983154297,2.136138677597046,-42.6086311340332,5.44980001449585,7.502475261688232,-38.954795837402344,7.554748058319092,8.336714744567871,-39.71979522705078,9.922719955444336,7.372390270233154,-42.20112609863281,3.5695693492889404,4.255190849304199,-40.72500228881836,5.044596195220947,6.796088695526123,-39.48243713378906,4.248592376708984,4.921713352203369,-40.73793029785156,4.252834796905518,2.825695037841797,-42.6845817565918,5.002729892730713,2.802743434906006,-43.21964645385742,8.418671607971191,8.118387222290039,-40.662803649902344,9.090550422668457,8.061047554016113,-41.13468551635742,3.7542762756347656,3.455698013305664,-41.72651672363281,8.88939380645752,6.704817295074463,-42.3203125,7.542240142822266,5.198875427246094,-42.870426177978516,5.798122406005859,3.780766010284424,-42.98243713378906,9.26076889038086,7.584171295166016,-41.786529541015625,4.958817481994629,6.155601501464844,-40.18732452392578,5.432566165924072,6.617918014526367,-40.19219207763672,7.344904899597168,7.990819454193115,-40.13949203491211,5.833611011505127,7.138166427612305,-39.96440124511719,4.560600757598877,4.254358291625977,-41.68766403198242,4.9833760261535645,3.699507713317871,-42.49227523803711,7.647487640380859,6.3895721435546875,-42.033565521240234,4.767995357513428,5.379481792449951,-40.82962417602539,5.333932399749756,4.671220302581787,-41.966644287109375,6.602778434753418,4.975612640380859,-42.59920883178711,8.130600929260254,7.208370685577393,-41.577781677246094,6.762367248535156,5.659465312957764,-42.15630340576172,6.546627044677734,7.348193645477295,-40.38637924194336,5.982495307922363,4.969664573669434,-42.20520782470703,5.433101654052734,5.666940212249756,-41.21596908569336,7.224341869354248,7.282018661499023,-40.97126007080078,6.252577304840088,6.531667709350586,-41.05385208129883
