/home/arvardaz/SFT_with_CNN/output/1488554893.0365283_1530.png,-3.7270305156707764,-1.6740533113479614,-40.52763366699219,-4.9537153244018555,-2.304900646209717,-40.70831298828125,-3.608785629272461,-3.099701166152954,-41.265525817871094,-4.610848903656006,-1.2934683561325073,-40.32038116455078,-4.927608013153076,-3.1959474086761475,-41.193843841552734,-5.825364589691162,-3.6680185794830322,-41.38723373413086,-6.199750900268555,-2.6973214149475098,-40.85674285888672,-6.709118843078613,-3.57309889793396,-41.33647537231445,-5.022003173828125,-3.815619707107544,-41.5589714050293,-2.889700412750244,-2.1687402725219727,-40.8858642578125,-5.957014083862305,-1.8121821880340576,-40.47200393676758,-2.109729528427124,-2.6128427982330322,-41.34988784790039,-6.4551167488098145,-3.992743968963623,-41.61966323852539,-3.7132647037506104,-4.2351226806640625,-42.127384185791016,-2.6953682899475098,-1.3360687494277954,-40.55216979980469,-6.119409561157227,-0.8953378796577454,-40.186737060546875,-7.238408088684082,-2.613556146621704,-40.861087799072266,-2.6957197189331055,-3.6479053497314453,-41.91421127319336,-5.427308082580566,-4.845771789550781,-42.30331039428711,-5.124555587768555,-4.450423717498779,-42.02165985107422,-4.471709728240967,-4.652105808258057,-42.28923797607422,-3.3905527591705322,-0.1752961128950119,-40.08977508544922,-7.36032247543335,-1.8895103931427002,-40.54786682128906,-6.270501613616943,-4.9829792976379395,-42.36648941040039,-1.9856557846069336,-0.4985100030899048,-40.39659881591797,-5.395774841308594,-0.01663626916706562,-39.96879959106445,-1.6495375633239746,-1.6561260223388672,-40.948326110839844,-7.772604942321777,-3.8607423305511475,-41.68437194824219,-7.627369403839111,-4.26930046081543,-41.92616271972656,-7.3342413902282715,-4.783227920532227,-42.26432418823242,-1.3518595695495605,-2.756227731704712,-41.69773483276367,-8.11021900177002,-2.8100345134735107,-41.104209899902344,-3.810926914215088,0.6706362962722778,-39.897037506103516,-7.487825393676758,-1.1128755807876587,-40.2781867980957,-2.9656929969787598,-4.398887634277344,-42.528724670410156,-1.805063247680664,-3.659379005432129,-42.252952575683594,-8.273758888244629,-3.473224401473999,-41.58433151245117,-5.929635524749756,-5.357625484466553,-42.744102478027344,-0.5221115946769714,-0.8357928395271301,-40.82138442993164,-4.71814489364624,-5.261276721954346,-42.801658630371094,-4.211001396179199,-5.438629627227783,-43.12091827392578,-6.335237503051758,0.07435482740402222,-39.999210357666016,-8.877174377441406,-2.474412441253662,-41.07886505126953,-8.468521118164062,-1.612440586090088,-40.56596374511719,-0.049468062818050385,-1.6269906759262085,-41.419315338134766,-5.447754383087158,-5.534061431884766,-42.95029830932617,-8.733260154724121,-3.21484637260437,-41.46980285644531,-8.016128540039062,-4.362488269805908,-42.19388198852539,-1.4288352727890015,0.7459748983383179,-40.03204345703125,-0.446895569562912,0.192766934633255,-40.353275299072266,-6.768087863922119,-5.261833667755127,-42.68762969970703,-4.35352087020874,0.8944463729858398,-39.907875061035156,-0.6975094079971313,-3.399186134338379,-42.575191497802734,-7.143265724182129,-0.13465934991836548,-40.06056213378906,-8.125661849975586,-0.7711397409439087,-40.285579681396484,0.4615950584411621,-0.28002214431762695,-40.733985900878906,-3.1159164905548096,-4.976545810699463,-43.08088302612305,-2.70699405670166,1.2133781909942627,-39.86088180541992,-0.5309749841690063,-2.6470065116882324,-41.9911994934082,-8.40291976928711,-3.981600761413574,-41.8953971862793,-1.7820571660995483,-4.316532611846924,-42.94744873046875,-7.627254009246826,-5.541449069976807,-43.060672760009766,-6.669250011444092,-5.610775470733643,-42.92887878417969,1.086585283279419,-0.965699315071106,-41.309261322021484,-9.504107475280762,-1.8936585187911987,-40.89039993286133,-8.881061553955078,-0.7427878975868225,-40.31712341308594,-8.193578720092773,-4.592331886291504,-42.37364959716797,0.8241007328033447,-1.9734255075454712,-42.01224899291992,-1.7632688283920288,2.0536348819732666,-39.689964294433594,-0.2545069456100464,1.4320051670074463,-39.91903305053711,1.2531214952468872,0.7743996977806091,-40.39140319824219,1.735350489616394,-0.11535536497831345,-40.97744369506836,-5.89123010635376,-6.044325828552246,-43.404083251953125,-5.114290714263916,-6.017086029052734,-43.56918716430664,-2.1428890228271484,-4.783670425415039,-43.31171798706055,-10.104609489440918,-1.5559355020523071,-40.78475570678711,-7.157458305358887,-5.718105316162109,-43.139129638671875,1.3830599784851074,1.7340492010116577,-40.035858154296875,-9.597290992736816,-2.852003812789917,-41.528846740722656,0.31341150403022766,-2.780473470687866,-42.555110931396484,-9.138628005981445,-3.7027742862701416,-42.0482063293457,-9.10737419128418,-4.102677345275879,-42.36907196044922,-7.967155456542969,0.24157796800136566,-40.10728073120117,-8.918074607849121,-4.6139068603515625,-42.81412887573242,-5.689023971557617,-6.5868682861328125,-43.96554183959961,-6.6281867027282715,-6.520273208618164,-43.74984359741211,0.09549340605735779,2.368269205093384,-39.69770812988281,-5.144445896148682,0.9900505542755127,-39.881248474121094,-9.356359481811523,-0.30738314986228943,-40.34001159667969,3.1173183917999268,0.6169614195823669,-41.03657531738281,-0.5767171382904053,-4.063819885253906,-43.47988510131836,-4.801433563232422,-6.411034107208252,-44.10089874267578,-3.78277325630188,-5.739991188049316,-43.66093826293945,-7.183426856994629,-6.284553527832031,-43.68278884887695,-3.6925745010375977,1.8273242712020874,-39.771759033203125,-8.016030311584473,-5.410512447357178,-43.05677032470703,2.284053325653076,-0.9886704087257385,-41.78749084472656,2.393733501434326,2.2251880168914795,-40.067283630371094,-3.1658506393432617,2.6052300930023193,-39.792579650878906,-1.0544579029083252,2.9444541931152344,-39.56595230102539,-6.383602619171143,1.2866063117980957,-40.01399230957031,2.8891782760620117,1.2818533182144165,-40.580535888671875,-10.54483699798584,-1.0894287824630737,-40.67291259765625,-8.644482612609863,0.7134515643119812,-40.26148223876953,-10.53309154510498,-2.129340171813965,-41.390281677246094,-6.228194713592529,-6.7895379066467285,-44.06175994873047,1.2895418405532837,2.7787396907806396,-39.72698974609375,3.15847110748291,-0.04306953772902489,-41.50763702392578,-7.48747444152832,1.0860440731048584,-40.13840866088867,-10.473788261413574,-1.5737487077713013,-41.10272216796875,-10.149805068969727,-2.936011552810669,-41.99587631225586,-2.4149162769317627,-5.409340858459473,-44.13352966308594,1.581093192100525,-2.054462432861328,-42.446895599365234,-10.225627899169922,-0.31766191124916077,-40.49735641479492,-9.821244239807129,-3.6163268089294434,-42.512027740478516,0.44554582238197327,-3.192878007888794,-43.2266731262207,-1.1611121892929077,-4.547852993011475,-43.80066680908203,4.1563520431518555,1.5660316944122314,-40.86973190307617,-5.180806636810303,1.8081461191177368,-39.9524040222168,3.7049612998962402,2.850046157836914,-40.15093994140625,-7.766917705535889,-6.207174301147461,-43.79761505126953,-6.779023170471191,-6.757014751434326,-44.109561920166016,-6.680731773376465,-7.153786659240723,-44.4992790222168,-2.268218517303467,3.177330732345581,-39.675113677978516,-9.472463607788086,-4.372175216674805,-43.1154670715332,-8.230642318725586,-5.852369785308838,-43.86386489868164,-4.229888439178467,-6.481840133666992,-44.515052795410156,-3.143842935562134,-5.855136871337891,-44.325931549072266,-0.21894840896129608,3.538440704345703,-39.53524398803711,2.716252088546753,3.698957681655884,-39.7399787902832,-5.687459468841553,2.0412471294403076,-40.05807876586914,-4.710587978363037,2.542336940765381,-40.06207275390625,-8.742238998413086,-5.212197780609131,-43.54277038574219,-7.4050469398498535,-6.929988384246826,-44.387210845947266,-5.6194539070129395,-7.270789623260498,-44.8187370300293,3.4714856147766113,-0.7367412447929382,-42.21244812011719,2.734774112701416,-1.2843536138534546,-42.296302795410156,-11.011696815490723,-1.2641773223876953,-41.149776458740234,1.3608251810073853,-2.61427640914917,-43.111019134521484,1.2060085535049438,3.6899242401123047,-39.57433319091797,4.650162220001221,2.9194366931915283,-40.39699935913086,-11.02860164642334,-0.7709131240844727,-40.7497444152832,-10.829240798950195,-2.263737440109253,-41.83270263671875,2.2119641304016113,-2.2538888454437256,-43.169334411621094,-1.725242018699646,-5.114012718200684,-44.28651428222656,-4.049404144287109,2.3575994968414307,-39.86237335205078,-9.497735023498535,1.0711990594863892,-40.46525955200195,-6.398848533630371,-7.532496452331543,-44.8889045715332,4.344112873077393,0.5412060022354126,-41.628787994384766,-8.313323974609375,-6.335329532623291,-44.44208526611328,-6.995589733123779,-7.57752799987793,-44.94546890258789,-4.958651542663574,-7.035061359405518,-44.91122055053711,-11.411410331726074,-0.05358424037694931,-40.666351318359375,1.9901052713394165,4.4582743644714355,-39.576515197753906,3.934868097305298,3.98061203956604,-39.88382339477539,-6.299495697021484,1.909773826599121,-40.12149429321289,0.36907681822776794,-3.7026305198669434,-43.87187194824219,3.1923699378967285,-1.7064317464828491,-43.158729553222656,-10.356376647949219,-3.115464210510254,-42.478759765625,-1.235252857208252,3.866645097732544,-39.59065246582031,-2.8151090145111084,-5.951482772827148,-44.98939514160156,-9.310148239135742,-4.930270195007324,-43.95477294921875,-2.4708969593048096,-5.617797374725342,-44.623863220214844,-10.491165161132812,0.5361970663070679,-40.537086486816406,-6.821455955505371,2.0055994987487793,-40.261634826660156,0.13702668249607086,4.7956085205078125,-39.54540252685547,-11.205782890319824,-1.879650354385376,-41.81486511230469,-12.104506492614746,-0.572806715965271,-41.3049430847168,-11.128594398498535,0.48854488134384155,-40.64098358154297,-11.394071578979492,-1.2321364879608154,-41.309329986572266,-7.943777084350586,-7.055414199829102,-44.8651008605957,5.858858585357666,2.1039786338806152,-41.26664352416992,4.459891319274902,-0.2904947102069855,-42.39741516113281,4.625361919403076,4.335538864135742,-39.901039123535156,-3.947603225708008,3.2000069618225098,-40.03880310058594,-8.793354988098145,-5.739050388336182,-44.375484466552734,6.0189208984375,1.0426950454711914,-42.07554244995117,-5.880134582519531,-7.775052547454834,-45.549354553222656,-6.649348735809326,-7.921352386474609,-45.30710220336914,-3.8537678718566895,-6.69978141784668,-45.30002975463867,-3.367065191268921,-6.294363975524902,-45.107723236083984,0.7100930213928223,4.936802864074707,-39.52582550048828,1.5304042100906372,5.028793811798096,-39.54126739501953,-12.10164737701416,-0.22103440761566162,-40.959564208984375,-10.345369338989258,-3.3045992851257324,-43.07560729980469,-10.015235900878906,-3.8758676052093506,-43.29475402832031,-7.61260986328125,1.7147151231765747,-40.27853012084961,-5.404933929443359,-7.443699836730957,-45.36600112915039,-11.726224899291992,-1.352972388267517,-41.813961029052734,-10.86108684539795,-2.671159029006958,-42.60594940185547,3.1743505001068115,5.303410053253174,-39.53924560546875,5.97778844833374,3.7591447830200195,-40.56689453125,4.005369663238525,-1.0490349531173706,-42.89903259277344,-8.835820198059082,1.4764922857284546,-40.609275817871094,-11.977174758911133,-0.8496401309967041,-41.567813873291016,-7.344587802886963,-8.323554039001465,-45.89938735961914,4.604264259338379,-0.778520405292511,-43.021976470947266,-1.9399652481079102,4.087133884429932,-39.762447357177734,-1.054448127746582,4.627413272857666,-39.692588806152344,-9.087428092956543,-5.181640148162842,-44.47930908203125,5.847234725952148,0.12271500378847122,-42.82386779785156,-7.910166263580322,-7.664886474609375,-45.57601547241211,-8.333924293518066,1.823620319366455,-40.51150131225586,1.6701570749282837,-2.7228126525878906,-43.65372085571289,5.598358154296875,5.356024265289307,-39.908695220947266,-3.2243592739105225,3.7020175457000732,-39.974884033203125,1.2662173509597778,-3.198138475418091,-44.2713737487793,-11.742877960205078,0.585964560508728,-40.649539947509766,-5.650514602661133,2.6658687591552734,-40.22630310058594,-8.695585250854492,-6.460127830505371,-45.12593078613281,-6.921941757202148,-8.141851425170898,-45.68865203857422,-6.51542854309082,-8.37457275390625,-46.05660629272461,-6.1785807609558105,-8.041500091552734,-45.55835723876953,-1.1319806575775146,-5.002734661102295,-45.26951217651367,-12.372650146484375,0.5194785594940186,-40.845062255859375,4.4196391105651855,5.584085464477539,-39.577598571777344,-11.33474349975586,-2.1705851554870605,-42.612483978271484,-4.579785346984863,-7.163265228271484,-45.725032806396484,-0.7366676926612854,-4.638326168060303,-44.763641357421875,0.4103013873100281,-3.9842967987060547,-44.684326171875,2.8735876083374023,-2.181359052658081,-43.76607131958008,-9.82512092590332,-4.312365531921387,-43.89766311645508,6.841746807098389,1.6682443618774414,-42.04620361328125,-12.718639373779297,-0.0048814089968800545,-41.282955169677734,-10.257097244262695,1.3672945499420166,-40.66798400878906,2.0331666469573975,6.114518165588379,-39.5030517578125,-7.410686492919922,2.3617539405822754,-40.4881706237793,-5.016046047210693,-7.5261921882629395,-45.91081619262695,7.2737627029418945,2.7320611476898193,-41.682064056396484,-2.2451255321502686,4.494427680969238,-39.94121170043945,-0.34306254982948303,5.397272109985352,-39.70566177368164,4.345766544342041,-1.3063910007476807,-43.65361022949219,-1.8772356510162354,-5.474305152893066,-45.48503112792969,-11.974872589111328,-1.4238229990005493,-42.51278305053711,5.466008186340332,-0.5718309879302979,-43.389957427978516,-11.151307106018066,1.268865942955017,-40.91734313964844,-10.762868881225586,-2.890638828277588,-43.081329345703125,-5.653252124786377,-7.984997272491455,-46.328765869140625,-2.9159038066864014,-6.090097904205322,-45.65724182128906,6.739345073699951,4.024237632751465,-40.8929328918457,-5.251283168792725,3.2718489170074463,-40.40739059448242,-1.183458685874939,5.397803783416748,-39.98725891113281,-9.458124160766602,1.6829192638397217,-40.74396514892578,4.821524620056152,6.594263076782227,-39.40296173095703,2.2481279373168945,-2.6652631759643555,-44.23517608642578,-4.226236343383789,3.6636950969696045,-40.341365814208984,0.9117197394371033,6.022037506103516,-39.630126953125,-12.249360084533691,1.05083429813385,-40.79000473022461,-6.967868328094482,-8.807604789733887,-46.547977447509766,4.14871883392334,-1.6136424541473389,-44.18243408203125,3.362778902053833,6.555889129638672,-39.4554557800293,-12.505590438842773,-0.3371720314025879,-41.66650390625,6.600850582122803,5.549692153930664,-40.451560974121094,-8.081607818603516,-8.159425735473633,-46.3968391418457,3.916186571121216,7.291581630706787,-39.41288375854492,-6.246013641357422,2.874626636505127,-40.48712921142578,6.70988130569458,0.5057157874107361,-42.96321105957031,3.646815299987793,-1.8326199054718018,-44.15872573852539,-8.520234107971191,-7.26577615737915,-45.85205078125,-9.550467491149902,-4.7212677001953125,-44.42402267456055,-3.2722816467285156,-6.385049819946289,-46.126651763916016,0.06708245724439621,-4.266217231750488,-45.28765869140625,-9.129768371582031,-5.391112327575684,-44.812381744384766,-8.44682788848877,2.213792562484741,-40.74101638793945,5.925403594970703,6.913437366485596,-39.71202087402344,7.886109828948975,1.957594871520996,-42.45440673828125,7.505698204040527,4.259909629821777,-41.390472412109375,-4.193248748779297,-7.083325386047363,-46.49459457397461,7.580153942108154,0.8041504621505737,-43.198646545410156,0.36751872301101685,5.8287506103515625,-39.66257858276367,-9.941685676574707,2.1469459533691406,-41.08732223510742,-6.560763359069824,-8.521965026855469,-46.70026397705078,-3.690049171447754,4.299783229827881,-40.351715087890625,-9.097661972045898,2.0317766666412354,-41.0814094543457,-6.0408782958984375,-8.349493026733398,-47.0408935546875,-2.4432742595672607,-5.813581466674805,-45.98708724975586,-2.7729835510253906,4.732802867889404,-40.2171630859375,5.39483642578125,-0.9605979323387146,-44.03276824951172,-5.170608997344971,-7.737672328948975,-46.84419631958008,-6.985376834869385,-8.993379592895508,-46.935611724853516,-3.8136398792266846,-6.646697521209717,-46.51678466796875,-9.448516845703125,-4.816082954406738,-45.005531311035156,-9.215789794921875,-5.650129318237305,-45.30133056640625,-11.598554611206055,-2.0159146785736084,-42.9110221862793,-10.146285057067871,-3.9498491287231445,-44.27898025512695,1.3652045726776123,-3.3826329708099365,-45.04767990112305,-13.289875984191895,1.0894993543624878,-41.18028259277344,-7.940168857574463,-8.66414737701416,-46.808876037597656,-10.766414642333984,1.704584002494812,-40.95627975463867,4.939121246337891,7.650647163391113,-39.317161560058594,5.647195339202881,7.7115702629089355,-39.45892333984375,-13.03553581237793,0.03261438012123108,-41.358333587646484,-11.4045991897583,1.9286112785339355,-41.235172271728516,7.915177345275879,3.4194631576538086,-41.851322174072266,-1.657482385635376,5.409974098205566,-40.07925033569336,2.619948625564575,6.996020317077637,-39.5502815246582,-7.414090156555176,2.8869924545288086,-40.80961990356445,-0.3991049528121948,-4.536373138427734,-45.97459030151367,6.604173183441162,6.466310501098633,-40.360565185546875,-13.38675308227539,0.599565863609314,-41.24800109863281,-13.39351749420166,0.21431101858615875,-41.76817321777344,-9.896247863769531,-4.3318610191345215,-44.650882720947266,-11.28405475616455,-2.3930742740631104,-43.47089385986328,-8.863810539245605,-6.62330436706543,-45.83633804321289,-7.796976089477539,-9.068904876708984,-47.123905181884766,2.152144432067871,-2.8498001098632812,-45.19594192504883,3.0138981342315674,-2.333041191101074,-44.69208526611328,6.826146602630615,-0.35729551315307617,-44.258487701416016,-12.511917114257812,-0.6721271872520447,-42.38930892944336,-12.288850784301758,1.6130270957946777,-41.17464828491211,7.183528423309326,0.07025634497404099,-43.83708190917969,-12.43250560760498,1.3506251573562622,-41.0852165222168,-8.557161331176758,-7.769806861877441,-46.72903823852539,-8.294800758361816,2.425795316696167,-40.90214920043945,-5.218095779418945,3.931711435317993,-40.74684143066406,-10.94403076171875,-2.8869004249572754,-43.68669891357422,7.615865230560303,5.210694313049316,-41.386131286621094,-10.321674346923828,-3.587925910949707,-44.2730827331543,-8.808781623840332,-6.987308502197266,-46.326107025146484,-0.012987596914172173,6.343043804168701,-39.889183044433594,3.6872828006744385,7.882859230041504,-39.49219512939453,-9.032468795776367,-6.1537604331970215,-45.69607162475586,-0.7122158408164978,6.195904731750488,-40.111148834228516,1.3915677070617676,6.724879741668701,-39.70222854614258,-10.702683448791504,-2.9584896564483643,-44.0180778503418,-6.327310562133789,3.3468661308288574,-40.849098205566406,-5.7200422286987305,3.95544171333313,-40.896934509277344,8.73862075805664,2.8082239627838135,-42.67289352416992,-12.805750846862793,-0.09143901616334915,-42.08391571044922,-4.50019645690918,4.175675392150879,-40.736167907714844,-1.042896032333374,-4.920363426208496,-46.19313430786133,-13.9392671585083,1.2888598442077637,-41.37171173095703,-2.06074857711792,5.627384662628174,-40.381343841552734,-12.056448936462402,-1.3164267539978027,-42.94830322265625,5.340811252593994,8.524481773376465,-39.308719635009766,-13.295587539672852,1.6572580337524414,-41.18231201171875,-10.84279727935791,2.0750339031219482,-41.18977737426758,6.179204940795898,-0.7909405827522278,-44.766334533691406,-8.378124237060547,2.866621732711792,-41.043663024902344,-3.374093770980835,-6.363202095031738,-46.732444763183594,1.0258610248565674,-3.7272391319274902,-45.62699890136719,8.491231918334961,1.689238429069519,-43.05815505981445,-8.318306922912598,-8.144807815551758,-46.98088836669922,-2.4072301387786865,5.38029670715332,-40.38187026977539,5.099457263946533,-1.2908023595809937,-44.68647003173828,-11.711127281188965,-1.6850913763046265,-43.29128646850586,-9.189862251281738,2.5463032722473145,-41.454200744628906,-6.856020927429199,-9.152859687805176,-47.578712463378906,-3.0529778003692627,4.9891743659973145,-40.51049041748047,-6.601268291473389,-8.440659523010254,-47.89943313598633,8.904644012451172,1.150262713432312,-43.811798095703125,8.119410514831543,0.5376917123794556,-44.01805877685547,7.532608985900879,6.193556785583496,-41.263973236083984,-3.9349827766418457,4.608438014984131,-40.66743469238281,-9.390621185302734,-5.098730564117432,-45.26005554199219,-9.347436904907227,-4.7264251708984375,-45.218841552734375,4.440842628479004,-1.6880302429199219,-45.099727630615234,6.459469795227051,7.663732051849365,-40.02815628051758,8.2888765335083,4.157203197479248,-42.11284255981445,7.199177265167236,6.762601375579834,-41.04151153564453,-4.226378917694092,-6.964451313018799,-47.20204544067383,-2.2289628982543945,-5.528189182281494,-46.582115173339844,0.532637894153595,7.085217475891113,-40.066986083984375,-11.420367240905762,-2.0869009494781494,-43.417640686035156,-8.168458938598633,-9.057863235473633,-47.66289138793945,-8.589937210083008,-7.393074035644531,-46.738014221191406,4.557651519775391,8.797842979431152,-39.506134033203125,-7.536315441131592,-9.625399589538574,-47.86106491088867,-12.74150562286377,-0.16536258161067963,-42.678367614746094,7.791629791259766,4.597097396850586,-41.72513198852539,-13.292884826660156,1.211075782775879,-41.604713439941406,-5.8473711013793945,-8.120205879211426,-47.70664596557617,9.078944206237793,2.4104623794555664,-43.269996643066406,-7.187345504760742,3.4678795337677,-41.19476318359375,1.2169398069381714,7.5319976806640625,-40.02640151977539,2.115455150604248,7.593346118927002,-39.81106948852539,0.5764034390449524,-3.8984293937683105,-45.96039962768555,-13.055959701538086,1.6280180215835571,-41.674049377441406,-1.3872103691101074,6.101579666137695,-40.449832916259766,-13.234086036682129,0.672561526298523,-42.28449249267578,3.9144489765167236,-1.8485326766967773,-45.344627380371094,-12.439353942871094,-0.6903478503227234,-42.818077087402344,6.0069355964660645,8.965516090393066,-39.50847625732422,-9.035786628723145,-5.951915264129639,-45.896663665771484,0.08238790929317474,-4.170482635498047,-46.259586334228516,-9.694331169128418,-4.387478351593018,-45.09028244018555,-8.268272399902344,-8.482134819030762,-47.2817268371582,-9.227838516235352,-5.28701639175415,-45.53868865966797,5.358511924743652,9.558890342712402,-39.36268615722656,-10.446829795837402,-3.250729560852051,-44.474464416503906,-3.5459213256835938,-6.2458600997924805,-47.335411071777344,9.253580093383789,1.6875993013381958,-43.73524856567383,-10.099930763244629,-3.878330945968628,-44.87089157104492,3.4402825832366943,-2.138735294342041,-45.40943908691406,-11.064743995666504,-2.336517572402954,-44.1187744140625,2.9183449745178223,8.104022026062012,-39.71310806274414,6.370906829833984,8.625953674316406,-39.806148529052734,1.6738371849060059,-3.220524787902832,-45.73131561279297,2.6152024269104004,-2.4858145713806152,-45.43303680419922,-8.609329223632812,-6.980222702026367,-46.595115661621094,8.780616760253906,4.147444725036621,-42.737571716308594,7.712724685668945,0.013060593977570534,-44.696815490722656,-11.632119178771973,2.1746675968170166,-41.6905403137207,-7.828083515167236,-9.709840774536133,-48.23942184448242,-4.659179210662842,-7.208865642547607,-47.631656646728516,-5.232412815093994,-7.669455528259277,-47.640769958496094,-13.223884582519531,1.162407398223877,-42.03673553466797,-7.070855617523193,-9.359103202819824,-48.15262222290039,-6.362979888916016,3.8833789825439453,-41.33850860595703,-4.624018669128418,4.6614179611206055,-41.10544204711914,8.853347778320312,0.7351126670837402,-44.47019958496094,-2.8415920734405518,5.560791015625,-40.77238082885742,-10.87003231048584,2.328223466873169,-41.66920471191406,-11.971205711364746,-1.3507587909698486,-43.50361633300781,5.872527599334717,9.848687171936035,-39.428672790527344,-13.03564739227295,0.4503965377807617,-42.58903884887695,-11.517362594604492,-1.807610034942627,-43.88652420043945,-10.762858390808105,-2.719756603240967,-44.395023345947266,-9.012619972229004,2.897566080093384,-41.705135345458984,-3.4445688724517822,5.110722064971924,-40.83534622192383,-9.226614952087402,-5.427849769592285,-45.96322250366211,-9.39556884765625,-4.994571208953857,-45.638816833496094,-8.258698463439941,-7.903750896453857,-47.582313537597656,-8.964170455932617,-6.440921306610107,-46.39736557006836,8.139816284179688,5.4810590744018555,-42.22219467163086,1.8059804439544678,8.03571605682373,-40.11682891845703,-1.7062524557113647,-4.962056636810303,-46.96776580810547,7.212364673614502,7.79686975479126,-40.97049331665039,9.079398155212402,3.102818489074707,-43.027217864990234,5.672827243804932,-1.1015660762786865,-45.75294494628906,-9.037330627441406,-6.014379501342773,-46.485557556152344,-8.543407440185547,-7.672934532165527,-47.370445251464844,-8.122367858886719,3.335580825805664,-41.62118148803711,-9.94227409362793,-3.9427132606506348,-45.28384780883789,-2.2027902603149414,6.048980236053467,-40.77235412597656,-8.73477554321289,-6.875575065612793,-47.04182815551758,-8.85214614868164,-6.519012451171875,-46.77065658569336,-12.94267749786377,1.6357810497283936,-41.953670501708984,-6.985499858856201,-8.828425407409668,-48.304901123046875,2.94446063041687,-2.1868338584899902,-46.23240280151367,-9.53769588470459,-4.33275842666626,-45.79489517211914,2.2148332595825195,-2.825378656387329,-46.105262756347656,-0.6784929633140564,6.760859489440918,-40.42071533203125,3.9229471683502197,9.020684242248535,-39.782005310058594,-9.10623550415039,-5.58405065536499,-46.4990234375,-12.256369590759277,-0.6559354066848755,-43.43775939941406,-2.931006669998169,-5.781047344207764,-47.25481414794922,-3.5164530277252197,5.363159656524658,-40.988792419433594,0.8340579271316528,7.823022365570068,-40.39830017089844,-10.630441665649414,-2.754788398742676,-44.79153060913086,-4.26348876953125,5.0569915771484375,-41.23301696777344,7.947180271148682,5.954082489013672,-41.87467956542969,-7.369257926940918,-8.822977066040039,-48.111873626708984,-4.1556830406188965,-6.522246360778809,-47.4384765625,-0.5222716927528381,-4.24717903137207,-46.98398208618164,-8.503766059875488,-7.274900913238525,-47.29726028442383,2.5355703830718994,8.696020126342773,-40.087890625,-7.889098644256592,-8.598627090454102,-47.89790725708008,3.3196523189544678,9.041508674621582,-39.974124908447266,-10.231966972351074,-3.1751322746276855,-44.626407623291016,-6.652107238769531,4.018104553222656,-41.60270690917969,8.355588912963867,0.27407026290893555,-44.91792678833008,9.607874870300293,2.413203477859497,-43.86557388305664,-12.283360481262207,0.02136462740600109,-43.43168640136719,7.480612754821777,-0.22698087990283966,-45.318565368652344,9.952628135681152,1.4025965929031372,-44.505126953125,-10.038899421691895,2.708949565887451,-42.1017951965332,-10.434441566467285,-3.066985607147217,-45.02125549316406,-0.27142390608787537,7.279508590698242,-40.631351470947266,6.88674259185791,9.039121627807617,-40.288856506347656,-7.9768877029418945,-8.40215015411377,-48.03866958618164,5.130856990814209,10.060184478759766,-39.691043853759766,9.592367172241211,0.9820373058319092,-44.777183532714844,9.95419979095459,1.8311375379562378,-44.301429748535156,-12.594209671020508,0.2288927137851715,-43.13525390625,-5.729210376739502,4.492331504821777,-41.44788360595703,0.7835561037063599,-3.631826877593994,-46.50272750854492,-12.441827774047852,1.8060364723205566,-42.23695373535156,-7.425108909606934,3.849245548248291,-42.056819915771484,-2.124549150466919,-5.311079978942871,-47.04148483276367,-10.125001907348633,-3.5910465717315674,-45.41425704956055,1.701501488685608,-3.1106948852539062,-46.482872009277344,-12.876461029052734,1.0733410120010376,-42.65265655517578,-4.942763805389404,4.861632347106934,-41.44041061401367,7.8488450050354,6.6011857986450195,-41.89728927612305,-1.4220067262649536,6.582162380218506,-40.86182403564453,7.170633316040039,8.881190299987793,-40.97152328491211,4.596011161804199,-1.5108774900436401,-46.17879867553711,-9.313680648803711,-4.76823091506958,-46.01205062866211,-11.328544616699219,2.258918046951294,-42.26309585571289,4.126100540161133,9.597945213317871,-39.95478057861328,-6.240756511688232,-7.871308326721191,-48.38924789428711,6.638566970825195,9.390061378479004,-40.12458038330078,-11.856444358825684,-1.1093647480010986,-44.07109451293945,-11.047654151916504,-1.6990571022033691,-44.483238220214844,-10.915061950683594,-1.9519835710525513,-44.782344818115234,5.882956027984619,10.922446250915527,-39.541778564453125,-1.1069732904434204,-4.568024635314941,-47.101016998291016,9.000456809997559,4.463947296142578,-43.14744186401367,8.69812297821045,5.149227619171143,-43.11870193481445,9.105740547180176,4.008885860443115,-43.490989685058594,1.829593300819397,8.575605392456055,-40.42655944824219,9.50606918334961,3.686098098754883,-43.7163200378418,-5.354794025421143,-7.3169331550598145,-48.17258071899414,-8.60643482208252,3.293462038040161,-42.533668518066406,1.2740294933319092,8.22280216217041,-40.47298049926758,-8.07164192199707,-7.600511074066162,-48.1011848449707,-9.146332740783691,-5.142353534698486,-46.61772918701172,5.105466365814209,-1.318532943725586,-46.00978469848633,6.881868362426758,-0.4540722370147705,-45.790138244628906,-3.540273427963257,5.593845367431641,-41.347557067871094,6.29392671585083,9.895971298217773,-40.08698654174805,-9.572250366210938,-3.91420578956604,-46.33565139770508,-7.391323566436768,-8.213698387145996,-48.474822998046875,-9.224119186401367,2.9588732719421387,-42.42897033691406,-2.2555906772613525,6.432230472564697,-41.299400329589844,-12.51799201965332,0.9703845381736755,-43.096534729003906,-11.845199584960938,-0.127899631857872,-44.02057647705078,-9.199023246765137,-4.216901779174805,-46.50005340576172,10.197659492492676,3.0877838134765625,-44.516754150390625,7.585589408874512,7.507256031036377,-41.755226135253906,-12.171869277954102,1.6242663860321045,-42.98308563232422,10.811668395996094,1.542388916015625,-45.32854080200195,0.1878838837146759,7.917469024658203,-41.03962707519531,-4.929023265838623,5.138636589050293,-41.88001251220703,-8.42241096496582,-6.285990238189697,-47.67545700073242,3.817718744277954,-1.7044353485107422,-46.538795471191406,10.634031295776367,2.6307103633880615,-45.08906555175781,8.17020034790039,6.46782922744751,-42.730018615722656,-6.416233539581299,4.476245403289795,-42.23564147949219,-6.918179035186768,-8.042770385742188,-48.671817779541016,-10.566965103149414,-2.3781704902648926,-45.268184661865234,-9.876218795776367,-3.257579803466797,-45.97117614746094,-7.998391151428223,3.5387823581695557,-42.601253509521484,9.362061500549316,0.6514602303504944,-45.87416076660156,10.284483909606934,1.1607897281646729,-45.35116958618164,-9.174656867980957,-4.571407318115234,-46.68990707397461,-4.224900245666504,-6.165115833282471,-47.94130325317383,8.277562141418457,0.11677402257919312,-45.894989013671875,-4.050185203552246,5.565917015075684,-41.72708511352539,2.5340747833251953,9.170997619628906,-40.55927658081055,6.199492931365967,10.546429634094238,-40.17988586425781,7.721479415893555,7.067385673522949,-42.3392333984375,-10.716364860534668,-1.2446928024291992,-45.135780334472656,3.5537495613098145,9.63357162475586,-40.264305114746094,-2.5733323097229004,-5.2272491455078125,-47.640159606933594,-7.1859846115112305,4.035508155822754,-42.5961799621582,-0.12801699340343475,-3.839142084121704,-47.14635467529297,-3.255093812942505,5.969666957855225,-41.63454818725586,0.7118197679519653,8.2872953414917,-41.13230895996094,-10.499055862426758,2.452833652496338,-43.07493591308594,-3.26226544380188,-5.576045513153076,-47.81199645996094,8.43047046661377,5.808084964752197,-42.70936965942383,-11.351863861083984,-0.9188107252120972,-44.63850021362305,8.958348274230957,5.228561878204346,-43.66481399536133,-1.0566519498825073,7.157738208770752,-41.248878479003906,7.521846771240234,-0.1861495077610016,-45.99098205566406,4.5932297706604,10.299758911132812,-40.136234283447266,7.406709671020508,8.287022590637207,-41.42341995239258,-8.796804428100586,-4.976088047027588,-47.28947067260742,-5.541281700134277,-6.664916038513184,-48.56606674194336,-4.563320159912109,-5.982587814331055,-48.389400482177734,-9.656416893005371,2.8913116455078125,-42.78980255126953,9.019353866577148,4.640644073486328,-43.72346878051758,5.4698662757873535,10.802389144897461,-39.971466064453125,6.866927623748779,11.620448112487793,-39.191715240478516,6.51970100402832,11.678386688232422,-39.372703552246094,6.114338397979736,11.379663467407227,-39.89500045776367,10.920745849609375,2.5764803886413574,-45.38686752319336,6.908850193023682,10.137555122375488,-40.32884979248047,1.9567341804504395,-2.5,-47.1612663269043,6.3511247634887695,11.049166679382324,-39.770633697509766,9.726163864135742,0.9382370710372925,-45.59235763549805,6.790116786956787,11.029255867004395,-40.19902801513672,6.977441310882568,11.366480827331543,-39.825618743896484,-11.851147651672363,1.18845534324646,-43.6176643371582,-7.175764083862305,-7.603918552398682,-48.68907928466797,-1.7350075244903564,-4.511815071105957,-47.63490676879883,-11.39181137084961,1.6653016805648804,-43.63498306274414,-10.925687789916992,2.111574411392212,-43.426273345947266,0.5350978374481201,-3.3141305446624756,-47.15568923950195,7.720947265625,7.928712368011475,-42.36615753173828,6.40792989730835,-0.5451111197471619,-46.38606262207031,9.785082817077637,3.9094367027282715,-44.22559356689453,-7.778607368469238,-6.715897083282471,-48.34251403808594,7.037469387054443,9.852777481079102,-41.13199234008789,5.127601146697998,-0.9716049432754517,-46.86552047729492,2.740468978881836,9.54161548614502,-40.8870964050293,3.8511745929718018,10.176008224487305,-40.62934875488281,-1.0631250143051147,7.386623859405518,-41.80640411376953,9.405891418457031,4.363127708435059,-43.97429275512695,-9.425989151000977,2.9009006023406982,-43.446044921875,-3.4758663177490234,-5.121155738830566,-48.297428131103516,-0.9641686081886292,-3.913332223892212,-47.662227630615234,2.9822299480438232,-1.7908738851547241,-47.081939697265625,8.750261306762695,5.687087535858154,-43.59382629394531,10.32426643371582,3.4654109477996826,-44.8655891418457,1.040670394897461,-2.916419506072998,-47.38562774658203,-10.955205917358398,0.5942882299423218,-44.809566497802734,-10.322449684143066,-1.4075456857681274,-45.75074005126953,-9.854472160339355,-2.5714869499206543,-46.19361114501953,10.416611671447754,1.3177272081375122,-45.989234924316406,-2.8341493606567383,6.4397125244140625,-42.12012481689453,1.5898151397705078,8.908340454101562,-41.16622543334961,7.026256084442139,10.418216705322266,-40.59538269042969,6.495262622833252,11.461798667907715,-40.03858947753906,-6.42898416519165,-6.692406177520752,-48.70233154296875,4.167773246765137,10.53882122039795,-40.74287796020508,7.502995491027832,8.564536094665527,-42.02034378051758,-9.446051597595215,-3.0705013275146484,-46.77360534667969,11.288575172424316,1.7008914947509766,-46.01932144165039,-4.865410327911377,5.437370300292969,-42.71955490112305,-6.303141117095947,4.616672039031982,-42.84016799926758,-3.7264866828918457,5.936336040496826,-42.24082565307617,-2.8672268390655518,-4.917848587036133,-48.1280632019043,-7.078588962554932,-6.432949066162109,-48.71498489379883,3.296437978744507,9.989396095275879,-41.06018829345703,4.7453765869140625,10.819973945617676,-40.53468704223633,7.3364691734313965,9.115179061889648,-41.61640548706055,-10.865959167480469,-0.026965968310832977,-44.890625,0.12553560733795166,-3.14237904548645,-47.68546676635742,5.145204067230225,10.875442504882812,-40.673919677734375,9.782062530517578,3.9086999893188477,-44.51798629760742,-8.254615783691406,-4.971004962921143,-47.87580108642578,8.348766326904297,6.568175792694092,-43.394630432128906,8.467941284179688,0.3725232779979706,-46.56898880004883,-8.049516677856445,3.467451572418213,-43.53361129760742,-11.241826057434082,1.2789857387542725,-44.09693145751953,-9.15118408203125,-3.4328699111938477,-46.96388244628906,-2.0929787158966064,-4.409976005554199,-48.00563049316406,6.710860729217529,-0.14131483435630798,-46.89693832397461,10.436369895935059,1.1846321821212769,-46.53163146972656,-4.097424507141113,-5.264033794403076,-48.44471740722656,4.456679344177246,-1.1562436819076538,-46.9915885925293,-11.163174629211426,0.8164739012718201,-44.380069732666016,-2.172663927078247,6.842525482177734,-42.50444412231445,0.27366921305656433,8.251485824584961,-41.85907745361328,6.194674491882324,11.312491416931152,-40.47879409790039,9.448668479919434,4.700359344482422,-44.38535690307617,9.781379699707031,4.264410495758057,-44.63448715209961,-7.701511859893799,-4.9926886558532715,-48.267005920410156,0.5884143710136414,-2.6672534942626953,-47.77040100097656,-8.87496566772461,-3.692335605621338,-47.33650207519531,3.883019208908081,-1.2087616920471191,-47.36484146118164,6.365361213684082,11.11389446258545,-40.83256530761719,3.6870014667510986,10.25804615020752,-41.191043853759766,6.706063270568848,10.456780433654785,-41.23040008544922,7.716235637664795,7.500432014465332,-42.85438537597656,11.225730895996094,2.2175538539886475,-46.23762130737305,2.4305853843688965,9.540058135986328,-41.672523498535156,1.8731313943862915,9.191618919372559,-41.60866928100586,-4.70643424987793,-5.553908348083496,-48.66600799560547,10.549076080322266,3.491885185241699,-45.54995346069336,-5.6292266845703125,-5.765343189239502,-48.808563232421875,-1.5381747484207153,-3.5956778526306152,-48.138607025146484,-10.471868515014648,1.8502923250198364,-44.21959686279297,-7.058840751647949,-5.386918067932129,-48.66658401489258,-10.181456565856934,-0.23540116846561432,-45.65281677246094,9.725502014160156,0.9250103235244751,-46.60438919067383,7.364808559417725,0.29185864329338074,-47.14177322387695,8.665740966796875,5.978187561035156,-43.98218536376953,9.531834602355957,4.823068618774414,-44.84397506713867,5.910725116729736,11.426061630249023,-40.770652770996094,10.111492156982422,3.9970040321350098,-45.1273307800293,7.112239837646484,9.3143892288208,-42.017234802246094,-0.27269646525382996,-2.958345651626587,-47.94624710083008,2.4659712314605713,-1.5826023817062378,-47.70764923095703,-7.121363639831543,4.028782367706299,-43.62070846557617,11.32992935180664,2.570819854736328,-46.07588195800781,-0.4953729510307312,7.83748722076416,-42.458587646484375,-1.5829907655715942,7.190760135650635,-42.59286117553711,5.581932067871094,11.099489212036133,-40.78810119628906,5.868974685668945,-0.1581638604402542,-47.254791259765625,9.957030296325684,4.426978588104248,-45.05698013305664,9.402135848999023,0.9528242945671082,-46.93793487548828,11.47749137878418,1.9129879474639893,-46.454830169677734,-10.579570770263672,1.3040825128555298,-44.69040298461914,-9.348518371582031,-1.879555344581604,-46.7598762512207,-3.569149971008301,-4.447011470794678,-48.62178039550781,7.304154872894287,8.531033515930176,-42.9295654296875,-2.484116315841675,-4.062023639678955,-48.4046745300293,11.290669441223145,1.7256934642791748,-46.816871643066406,4.865418910980225,-0.5361886620521545,-47.41511535644531,-9.68746566772461,2.3148839473724365,-44.30781936645508,-3.3447768688201904,6.258085250854492,-43.0994758605957,1.1572636365890503,-2.317220449447632,-47.80389404296875,5.081089496612549,10.883861541748047,-41.41840362548828,8.934735298156738,5.299368381500244,-44.40581130981445,7.523074626922607,7.902626037597656,-43.18105697631836,10.970765113830566,3.3780064582824707,-45.94877624511719,-4.648935794830322,5.599160671234131,-43.220970153808594,7.602799415588379,0.6047071218490601,-47.368568420410156,7.829335689544678,7.104769229888916,-43.78562545776367,3.266777276992798,-1.2271701097488403,-47.60792922973633,1.232098937034607,8.865867614746094,-42.37065887451172,-8.657563209533691,2.938293218612671,-44.13867950439453,-0.7628464698791504,-2.7868425846099854,-48.30076599121094,4.379404544830322,-0.6713986396789551,-47.55119705200195,-1.4732556343078613,-2.827047824859619,-48.44214630126953,8.273219108581543,0.6169136166572571,-47.1124267578125,6.8493123054504395,9.76245403289795,-42.15805435180664,-6.08654260635376,4.650180816650391,-43.56787109375,-7.932262897491455,-3.041240930557251,-47.9619026184082,-7.646587371826172,3.3004705905914307,-44.697776794433594,10.40638542175293,1.3903499841690063,-46.97056198120117,6.546584606170654,10.270490646362305,-41.91722106933594,-9.660508155822754,0.9564086198806763,-45.521278381347656,6.670133113861084,0.4220889210700989,-47.50069808959961,8.555840492248535,5.584410190582275,-44.7181282043457,1.6315498352050781,-1.7558388710021973,-47.974891662597656,-9.809758186340332,1.9010778665542603,-44.82585144042969,10.558235168457031,3.729731321334839,-45.71537780761719,6.0571208000183105,10.471653938293457,-41.99232482910156,-8.485215187072754,-2.392191171646118,-47.54780578613281,5.862020969390869,11.098665237426758,-41.55513381958008,11.711942672729492,2.606069564819336,-46.59498596191406,11.83071231842041,1.9643676280975342,-46.91631317138672,-6.162904739379883,-4.8334856033325195,-48.86310577392578,-9.78161334991455,1.4812768697738647,-45.28435134887695,-4.545474052429199,-4.331371307373047,-48.807472229003906,7.028639793395996,9.063139915466309,-42.86092758178711,6.265552043914795,0.43347474932670593,-47.675079345703125,8.527501106262207,6.064833164215088,-44.28194808959961,3.244750738143921,9.961189270019531,-41.991912841796875,-5.537683010101318,-4.295101642608643,-48.924049377441406,-0.07049190998077393,-2.4325203895568848,-48.222190856933594,0.0967019572854042,8.157057762145996,-42.8630485534668,-9.617287635803223,-0.09508103877305984,-46.09168243408203,0.7951478958129883,-1.784187912940979,-48.24794006347656,-2.398580312728882,6.714787483215332,-43.562984466552734,9.147187232971191,5.326339244842529,-45.157310485839844,10.184240341186523,4.1030144691467285,-45.63618469238281,-8.674280166625977,2.584820508956909,-44.7012825012207,-5.013709545135498,5.244962215423584,-43.88187789916992,12.155630111694336,1.932025671005249,-46.840782165527344,9.643507957458496,4.706125736236572,-45.5877799987793,8.864313125610352,1.1245299577713013,-47.334049224853516,8.260926246643066,6.529333114624023,-44.4548454284668,-6.831271648406982,-4.16955041885376,-48.64044952392578,-8.878130912780762,-1.2209177017211914,-46.98209762573242,-2.7154624462127686,-3.3759729862213135,-48.66249465942383,4.3757524490356445,10.454596519470215,-42.233009338378906,-6.639101982116699,3.9268200397491455,-44.65023422241211,-6.7644476890563965,-3.4005203247070312,-48.59473419189453,4.0953369140625,-0.2631834149360657,-47.99006652832031,5.532112121582031,0.3243982195854187,-47.77064895629883,10.379733085632324,1.6896612644195557,-47.15876007080078,11.132356643676758,3.177523136138916,-46.48728942871094,-8.93734073638916,2.456742763519287,-45.00605010986328,-3.7342796325683594,5.957276344299316,-43.85341262817383,7.4677228927612305,7.785524845123291,-43.61396026611328,0.7119885087013245,8.494549751281738,-43.03084945678711,8.326888084411621,5.9618072509765625,-44.98704528808594,6.542575359344482,9.726180076599121,-42.63380813598633,-1.149648666381836,7.38115119934082,-43.21449661254883,-9.028900146484375,1.4187031984329224,-45.65105056762695,9.467170715332031,1.5225836038589478,-47.395748138427734,11.657013893127441,2.3448429107666016,-47.08496856689453,-4.793625831604004,-3.7715039253234863,-48.89186477661133,8.080979347229004,1.1262906789779663,-47.5308952331543,7.523080825805664,7.227553844451904,-44.3563232421875,3.399707317352295,-0.50393146276474,-48.07990264892578,10.662670135498047,3.6757333278656006,-46.34132385253906,12.038420677185059,2.444385051727295,-47.004356384277344,5.412551403045654,10.692642211914062,-42.3211784362793,2.44728946685791,-0.8150262832641602,-48.24309158325195,4.8312273025512695,0.19215744733810425,-47.83853530883789,9.190298080444336,5.118849754333496,-45.48893737792969,12.359107971191406,1.9772602319717407,-47.41769027709961,-8.67862319946289,0.36026591062545776,-46.502777099609375,1.456364631652832,-1.1058132648468018,-48.40017318725586,10.916046142578125,2.8012146949768066,-47.08496856689453,2.5099098682403564,9.369731903076172,-43.1413688659668,7.43874454498291,7.785256385803223,-44.06524658203125,10.851322174072266,2.297614336013794,-47.16697311401367,6.444875240325928,9.432050704956055,-43.284461975097656,5.08167839050293,10.611452102661133,-42.387081146240234,7.066517353057861,8.363038063049316,-43.778892517089844,12.343779563903809,2.367091655731201,-47.415489196777344,8.634050369262695,5.754415035247803,-45.26860046386719,10.877974510192871,3.202812910079956,-46.915897369384766,11.41964054107666,2.7336971759796143,-47.084861755371094,-7.449741363525391,3.4420933723449707,-45.04102325439453,3.513131618499756,9.88335132598877,-42.94784927368164,-8.28630256652832,2.013091564178467,-45.56770324707031,10.156835556030273,3.980346918106079,-46.56221008300781,5.749745845794678,9.930391311645508,-42.96821975708008,-8.15174674987793,-1.1034784317016602,-47.39588928222656,-8.134149551391602,2.6860642433166504,-45.32005310058594,-4.417901992797852,-2.9578890800476074,-48.902889251708984,-3.0635483264923096,-2.590557098388672,-48.84584045410156,-2.1397552490234375,-2.498380661010742,-48.716346740722656,-7.3066606521606445,-2.2784676551818848,-48.14760208129883,7.122714996337891,1.0365558862686157,-47.72026062011719,7.756127834320068,6.515466213226318,-45.27520751953125,-5.442018032073975,-3.2086594104766846,-48.88823699951172,9.034895896911621,1.8966394662857056,-47.72843933105469,9.81814956665039,2.4019522666931152,-47.56743621826172,-5.043667316436768,4.820225715637207,-44.656524658203125,-0.44405362010002136,-1.493224024772644,-48.66603469848633,1.805629014968872,8.899163246154785,-43.464393615722656,9.70435905456543,4.5198798179626465,-46.10844802856445,8.77401351928711,5.502730369567871,-45.630592346191406,-8.383906364440918,1.2838842868804932,-46.133827209472656,-1.0979509353637695,7.201980113983154,-43.822147369384766,11.02535343170166,2.749298334121704,-47.437538146972656,-5.588494777679443,4.597536563873291,-44.95858383178711,-2.9689674377441406,6.138732433319092,-44.62144088745117,-7.902459144592285,0.753464937210083,-46.75002670288086,9.2390718460083,4.884537696838379,-46.076568603515625,5.2198309898376465,9.931519508361816,-43.00290298461914,-7.378365516662598,3.155527353286743,-45.487030029296875,-1.7448557615280151,-1.8934311866760254,-48.74360656738281,0.04580163210630417,7.667240619659424,-44.354915618896484,4.330868244171143,10.186623573303223,-43.04149627685547,8.129861831665039,2.0242741107940674,-47.93975067138672,6.2351975440979,8.864442825317383,-43.9416618347168,-6.540063381195068,-1.9534615278244019,-48.42780303955078,-7.718080997467041,-0.14629392325878143,-47.26171112060547,6.20762825012207,1.3079243898391724,-48.08015060424805,6.741942405700684,1.203306794166565,-47.915199279785156,8.113523483276367,6.128249645233154,-45.61853790283203,-7.169637203216553,2.670933961868286,-45.83793640136719,-7.107521057128906,2.1020703315734863,-46.358055114746094,6.992883682250977,7.803928852081299,-44.61863327026367,5.297887325286865,0.8823368549346924,-48.13981246948242,-7.579627513885498,1.5514719486236572,-46.451316833496094,-7.276854515075684,-0.6847372055053711,-47.72130584716797,-6.179870128631592,3.9694066047668457,-45.34423828125,4.533265590667725,9.885890007019043,-43.34657287597656,2.9131031036376953,-0.058684635907411575,-48.43582534790039,3.53310227394104,0.39429643750190735,-48.391563415527344,0.9882737398147583,8.240410804748535,-44.232032775878906,7.108858585357666,6.935522556304932,-45.325931549072266,-0.9531147480010986,6.980316638946533,-44.39619827270508,5.276784896850586,9.190263748168945,-43.87067794799805,10.241604804992676,3.730186700820923,-47.08723831176758,-5.372577667236328,-1.9818954467773438,-48.699066162109375,0.2002839595079422,-0.6074927449226379,-48.70594024658203,4.156314849853516,0.9040873646736145,-48.23890686035156,7.425595760345459,1.9130480289459229,-48.03738784790039,-3.9036309719085693,-1.9266992807388306,-48.86848831176758,-4.56095027923584,5.300025463104248,-44.911827087402344,2.987821102142334,9.260385513305664,-43.92497253417969,9.790419578552246,4.0376505851745605,-47.15998840332031,10.031246185302734,3.3347065448760986,-47.264381408691406,10.250890731811523,3.0046300888061523,-47.61109924316406,-6.657975196838379,0.44685953855514526,-47.51982116699219,8.506185531616211,5.500011920928955,-46.12928771972656,-6.479488372802734,2.768467664718628,-46.19449996948242,-6.346637725830078,-0.8093437552452087,-48.141544342041016,-5.487941265106201,4.007140636444092,-45.530029296875,-6.999334335327148,1.180472731590271,-46.957122802734375,9.192604064941406,4.606606960296631,-46.74633026123047,1.8716031312942505,0.016434013843536377,-48.679744720458984,-2.463217258453369,-1.4197441339492798,-48.8538818359375,-1.6537482738494873,-0.914358377456665,-48.77458953857422,9.194660186767578,2.566910982131958,-47.863128662109375,9.857281684875488,2.6290597915649414,-47.81956100463867,-4.221272945404053,-1.6482163667678833,-48.82054901123047,-2.806891918182373,6.318806171417236,-44.901275634765625,4.1996026039123535,9.478004455566406,-44.16704559326172,-3.789127826690674,5.36842155456543,-45.347312927246094,3.5854854583740234,9.51290512084961,-44.0027961730957,6.156495094299316,8.407432556152344,-44.5451774597168,5.55826473236084,8.664850234985352,-44.50846862792969,8.60073471069336,4.82000207901001,-46.99079132080078,6.462837219238281,7.66829776763916,-45.18021774291992,-4.636794567108154,4.349701881408691,-45.542606353759766,-0.7835091352462769,-0.09332181513309479,-48.77322006225586,-6.2761006355285645,1.430976152420044,-47.15135192871094,-4.84956169128418,-0.8714951872825623,-48.54522705078125,-5.463688373565674,3.2710893154144287,-46.26779556274414,-4.52455472946167,4.030691623687744,-46.024539947509766,4.193937301635742,1.7029027938842773,-48.42396545410156,-6.028207302093506,2.372347354888916,-46.70048522949219,7.36618709564209,2.7711637020111084,-48.175743103027344,9.384525299072266,3.5315213203430176,-47.464683532714844,-1.146994709968567,7.106054306030273,-44.635868072509766,7.115915298461914,6.607309818267822,-45.964759826660156,4.4668049812316895,8.965410232543945,-44.48735809326172,5.416567802429199,1.8148566484451294,-48.2993049621582,8.4033203125,2.905916690826416,-48.109169006347656,-5.759960174560547,0.1225903332233429,-47.99722671508789,-3.792081832885742,-0.7116421461105347,-48.688114166259766,9.429211616516113,3.055741310119629,-47.96208190917969,3.576462745666504,1.3358584642410278,-48.416690826416016,-4.968552589416504,-0.10224071890115738,-48.30583190917969,0.6521250009536743,8.14949893951416,-44.53750991821289,-5.0486249923706055,2.718731164932251,-46.889381408691406,-5.7737345695495605,0.9229426383972168,-47.640647888183594,7.676830768585205,5.448107719421387,-46.86663818359375,-2.628718137741089,0.05540641397237778,-48.6336784362793,6.131608009338379,2.2781078815460205,-48.26729202270508,7.27121639251709,5.939358234405518,-46.58627700805664,-1.5955629348754883,6.5920891761779785,-45.10121536254883,-0.43767598271369934,7.263429164886475,-44.88471984863281,2.1942930221557617,8.92821979522705,-44.27003479003906,4.712733268737793,8.498875617980957,-44.96183776855469,-2.805866241455078,5.896880626678467,-45.426361083984375,5.971963882446289,7.5575270652771,-45.546199798583984,-4.41595458984375,3.207878589630127,-46.773067474365234,0.666688084602356,0.3646625876426697,-48.806060791015625,-5.4588494300842285,1.6925605535507202,-47.38408279418945,-1.635872483253479,0.24773813784122467,-48.676475524902344,2.1618661880493164,1.086189866065979,-48.70099639892578,-4.001405239105225,3.89914608001709,-46.43248748779297,8.554217338562012,4.288510322570801,-47.55220031738281,5.9916229248046875,7.03803014755249,-45.8728141784668,-4.527506351470947,0.586834728717804,-48.176876068115234,-3.8657658100128174,0.32303595542907715,-48.382362365722656,-3.3790512084960938,4.4719038009643555,-46.248878479003906,8.423744201660156,3.8006389141082764,-47.68174362182617,-1.9258352518081665,5.9517822265625,-45.56556701660156,-0.4819108545780182,6.677165985107422,-45.19710159301758,-4.873441219329834,1.11822509765625,-47.860572814941406,-0.731155276298523,5.973278999328613,-45.990657806396484,1.0209866762161255,8.013799667358398,-44.97481155395508,-2.651242733001709,5.199634075164795,-45.988033294677734,8.098796844482422,3.348984956741333,-48.09132766723633,-4.5579118728637695,2.1667776107788086,-47.45543670654297,3.2036006450653076,8.978700637817383,-44.60395050048828,6.622274875640869,6.307988166809082,-46.56147766113281,-3.0629653930664062,4.272950649261475,-46.55364990234375,0.11943837255239487,6.63529109954834,-45.7149772644043,4.772318363189697,7.9741435050964355,-45.429683685302734,-3.083895444869995,0.9987403154373169,-48.31689453125,-3.976839303970337,1.8677152395248413,-47.744903564453125,-3.8169562816619873,3.0037076473236084,-47.130943298339844,6.865121841430664,3.203303575515747,-48.217369079589844,7.871298789978027,4.8588786125183105,-47.35142135620117,2.407963752746582,8.296448707580566,-44.88387680053711,0.9952337145805359,7.350775718688965,-45.47231674194336,-3.782789707183838,1.3095557689666748,-48.041263580322266,0.36769214272499084,0.9843578934669495,-48.76299285888672,3.005399465560913,2.1277832984924316,-48.50572204589844,-2.860546588897705,3.4261667728424072,-47.17407989501953,-2.157565116882324,1.6750767230987549,-48.252708435058594,-1.2636821269989014,1.0360472202301025,-48.5638427734375,3.691383123397827,8.44102954864502,-45.09474182128906,5.174779415130615,2.4305968284606934,-48.37275695800781,5.7644147872924805,6.685530185699463,-46.39155197143555,-1.5904711484909058,5.216068744659424,-46.39418411254883,5.185492038726807,7.452286720275879,-45.8463134765625,-2.9388349056243896,1.8791241645812988,-48.00557327270508,-2.9584755897521973,2.982879638671875,-47.45281982421875,7.236588478088379,3.9216434955596924,-47.93793487548828,1.3353317975997925,7.683870315551758,-45.252891540527344,7.634938716888428,4.503973960876465,-47.65324401855469,0.19884078204631805,6.0717620849609375,-46.2842903137207,-2.202197551727295,4.264191150665283,-46.875244140625,-3.231991767883301,2.4009549617767334,-47.674842834472656,2.4911088943481445,7.91005277633667,-45.374324798583984,5.628505229949951,3.281123161315918,-48.25214767456055,0.8818956017494202,6.774338245391846,-45.9683952331543,4.079318046569824,2.6155807971954346,-48.4318962097168,6.180177211761475,6.157240390777588,-46.76348876953125,6.792428016662598,5.500322341918945,-47.15233612060547,-0.38002127408981323,1.5462241172790527,-48.58772277832031,2.2594947814941406,2.600835084915161,-48.46695327758789,-1.7130975723266602,3.603145122528076,-47.427982330322266,4.139284133911133,7.4061784744262695,-46.07326126098633,-1.1422154903411865,1.989548683166504,-48.311424255371094,3.2902426719665527,7.324228763580322,-46.096858978271484,0.5343558192253113,1.5775278806686401,-48.676151275634766,1.320682406425476,2.0522866249084473,-48.59607696533203,4.420871257781982,3.2323102951049805,-48.34154510498047,6.986101150512695,4.752275466918945,-47.659183502197266,-1.4768484830856323,4.231935977935791,-47.11297607421875,-1.8852605819702148,2.7136378288269043,-47.861751556396484,2.5230143070220947,7.4605021476745605,-45.8454475402832,4.758187770843506,6.870453834533691,-46.451934814453125,6.313036918640137,4.078564643859863,-48.027381896972656,-0.7377170920372009,5.070529460906982,-46.777870178222656,1.8159757852554321,6.886354923248291,-46.180152893066406,0.18298164010047913,5.286130905151367,-46.88426971435547,-0.87156081199646,2.880563497543335,-48.01738357543945,-0.23665814101696014,2.3160369396209717,-48.3742790222168,5.391687393188477,5.9454240798950195,-47.10485076904297,5.942269325256348,5.412796974182129,-47.40576171875,-0.9830751419067383,3.9723920822143555,-47.418365478515625,5.083667755126953,3.9784154891967773,-48.10639572143555,3.1614325046539307,3.1909589767456055,-48.371402740478516,0.9419241547584534,2.8202593326568604,-48.32791519165039,5.847589015960693,4.709784984588623,-47.82777786254883,1.4174455404281616,6.151302814483643,-46.6441764831543,2.058488368988037,6.301072597503662,-46.713680267333984,4.40090274810791,6.535243034362793,-46.76785659790039,2.6670312881469727,6.616960048675537,-46.59846115112305,0.1142013743519783,4.254145622253418,-47.49663162231445,0.19855359196662903,3.314570903778076,-47.99067687988281,3.8518993854522705,4.408367156982422,-47.95867919921875,0.860718309879303,5.379024505615234,-47.02492141723633,0.9903770089149475,4.1269659996032715,-47.75312042236328,2.23760724067688,3.5484347343444824,-48.21407699584961,4.681972503662109,5.010270118713379,-47.713199615478516,2.7198517322540283,4.187588691711426,-47.9945068359375,3.3868393898010254,6.298746109008789,-46.93190383911133,1.699669599533081,3.9774363040924072,-47.955997467041016,1.5778189897537231,5.158550262451172,-47.35872268676758,3.937267303466797,5.714693069458008,-47.33399200439453,2.720299243927002,5.53273344039917,-47.34135437011719
