/home/arvardaz/SFT_with_CNN/output/1488554893.0365283_2481.png,-1.440412163734436,0.6842214465141296,-47.0518913269043,-2.4944827556610107,1.2219903469085693,-47.78340530395508,-1.9182039499282837,2.125385046005249,-46.51738357543945,-1.9330641031265259,0.23416981101036072,-47.775550842285156,-2.844723701477051,2.1194353103637695,-47.46354293823242,-3.657949686050415,2.524249792098999,-47.9544677734375,-3.5299155712127686,1.5201038122177124,-48.53681945800781,-4.269559860229492,2.3612923622131348,-48.5805549621582,-3.1896731853485107,2.7353525161743164,-47.296573638916016,-1.0892713069915771,1.2466834783554077,-46.255332946777344,-3.050208330154419,0.6505828499794006,-48.60186767578125,-0.849450945854187,1.755877137184143,-45.41622543334961,-4.293478965759277,2.8032326698303223,-48.22709655761719,-2.630128860473633,3.261986017227173,-46.023216247558594,-0.682105541229248,0.42651641368865967,-46.31859588623047,-2.9343419075012207,-0.2800726890563965,-48.86418533325195,-4.2932562828063965,1.3572266101837158,-49.227203369140625,-1.710034966468811,2.7512454986572266,-45.4590950012207,-4.038674831390381,3.7422780990600586,-47.084869384765625,-3.607234477996826,3.367159843444824,-47.064117431640625,-3.316974639892578,3.6220712661743164,-46.44021987915039,-0.827292263507843,-0.7906634211540222,-47.054718017578125,-4.137688636779785,0.6214715838432312,-49.49492263793945,-4.70820951461792,3.815511703491211,-47.61416244506836,-0.015797434374690056,-0.3565026521682739,-45.90349197387695,-2.2137436866760254,-1.103958249092102,-48.483116149902344,-0.1950332671403885,0.8313790559768677,-45.342899322509766,-5.300534725189209,2.571826457977295,-49.05756759643555,-5.376009464263916,2.9937903881073,-48.80711364746094,-5.412661075592041,3.5335235595703125,-48.392696380615234,-0.5334212779998779,1.9618754386901855,-44.658851623535156,-5.108164310455322,1.4899975061416626,-49.64680099487305,-0.9670688509941101,-1.6689965724945068,-47.42681884765625,-4.013200759887695,-0.16650395095348358,-49.731021881103516,-2.35876202583313,3.488297700881958,-45.23461151123047,-1.2840033769607544,2.835753917694092,-44.61085891723633,-5.583700656890869,2.145695447921753,-49.44430160522461,-4.729902267456055,4.220615386962891,-47.12984848022461,0.7585113048553467,0.09789586812257767,-44.62672424316406,-3.872817039489746,4.218047618865967,-46.26630783081055,-3.723555088043213,4.438318729400635,-45.70082092285156,-2.9213638305664062,-1.2660715579986572,-49.087093353271484,-5.639797210693359,1.0963716506958008,-50.16054153442383,-4.952498435974121,0.260760098695755,-50.20988464355469,0.6655743718147278,0.9315888285636902,-43.91734313964844,-4.522808074951172,4.436384677886963,-46.664649963378906,-5.8324384689331055,1.8512861728668213,-49.82175064086914,-5.847269535064697,3.0608842372894287,-48.87713623046875,0.6981156468391418,-1.5599641799926758,-45.71990966796875,1.1779398918151855,-0.9286414384841919,-44.85698699951172,-5.304279327392578,4.060168266296387,-47.729610443115234,-1.3632463216781616,-1.9334625005722046,-47.76991653442383,-0.674582302570343,2.6657660007476807,-43.61189651489258,-3.5671257972717285,-1.1185864210128784,-49.59856033325195,-4.471651554107666,-0.5558719038963318,-50.13338088989258,1.5672792196273804,-0.38223975896835327,-43.99461364746094,-2.869184732437134,4.06079626083374,-44.96470642089844,-0.10505534708499908,-2.1261987686157227,-46.676856994628906,-0.12253257632255554,1.9200568199157715,-43.883399963378906,-5.912533283233643,2.6472043991088867,-49.33362579345703,-1.7668075561523438,3.502838134765625,-44.12443923950195,-6.20151424407959,4.278693199157715,-48.05012130737305,-5.410754680633545,4.419140815734863,-47.50705337524414,1.6066615581512451,0.35757163166999817,-43.19284439086914,-5.946795463562012,0.46667909622192383,-50.685020446777344,-5.047506809234619,-0.6414433717727661,-50.61659240722656,-6.109981536865234,3.279090642929077,-48.878353118896484,0.8917301893234253,1.3524558544158936,-42.91413116455078,0.7439478039741516,-2.8942370414733887,-46.11545181274414,1.6705126762390137,-2.155761480331421,-44.97029113769531,2.4302141666412354,-1.377944827079773,-43.64878845214844,2.34777569770813,-0.4454348683357239,-42.947872161865234,-5.179433345794678,4.917828559875488,-46.66035461425781,-4.717984199523926,4.952503204345703,-46.01421356201172,-2.3001389503479004,3.946295976638794,-44.127838134765625,-6.301598072052002,0.08251242339611053,-51.145835876464844,-5.9170308113098145,4.49188756942749,-47.687232971191406,2.810663938522339,-2.3299484252929688,-43.763553619384766,-6.491247177124023,1.4243344068527222,-50.33689880371094,0.1116635724902153,2.125945806503296,-42.907920837402344,-6.54416561126709,2.315199613571167,-49.69855880737305,-6.756528377532959,2.720975637435913,-49.465965270996094,-4.187448024749756,-1.5560030937194824,-50.094947814941406,-6.941670894622803,3.2516443729400635,-49.04243087768555,-5.435166835784912,5.482406139373779,-46.144283294677734,-5.977445125579834,5.341034412384033,-46.931007385253906,2.12113881111145,-3.065657138824463,-44.839515686035156,-1.9228200912475586,-2.0896503925323486,-48.315711975097656,-5.392462730407715,-1.1115387678146362,-50.89231872558594,3.358833074569702,-1.0689793825149536,-41.928768157958984,-1.2277724742889404,3.350862741470337,-42.90519714355469,-4.865283489227295,5.3769636154174805,-45.43635177612305,-3.7872660160064697,4.779417514801025,-45.033424377441406,-6.329758167266846,5.062588214874268,-47.339290618896484,-0.7415314316749573,-2.8149561882019043,-47.36732864379883,-6.4788713455200195,4.1183648109436035,-48.306392669677734,2.163694381713867,0.47904738783836365,-42.03607177734375,3.555994987487793,-2.741847038269043,-43.02973556518555,-0.3318091630935669,-3.549915313720703,-46.949031829833984,1.3907524347305298,-3.729962110519409,-45.67436599731445,-2.910539150238037,-2.4781250953674316,-49.03305435180664,3.529961347579956,-1.7559750080108643,-42.37693405151367,-6.528286933898926,-0.41788074374198914,-51.49534606933594,-4.768077850341797,-2.075984477996826,-50.40752410888672,-7.0526323318481445,0.6302727460861206,-51.023536682128906,-5.90634822845459,5.644636154174805,-46.44876480102539,2.99910306930542,-3.3831400871276855,-43.98894119262695,3.0401899814605713,-0.40090981125831604,-41.59503173828125,-3.8162083625793457,-2.360767364501953,-49.69654846191406,-6.788888454437256,0.07669337093830109,-51.16093444824219,-7.217223167419434,1.4726709127426147,-50.369590759277344,-3.0845866203308105,4.561293601989746,-43.74409484863281,1.1513776779174805,1.4974983930587769,-42.0894660949707,-6.138890266418457,-1.165463924407959,-51.36181640625,-7.355780601501465,2.1836020946502686,-49.810508728027344,-0.263957679271698,2.5570335388183594,-42.34970474243164,-1.8970223665237427,3.793430805206299,-43.09212875366211,4.280280113220215,-1.9381526708602905,-41.29344177246094,-1.9595835208892822,-2.907001495361328,-48.23664855957031,4.4934306144714355,-3.2633097171783447,-42.04685592651367,-6.83309268951416,4.942503452301025,-47.64238739013672,-6.342457294464111,5.5707879066467285,-46.78209686279297,-6.551856994628906,5.97957706451416,-46.45344161987305,0.43468835949897766,-4.053353786468506,-46.39597702026367,-7.5419392585754395,2.9726617336273193,-49.178192138671875,-7.202574729919434,4.554283142089844,-47.88339614868164,-4.72777795791626,5.4973249435424805,-44.75092697143555,-3.7716879844665527,4.952809810638428,-44.120521545410156,2.053948163986206,-4.258700847625732,-45.097782135009766,4.0829973220825195,-4.191269874572754,-42.96201705932617,-2.3929476737976074,-3.17659330368042,-48.48507308959961,-1.653493881225586,-3.6013991832733154,-47.79359817504883,-7.332341194152832,3.8722310066223145,-48.42433547973633,-6.998730659484863,5.699427127838135,-47.00940704345703,-5.992157459259033,6.182060241699219,-45.51121520996094,2.762122631072998,0.3249100148677826,-40.908164978027344,2.1378848552703857,0.8157488107681274,-41.37620162963867,-7.202096462249756,-0.2723851203918457,-51.46883010864258,0.5146058797836304,2.048489570617676,-41.78303527832031,3.083153486251831,-4.300181865692139,-44.100791931152344,5.025970458984375,-3.256605386734009,-41.22520065307617,-6.921350479125977,-0.771300196647644,-51.744300842285156,-7.575681209564209,0.7480907440185547,-50.90503692626953,1.1182968616485596,1.7551391124725342,-41.1448974609375,-2.666691780090332,4.321842670440674,-43.14886474609375,-1.0406478643417358,-3.3695828914642334,-47.50749969482422,-5.516964912414551,-2.4949140548706055,-50.80903625488281,-6.6252570152282715,6.384396076202393,-46.00020980834961,3.85799503326416,-0.8909685611724854,-40.67153549194336,-7.676494121551514,5.037917613983154,-47.54292297363281,-7.104679584503174,6.384485244750977,-46.36281204223633,-5.557409286499023,5.998934745788574,-44.98373031616211,-7.113332748413086,-1.516946792602539,-52.018550872802734,3.694411039352417,-5.006204128265381,-43.5236701965332,4.895658016204834,-4.376771450042725,-42.01850509643555,-2.8922746181488037,-3.091395378112793,-48.85831069946289,-0.7798001766204834,3.0688352584838867,-41.95734786987305,1.8723691701889038,1.284163236618042,-40.45891189575195,-7.703784942626953,1.6428496837615967,-50.16380310058594,1.2839317321777344,-4.662817478179932,-45.72022247314453,-3.98246431350708,5.083713531494141,-43.41626739501953,-8.0154447555542,3.553759813308716,-48.485111236572266,-3.466717004776001,4.7720136642456055,-43.433311462402344,-6.321399688720703,-2.036454677581787,-51.4578742980957,-3.3665754795074463,-3.224794864654541,-49.100196838378906,2.3675220012664795,-5.484681129455566,-44.77230453491211,-7.822844505310059,0.3361130654811859,-51.147544860839844,-8.078901290893555,-1.042955756187439,-52.04652404785156,-6.862859725952148,-2.036173105239868,-51.81312561035156,-7.589763164520264,-0.3312343955039978,-51.60647201538086,-7.723827362060547,5.790268898010254,-47.027408599853516,5.289981365203857,-2.338460683822632,-39.821807861328125,3.385258197784424,-0.04168742150068283,-40.07894515991211,5.408645153045654,-4.677565097808838,-41.51908493041992,-1.0457289218902588,-4.199065208435059,-47.25635528564453,-7.956995010375977,4.405764102935791,-47.87776184082031,4.811947345733643,-1.2563177347183228,-39.1840705871582,-6.701001167297363,6.675551891326904,-45.17948913574219,-7.1101884841918945,6.759036540985107,-45.88473892211914,-4.991429805755615,5.754858016967773,-43.932804107666016,-4.484513282775879,5.385075569152832,-43.7218017578125,2.809011459350586,-5.5819091796875,-44.39236068725586,3.4064927101135254,-5.610662460327148,-43.823326110839844,-7.827114105224609,-1.3984969854354858,-52.27724838256836,-8.107677459716797,1.8409889936447144,-49.72822189331055,-8.039365768432617,2.4389772415161133,-49.380218505859375,-3.9736998081207275,-2.9950480461120605,-49.6381950378418,-6.212043285369873,6.378860950469971,-44.97425079345703,-8.180696487426758,-0.2287791222333908,-51.46548843383789,-8.14042854309082,1.1631585359573364,-50.381874084472656,4.630346298217773,-5.7587571144104,-42.70161819458008,5.927212715148926,-3.9897494316101074,-40.154296875,2.6766419410705566,0.6871337294578552,-40.06232452392578,-5.1083221435546875,-2.84624981880188,-50.23222732543945,-8.17566204071045,-0.7533773183822632,-51.784358978271484,-8.040609359741211,7.115520000457764,-45.940982818603516,3.0468780994415283,0.46503931283950806,-39.55186462402344,0.6595699191093445,-4.934013366699219,-46.05394744873047,1.383512020111084,-5.4059576988220215,-45.47593307495117,-8.217596054077148,3.8290774822235107,-47.96427536010742,4.137284755706787,-0.34130603075027466,-38.805362701416016,-8.207700729370117,6.410868167877197,-46.51877212524414,-4.656796455383301,-3.1553738117218018,-49.9449577331543,0.37056633830070496,2.188296318054199,-41.18162155151367,6.166939735412598,-5.620432376861572,-40.79509735107422,-0.44698745012283325,-4.645178318023682,-46.78553009033203,-0.3660382330417633,2.640329360961914,-41.027748107910156,-7.316134452819824,-2.180147886276245,-52.214027404785156,-2.450343370437622,-3.7940313816070557,-48.29720687866211,-8.425553321838379,5.143115043640137,-47.30378341674805,-7.578787803649902,6.963605880737305,-45.80063247680664,-7.539046764373779,7.232093811035156,-45.27041244506836,-6.939093589782715,6.918499946594238,-45.390281677246094,-2.889009952545166,4.270660400390625,-42.01811981201172,-7.914730072021484,-2.159162759780884,-52.49776077270508,5.533847808837891,-5.9427876472473145,-41.8179817199707,-8.470096588134766,0.6279780864715576,-50.66448211669922,-5.834344387054443,6.1676344871521,-44.136905670166016,-2.2394275665283203,3.9301838874816895,-42.10232162475586,-1.311411738395691,3.3646914958953857,-41.34827423095703,1.2054136991500854,1.742160677909851,-40.25532150268555,-8.32706356048584,2.8975141048431396,-48.83510971069336,5.466352939605713,-1.8174734115600586,-38.61304473876953,-8.48953914642334,-1.6564432382583618,-52.44047164916992,-6.198918342590332,-2.8452136516571045,-51.15201187133789,3.852783679962158,-6.655203819274902,-43.44544982910156,-3.9366273880004883,-3.621612310409546,-49.307403564453125,-6.297757148742676,6.498817443847656,-44.31612777709961,6.07974100112915,-2.8503530025482178,-38.5244026184082,0.33320313692092896,-5.360790729522705,-46.102046966552734,1.9339770078659058,-6.118885517120361,-44.93960952758789,2.4054064750671387,0.9807851910591125,-39.29310989379883,-3.6049416065216064,4.686961650848389,-42.390098571777344,-8.839044570922852,-0.1669292449951172,-51.122039794921875,3.4420278072357178,0.3302641808986664,-38.68790817260742,-7.0299601554870605,-2.811817169189453,-51.575958251953125,-8.39950180053711,1.3964418172836304,-49.97905349731445,-7.070335865020752,6.913618087768555,-44.46538162231445,-4.514238357543945,5.22397518157959,-43.00041198730469,6.279691219329834,-4.19102668762207,-39.38501739501953,-2.2507011890411377,-4.364990234375,-47.857276916503906,1.1253634691238403,-6.179561138153076,-45.29741287231445,-5.647630214691162,-3.097668170928955,-50.53874206542969,5.994553089141846,-6.921721935272217,-41.61326599121094,0.4057544469833374,2.1836318969726562,-40.360530853271484,-1.4335805177688599,-4.678225517272949,-47.191829681396484,2.9374122619628906,-6.646903038024902,-44.112064361572266,-7.762091636657715,-2.680283308029175,-52.42222213745117,-8.224065780639648,7.636404991149902,-45.239620208740234,1.8888746500015259,1.2797757387161255,-39.055030822753906,4.883878231048584,-6.994251251220703,-42.558414459228516,-8.60732650756836,-1.3032552003860474,-52.03512954711914,6.546916961669922,-5.728902339935303,-39.708335876464844,-8.911360740661621,6.902810573577881,-46.059898376464844,5.354094982147217,-7.686011791229248,-42.171531677246094,-3.055030107498169,-4.043877601623535,-48.492549896240234,4.6957573890686035,-0.6551350355148315,-38.09833908081055,1.525373101234436,1.459359049797058,-39.42386245727539,-8.824524879455566,5.970355987548828,-46.70082092285156,-8.499558448791504,3.33388352394104,-48.28782653808594,-5.107308387756348,5.497649192810059,-42.912559509277344,-1.9846614599227905,3.628340005874634,-41.15202713012695,-8.483501434326172,4.039551258087158,-47.76030731201172,-4.87677001953125,-3.549635648727417,-49.827369689941406,6.612919807434082,-7.150986671447754,-40.62281036376953,5.972559452056885,-2.0201046466827393,-37.59140396118164,6.518476486206055,-4.360095024108887,-38.48792266845703,-6.066055774688721,6.128762722015381,-43.304542541503906,5.190994739532471,-0.8826650977134705,-37.32062530517578,2.506045341491699,-6.495344638824463,-44.46635055541992,-6.213825702667236,-3.5922391414642334,-50.58199691772461,-8.014080047607422,7.384992599487305,-44.83562088012695,-1.0164204835891724,-5.27122688293457,-46.78373718261719,-5.594106197357178,-3.412961483001709,-50.02568435668945,-7.853601932525635,7.257789611816406,-44.22396469116211,-4.376407146453857,4.9892706871032715,-42.42200469970703,-0.23054997622966766,-5.634770393371582,-46.23888397216797,2.937326669692993,0.721817672252655,-38.28619384765625,-7.051864147186279,6.711498737335205,-43.7452507019043,-8.507452964782715,7.825949668884277,-44.977237701416016,-5.781391620635986,5.722815036773682,-43.00552749633789,-8.82177734375,3.444719076156616,-47.796478271484375,-8.889153480529785,4.298361301422119,-47.473907470703125,-8.858701705932617,0.4579722285270691,-50.61224365234375,-8.804121971130371,2.5171196460723877,-48.74745559692383,-0.8262055516242981,2.8431973457336426,-40.400386810302734,-8.789610862731934,-2.792689323425293,-52.8321647644043,-9.109112739562988,7.422846794128418,-45.692501068115234,-6.75276517868042,-3.2162086963653564,-51.2610969543457,6.188198566436768,-7.967162132263184,-41.53144454956055,6.616307735443115,-7.971675872802734,-40.946739196777344,-8.771904945373535,-1.716956377029419,-52.59577178955078,-7.400357723236084,-3.4842770099639893,-51.470890045166016,6.469371318817139,-3.484139919281006,-37.92516326904297,0.7149718999862671,-6.226598739624023,-45.54776382446289,4.293679714202881,-7.48846435546875,-42.960811614990234,-4.131846904754639,-4.140811443328857,-49.03993225097656,-2.80432391166687,3.8720808029174805,-40.97615432739258,6.653477191925049,-6.643815040588379,-39.71595001220703,-8.92944049835205,-2.3106601238250732,-52.87800979614258,-9.303735733032227,-1.9194780588150024,-52.523155212402344,-8.88913631439209,2.9225363731384277,-48.328922271728516,-9.02303409576416,0.8662332892417908,-50.01146697998047,-9.036843299865723,5.3033294677734375,-46.9034538269043,-9.235387802124023,7.841937065124512,-45.389198303222656,-0.32249441742897034,2.3743321895599365,-39.728370666503906,0.6760495901107788,1.9176678657531738,-39.48775100708008,3.8661539554595947,0.23310735821723938,-37.119140625,-9.115848541259766,-0.9592199325561523,-51.52745819091797,-8.024835586547852,-3.238158702850342,-52.1301383972168,4.433703899383545,-0.17198453843593597,-37.162654876708984,-8.082340240478516,-2.9888477325439453,-52.30910110473633,-9.467585563659668,6.482868671417236,-46.11063766479492,-4.86388635635376,-3.7470104694366455,-49.59306335449219,-2.424891233444214,-5.015342712402344,-47.543514251708984,-8.941587448120117,1.3877220153808594,-49.654441833496094,6.646712779998779,-5.299632549285889,-38.357643127441406,-8.912361145019531,2.1427958011627197,-48.84720993041992,-9.344141006469727,5.677606582641602,-46.528106689453125,2.0968945026397705,-7.033857822418213,-44.523197174072266,5.159586429595947,-8.291838645935059,-42.230159759521484,-9.04434871673584,4.820260047912598,-47.09101867675781,1.425570011138916,-6.937387943267822,-44.83919906616211,3.2745070457458496,-7.309860706329346,-43.69218826293945,-8.991179466247559,1.4824012517929077,-49.25224304199219,-3.337404727935791,-4.515601634979248,-48.25093078613281,-2.8945422172546387,-5.07519006729126,-47.76909637451172,6.491866111755371,-2.799758195877075,-36.80366134643555,-9.098745346069336,-1.565085530281067,-51.914031982421875,-1.878059983253479,-5.203822135925293,-47.05314636230469,-3.443563222885132,4.208871364593506,-41.27216720581055,-9.387513160705566,-3.0383033752441406,-53.11551284790039,0.2242654711008072,-6.469765663146973,-45.58280944824219,-9.188286781311035,-0.273863285779953,-50.84916687011719,6.530141830444336,-8.807748794555664,-41.212852478027344,-8.768769264221191,-3.359131336212158,-52.79906463623047,-6.949471950531006,-3.5879571437835693,-51.11722946166992,3.0268521308898926,0.6233962178230286,-37.20710372924805,-5.000289440155029,-4.190799236297607,-49.51728057861328,-5.590444564819336,5.476950168609619,-42.53311538696289,-1.483296513557434,3.169286012649536,-40.22315216064453,5.9975056648254395,-1.6974495649337769,-36.755958557128906,-9.47940444946289,6.878684043884277,-45.78768539428711,-0.04254850745201111,-6.249917984008789,-45.83095932006836,2.263007879257202,1.0379995107650757,-38.02364730834961,-9.183030128479004,0.12511084973812103,-50.38700485229492,-5.8898491859436035,-3.927520513534546,-49.78077697753906,-8.854122161865234,8.004251480102539,-44.42608642578125,-0.6228104829788208,-5.907482147216797,-46.19502639770508,-8.85018539428711,7.318390846252441,-43.97378921508789,5.767526626586914,-1.1174635887145996,-35.95589065551758,5.0218706130981445,-0.5637820363044739,-36.370391845703125,6.713698863983154,-6.287665843963623,-38.44234848022461,-1.3955758810043335,-5.593053340911865,-46.69651794433594,-8.964266777038574,3.734661817550659,-47.58753967285156,-8.887327194213867,3.3661863803863525,-47.56562042236328,1.4807084798812866,1.3897044658660889,-38.186920166015625,6.827262878417969,-7.853533744812012,-39.98359680175781,6.602019309997559,-4.187234401702881,-37.43489456176758,6.645097255706787,-6.883736610412598,-38.79515075683594,-6.562812328338623,6.018071174621582,-42.79789352416992,-4.607390403747559,4.7298431396484375,-41.821353912353516,2.4128146171569824,-7.729450702667236,-43.97869110107422,-9.073122024536133,0.549785315990448,-50.123321533203125,-9.872336387634277,7.810410022735596,-45.241111755371094,-9.480238914489746,6.104905128479004,-46.1025505065918,5.833206653594971,-9.13728141784668,-41.577171325683594,-9.567448616027832,8.427467346191406,-44.70514678955078,-9.4564847946167,-1.4777719974517822,-51.43720245361328,6.518494129180908,-4.66949462890625,-38.02779006958008,-9.07288932800293,-2.90791392326355,-52.51371765136719,-8.15027904510498,7.053740978240967,-43.588680267333984,6.3204264640808105,-2.368438482284546,-36.15935134887695,-4.198144912719727,-4.696957111358643,-48.56719207763672,2.964566230773926,-8.123137474060059,-43.52031326293945,3.774064064025879,-8.118739128112793,-43.07069778442383,-2.0472238063812256,3.3104658126831055,-40.29045867919922,-8.925983428955078,-3.304456949234009,-52.27716827392578,0.6956881284713745,-6.890011310577393,-45.049556732177734,-9.513890266418457,-2.3565874099731445,-52.006656646728516,0.9204511642456055,1.5130494832992554,-38.37056350708008,-9.352949142456055,-0.9292290210723877,-51.1636962890625,6.905893325805664,-9.193578720092773,-40.58988952636719,-9.172907829284668,4.621710300445557,-46.93277359008789,-2.625518321990967,3.5482943058013916,-40.41926574707031,-9.039972305297852,2.999858856201172,-47.872623443603516,-9.661508560180664,7.223217487335205,-45.55331039428711,-9.041468620300293,3.938903570175171,-47.28437042236328,6.55483865737915,-9.836873054504395,-41.096580505371094,-9.124809265136719,1.8000003099441528,-48.76190948486328,-6.118751525878906,5.355650901794434,-42.196903228759766,6.101006507873535,-1.6276053190231323,-35.74401092529297,-9.166543960571289,2.4580278396606445,-48.275455474853516,0.514248251914978,1.767059087753296,-38.65992736816406,-9.2966890335083,0.8361036777496338,-49.38277816772461,4.454813003540039,-8.567901611328125,-42.57084274291992,6.9568376541137695,-8.822855949401855,-40.14677047729492,-1.053374171257019,2.7151901721954346,-39.678653717041016,-0.124982088804245,2.0503334999084473,-39.21931838989258,-9.378767967224121,5.689732551574707,-46.195167541503906,6.541388511657715,-4.13075590133667,-36.64411926269531,4.239674091339111,-0.061909083276987076,-36.17639923095703,-7.863949775695801,-3.7403204441070557,-51.272918701171875,-10.041669845581055,8.494876861572266,-44.627803802490234,-7.182881832122803,6.234934329986572,-42.78763961791992,-7.6322855949401855,6.650422096252441,-43.195350646972656,-9.316225051879883,-2.847792387008667,-52.151851654052734,-9.409503936767578,8.201842308044434,-44.16042709350586,-3.669304370880127,-5.04604959487915,-47.88064956665039,-2.1960325241088867,-5.692154407501221,-46.83390426635742,5.265690326690674,-0.6978594064712524,-35.53096008300781,-0.6175814867019653,-6.457364082336426,-45.824058532714844,-7.28160285949707,-3.8354427814483643,-50.76632308959961,-9.502291679382324,-0.2249879240989685,-50.38459014892578,6.901987552642822,-10.085515975952148,-40.68401336669922,-9.58393669128418,-2.1154634952545166,-51.66250991821289,-9.448250770568848,0.2707887291908264,-49.82548904418945,-9.278992652893066,1.2453081607818604,-48.99994659423828,-5.912596702575684,-4.260488510131836,-49.45461654663086,-1.1247613430023193,-6.05385160446167,-46.21142578125,-9.333907127380371,4.0856170654296875,-46.9793815612793,-9.218929290771484,3.635984182357788,-47.30514907836914,-9.830609321594238,6.651721477508545,-45.2891731262207,-9.481203079223633,5.122037887573242,-46.54601287841797,6.480052471160889,-5.516870498657227,-37.371917724609375,3.3603663444519043,-8.578956604003906,-43.02589797973633,-4.456930637359619,4.211048126220703,-41.1500358581543,6.7508978843688965,-7.914897441864014,-38.7740592956543,6.516979217529297,-3.0622127056121826,-36.29479217529297,1.9732860326766968,0.9087961912155151,-36.839881896972656,-9.574767112731934,4.6924872398376465,-46.50359344482422,-9.886251449584961,6.396731853485107,-45.622501373291016,-5.1804046630859375,-4.630321979522705,-48.89019012451172,-9.332491874694824,2.540315866470337,-47.86898422241211,-0.12478402256965637,-6.895220756530762,-45.36381149291992,-9.767980575561523,5.582348346710205,-45.943721771240234,-9.654573440551758,5.21392297744751,-46.20033264160156,-9.031158447265625,-3.2994401454925537,-51.99433517456055,-9.424873352050781,7.68153190612793,-43.957611083984375,-0.408784955739975,1.7891405820846558,-38.38984680175781,-9.39815902709961,2.9675965309143066,-47.2443962097168,-0.8895072340965271,2.368088960647583,-39.01433563232422,1.2675471305847168,-7.493518352508545,-44.55303192138672,5.19016170501709,-9.40394401550293,-41.786922454833984,-9.614547729492188,4.258392333984375,-46.51315689086914,-9.635315895080566,-0.9404728412628174,-50.58161926269531,-5.59019136428833,4.938093185424805,-41.81357955932617,-1.2695717811584473,-6.308773994445801,-46.13091278076172,2.44512939453125,-8.437115669250488,-43.485591888427734,-9.45103645324707,1.2961643934249878,-48.62074661254883,-1.9985109567642212,-6.057088375091553,-46.472599029541016,6.595067977905273,-6.008275032043457,-37.728172302246094,-9.576616287231445,7.643927574157715,-44.35776138305664,-6.649933815002441,5.586076259613037,-42.54842758178711,-3.563385486602783,3.5891213417053223,-40.29685974121094,-9.789121627807617,6.001866817474365,-45.62493133544922,3.9475085735321045,-9.18188762664795,-42.515132904052734,-9.80416202545166,7.3773722648620605,-44.85123825073242,4.6174092292785645,-9.468029022216797,-42.049896240234375,-9.065825462341309,1.7432876825332642,-48.5006217956543,-4.054267406463623,-5.198608875274658,-47.87200164794922,4.575504302978516,-0.26972728967666626,-35.56458282470703,6.307436943054199,-2.3220043182373047,-35.36426544189453,-9.619561195373535,-1.6178700923919678,-50.56196975708008,3.6376891136169434,0.16875478625297546,-35.88920974731445,6.082065105438232,-1.2787398099899292,-34.72393798828125,-6.944525718688965,-4.145122051239014,-49.864463806152344,-9.476520538330078,1.625765323638916,-48.339019775390625,1.4489291906356812,-7.976379871368408,-44.091495513916016,7.029552936553955,-9.188257217407227,-39.41807556152344,-9.954710006713867,7.176838397979736,-44.79426956176758,6.1888227462768555,-10.349248886108398,-40.97639083862305,5.613613605499268,-0.8830251693725586,-34.79202651977539,6.240763187408447,-1.708841323852539,-34.84628677368164,-9.638395309448242,-1.8528790473937988,-50.976680755615234,-3.248495578765869,-5.603086471557617,-47.33559799194336,-2.248745918273926,3.068452835083008,-39.734649658203125,-8.846050262451172,-3.4267306327819824,-51.43790054321289,-4.9377121925354,-5.082729339599609,-48.0678596496582,-4.830774784088135,4.528102397918701,-41.3989143371582,-9.538687705993652,2.177651882171631,-47.87383270263672,-1.5356117486953735,2.6188104152679443,-39.099151611328125,-9.480791091918945,-2.723412275314331,-51.46961975097656,-2.647552728652954,-5.9112324714660645,-46.78892517089844,6.53754186630249,-6.6606035232543945,-37.737266540527344,0.414126992225647,-7.3657660484313965,-44.73925018310547,6.769942283630371,-8.999102592468262,-38.733680725097656,0.8741805553436279,1.2407512664794922,-37.2759895324707,-9.40027141571045,3.422057628631592,-46.960784912109375,-8.023422241210938,-3.7927181720733643,-50.641334533691406,5.249795436859131,-9.961389541625977,-41.48683166503906,-8.889297485351562,6.785508155822754,-43.33460998535156,6.974233627319336,-9.559515953063965,-39.68423843383789,-9.789962768554688,-0.44856610894203186,-49.87397384643555,-9.500664710998535,0.207219660282135,-49.06280517578125,-9.61691951751709,0.47389596700668335,-48.768890380859375,6.883213520050049,-11.153560638427734,-40.526580810546875,-4.0876312255859375,3.8659913539886475,-40.62400436401367,6.441001892089844,-4.423486232757568,-36.17429733276367,6.2698259353637695,-5.130227565765381,-36.35611343383789,6.265223503112793,-3.956725835800171,-35.87861633300781,3.1936261653900146,-9.110869407653809,-42.74797439575195,6.39257287979126,-3.6010055541992188,-35.46331787109375,-8.065196990966797,6.297396183013916,-42.863643646240234,-6.154987812042236,-4.611992835998535,-48.54583740234375,2.7370362281799316,-8.800941467285156,-43.10956573486328,-10.02937126159668,6.371301651000977,-44.76188659667969,-9.703694343566895,3.816707134246826,-46.425052642822266,1.372191071510315,1.085476040840149,-37.04581069946289,2.867969512939453,0.3562714159488678,-35.95859146118164,-1.5187267065048218,-6.535329341888428,-45.86806106567383,6.769562244415283,-10.090794563293457,-39.9122428894043,-9.76941204071045,2.5555877685546875,-46.84287643432617,-9.809691429138184,7.040124416351318,-44.06700897216797,-6.554355144500732,-4.327188491821289,-49.059486389160156,-0.5018451809883118,-7.273630619049072,-44.98687744140625,-9.52165412902832,-2.586858034133911,-50.907649993896484,-9.701899528503418,-1.4269311428070068,-49.84237289428711,-9.619915008544922,2.8883140087127686,-46.48947525024414,6.3329243659973145,-2.9399027824401855,-34.4453010559082,6.481947898864746,-7.586134433746338,-37.962547302246094,-9.159896850585938,-3.2139453887939453,-50.717586517333984,6.164454460144043,-1.3403615951538086,-33.53023910522461,1.5407909154891968,-8.57130241394043,-43.44166946411133,-2.9215199947357178,-6.179910659790039,-46.43832015991211,-9.938732147216797,5.02771520614624,-45.22966003417969,0.049272432923316956,1.3794726133346558,-37.546329498291016,6.246147632598877,-2.4424681663513184,-33.75834655761719,6.205269813537598,-6.490887641906738,-36.91551208496094,-4.286952018737793,-5.628056049346924,-47.218116760253906,-9.586647033691406,6.908780097961426,-43.59278106689453,-9.708802223205566,0.9325212240219116,-48.20314407348633,-9.716322898864746,1.8723745346069336,-47.275081634521484,-5.741797924041748,-4.809080600738525,-48.07160186767578,4.687713146209717,-0.5550063848495483,-34.15894317626953,5.743480682373047,-0.9999045133590698,-33.89207458496094,-9.746728897094727,3.2463841438293457,-46.355255126953125,-7.023930549621582,5.232096195220947,-42.2020263671875,3.8507282733917236,-0.10457378625869751,-34.9066276550293,-2.1516330242156982,-6.540925025939941,-45.9330940246582,3.650068759918213,-9.648635864257812,-42.13898849487305,6.667579174041748,-10.745140075683594,-39.8666877746582,6.166959285736084,-7.128657817840576,-37.46805953979492,-9.676558494567871,-0.2108786404132843,-48.33050537109375,4.621189594268799,-10.036147117614746,-41.64151382446289,-5.5615434646606445,4.418970108032227,-41.25428771972656,-5.117443561553955,-5.242244720458984,-47.49774169921875,-3.3639743328094482,3.2148492336273193,-39.88643264770508,-1.485262155532837,-6.884000778198242,-45.441162109375,1.8809298276901245,-8.898581504821777,-42.99775314331055,-7.9524431228637695,-3.910728693008423,-49.47267150878906,-6.200809001922607,4.7165374755859375,-41.61290740966797,6.380044937133789,-5.813544273376465,-36.796810150146484,-9.793102264404297,-0.5916494131088257,-49.10430908203125,6.096086025238037,-5.181426048278809,-35.773494720458984,0.4482880234718323,-7.905989170074463,-44.172176361083984,3.215688943862915,0.1410433053970337,-35.363224029541016,5.503610610961914,-10.62269401550293,-40.99496841430664,6.610743999481201,-8.38206958770752,-38.278812408447266,-9.892539024353027,3.6875083446502686,-45.6843147277832,-8.437901496887207,5.638856410980225,-42.6583366394043,-7.567171096801758,5.030801773071289,-42.08799743652344,-7.119362831115723,-4.287609100341797,-49.088558197021484,6.074002265930176,-4.58976936340332,-35.72591781616211,6.283382415771484,-11.059170722961426,-40.49524688720703,7.876231670379639,-11.779321670532227,-40.07904052734375,7.501153469085693,-11.86098861694336,-40.17561721801758,6.83613395690918,-11.586526870727539,-40.08197021484375,6.253429412841797,-2.3621182441711426,-33.34929656982422,7.069910049438477,-10.281078338623047,-39.30514144897461,-1.7776625156402588,2.0394179821014404,-38.38920593261719,7.079013347625732,-11.240747451782227,-40.03497314453125,5.1593499183654785,-0.8171936869621277,-34.10380935668945,7.111726760864258,-11.18105411529541,-39.42505645751953,7.517513275146484,-11.508395195007324,-39.55324172973633,-9.372847557067871,-2.74564266204834,-50.06121063232422,-9.767436981201172,6.451814651489258,-43.7259635925293,-4.907819747924805,3.7697396278381348,-40.64946746826172,-9.024356842041016,-3.1856613159179688,-49.70962905883789,-8.519601821899414,-3.5979878902435303,-49.52201461791992,-2.8578951358795166,2.742278814315796,-39.40062713623047,6.188453674316406,-7.9870171546936035,-37.39479446411133,2.1124136447906494,0.41951367259025574,-35.84383773803711,6.264243125915527,-3.7948737144470215,-34.88622283935547,-9.935608863830566,5.515316009521484,-44.331600189208984,6.6087541580200195,-9.975573539733887,-38.644325256347656,0.8265416026115417,0.7538198828697205,-36.3784294128418,3.597733974456787,-9.997546195983887,-41.73532485961914,4.6186909675598145,-10.548848152160645,-41.1384391784668,0.07754331827163696,-8.126514434814453,-43.751243591308594,6.176084995269775,-4.27986478805542,-35.29827880859375,-7.392670154571533,-4.269941806793213,-48.44915771484375,-6.664751052856445,4.253799915313721,-41.37036895751953,-4.331204414367676,3.232422351837158,-40.07333755493164,-0.9364640712738037,1.409706473350525,-37.71345138549805,6.0122528076171875,-5.65551233291626,-35.93720626831055,6.208006858825684,-3.3015952110290527,-34.07938766479492,-2.622692584991455,2.387803554534912,-38.86613845825195,-9.546380996704102,-2.067317485809326,-48.61686706542969,-9.809700012207031,-0.009394492954015732,-47.62230682373047,-9.8186616897583,1.1932834386825562,-47.05363845825195,5.4169721603393555,-1.1369216442108154,-33.3230094909668,-1.4816633462905884,-7.313320159912109,-44.77064514160156,2.532991886138916,-9.450102806091309,-42.343257904052734,6.989311218261719,-10.54800796508789,-39.01214599609375,7.023263931274414,-11.637179374694824,-39.71470642089844,-9.184454917907715,5.600372314453125,-43.15685272216797,4.791847229003906,-10.884685516357422,-40.81908416748047,6.291263580322266,-8.642640113830566,-37.75666809082031,-9.933147430419922,1.7305063009262085,-46.3824462890625,6.05611515045166,-1.4518004655838013,-32.69024658203125,-3.427952289581299,-6.4605841636657715,-45.75797653198242,-4.605579376220703,-5.750559329986572,-46.68761444091797,-2.2432539463043213,-6.8779449462890625,-45.31346130371094,-6.093007564544678,4.095175266265869,-41.073036193847656,-9.65894889831543,5.292210102081299,-43.56837844848633,3.9107532501220703,-10.398919105529785,-41.205711364746094,5.370603084564209,-11.123861312866211,-40.56639099121094,6.467220306396484,-9.210259437561035,-38.13210678100586,-9.564372062683105,-1.4399372339248657,-48.535850524902344,-3.5091662406921387,2.547482490539551,-39.27491760253906,5.573343276977539,-11.1465482711792,-40.1912841796875,6.064465522766113,-3.7900900840759277,-34.67275619506836,-9.88941764831543,3.7324869632720947,-44.88697814941406,5.892367362976074,-6.567544937133789,-36.29916763305664,3.547408103942871,-0.33512192964553833,-34.26571273803711,-6.4125776290893555,-4.7282280921936035,-47.42313766479492,-9.244025230407715,-2.7822861671447754,-49.292301177978516,-9.861567497253418,2.117109537124634,-46.06641387939453,-5.416936874389648,3.646261215209961,-40.61066436767578,2.0089988708496094,0.04758754372596741,-35.23820495605469,5.0589094161987305,-0.9947800040245056,-32.918182373046875,-7.228275299072266,4.35086727142334,-41.688899993896484,0.23908302187919617,0.8884364366531372,-36.74842071533203,-9.398938179016113,-2.311018943786621,-49.059532165527344,-1.2357836961746216,-7.658699035644531,-44.01713562011719,1.065888524055481,-8.885751724243164,-42.75901794433594,6.4977521896362305,-11.504870414733887,-39.60175323486328,5.945563793182373,-4.606783866882324,-34.945411682128906,6.001814365386963,-4.143067836761475,-34.565128326416016,-9.747694969177246,3.8021292686462402,-44.22780990600586,-3.2038259506225586,2.110440969467163,-38.8712158203125,-9.922098159790039,2.40236496925354,-45.6220817565918,-0.43763867020606995,0.9023891091346741,-36.86250305175781,6.375128746032715,-11.288644790649414,-39.238521575927734,4.122254371643066,-10.634968757629395,-40.82970428466797,6.326512336730957,-10.601646423339844,-38.757041931152344,5.835244655609131,-7.553251266479492,-37.06479263305664,5.886439800262451,-1.9685050249099731,-32.53934860229492,2.8390488624572754,-10.008194923400879,-41.36491012573242,2.4557647705078125,-9.70438003540039,-41.80879211425781,-7.83939790725708,4.59652853012085,-41.953609466552734,5.912351131439209,-3.300779104232788,-33.42198181152344,-8.624580383300781,4.738839149475098,-42.48257827758789,-5.060622215270996,2.8788089752197266,-40.088523864746094,-8.733731269836426,-3.2911815643310547,-48.64817428588867,-9.563051223754883,4.250156879425049,-43.52547073364258,-9.585259437561035,-1.168631911277771,-47.52645492553711,4.474584579467773,-0.7892435789108276,-33.359031677246094,2.344971179962158,-0.33067792654037476,-34.590694427490234,5.7012505531311035,-5.946507453918457,-35.68960189819336,5.702658176422119,-4.716047763824463,-34.5437126159668,6.096928119659424,-11.635537147521973,-39.57054901123047,5.899353981018066,-3.8440144062042236,-33.99640655517578,6.040712356567383,-9.420144081115723,-37.97504806518555,-3.9698126316070557,2.3373711109161377,-39.33911895751953,-1.729356050491333,1.1717464923858643,-37.58652877807617,-5.762310028076172,-5.215601444244385,-46.69942092895508,6.088812351226807,-2.3150975704193115,-32.5664176940918,0.07573210448026657,-8.52304458618164,-42.86033248901367,-0.8453975915908813,-7.9594879150390625,-43.533477783203125,5.8280029296875,-11.334843635559082,-39.799293518066406,1.1469649076461792,0.005241963546723127,-35.5418815612793,5.8532209396362305,-4.285525798797607,-34.125343322753906,4.012603282928467,-0.8368195295333862,-33.32897186279297,5.9107985496521,-1.6424309015274048,-32.22885513305664,-9.156445503234863,-2.7479746341705322,-48.40766906738281,-9.796692848205566,0.5504332780838013,-46.252593994140625,-6.921142101287842,3.5793161392211914,-41.15193557739258,5.529174327850342,-8.611135482788086,-37.2222785949707,-5.958136558532715,3.275294780731201,-40.55793380737305,5.520037651062012,-1.4646921157836914,-32.0993537902832,0.2825995981693268,0.3077205419540405,-36.12248992919922,-8.19450569152832,-3.6930856704711914,-48.02638244628906,-2.527449607849121,-7.156958103179932,-44.40357971191406,-2.7915737628936768,1.805462121963501,-38.44194793701172,5.0236287117004395,-11.148945808410645,-39.68507385253906,5.5814337730407715,-5.242977142333984,-35.238712310791016,5.491140842437744,-7.964213848114014,-36.92882537841797,5.947939395904541,-3.149160861968994,-32.851375579833984,-3.5998547077178955,-6.597989559173584,-45.23259735107422,2.3814449310302734,-0.6210565567016602,-34.24385452270508,5.2709736824035645,-7.136508941650391,-36.326904296875,-1.0561749935150146,0.877173662185669,-37.099063873291016,1.4541491270065308,-9.417484283447266,-41.69869613647461,-7.2933783531188965,-4.238317966461182,-47.419227600097656,-4.562004566192627,2.134094715118408,-39.39684295654297,-0.17325766384601593,0.40734490752220154,-36.357608795166016,-5.18214225769043,2.121920347213745,-39.773094177246094,3.0483779907226562,-0.5857065320014954,-33.98085403442383,5.772952079772949,-9.884893417358398,-38.02016067504883,-4.936224460601807,-5.756750106811523,-46.00334548950195,-9.620594024658203,1.8344932794570923,-44.48614501953125,-6.910284996032715,-4.513899326324463,-46.30426788330078,4.749904155731201,-1.1957414150238037,-32.6019401550293,5.736516952514648,-10.418065071105957,-38.369659423828125,-9.057607650756836,-2.318910598754883,-47.19852066040039,1.5973812341690063,-0.5083827376365662,-34.78535461425781,5.1049017906188965,-5.5515570640563965,-35.24560546875,-2.531963348388672,1.2845581769943237,-37.96174240112305,-8.65369701385498,-3.2823047637939453,-47.75261306762695,5.818410396575928,-3.5347819328308105,-33.279022216796875,5.334966659545898,-10.654948234558105,-38.63105010986328,-9.717551231384277,1.1390663385391235,-45.12291717529297,5.5159101486206055,-11.301375389099121,-39.04545593261719,6.02088737487793,-2.313427448272705,-31.92452621459961,5.861359596252441,-1.6598877906799316,-31.647802352905273,-9.010778427124023,3.769796133041382,-42.743255615234375,-8.962250709533691,-2.854914665222168,-47.42189025878906,-7.75963830947876,3.392082691192627,-41.664703369140625,5.397559642791748,-9.163701057434082,-37.42502212524414,1.1823967695236206,-0.5481212139129639,-34.92829895019531,5.401055335998535,-6.039073944091797,-35.55622100830078,3.241992712020874,-10.361109733581543,-40.555397033691406,-8.566824913024902,3.281752109527588,-42.24406433105469,-3.9829649925231934,1.8326449394226074,-38.96682357788086,0.2530548572540283,-8.790446281433105,-42.14387130737305,-9.460055351257324,-1.2589579820632935,-46.81459426879883,-3.333207130432129,1.2528554201126099,-38.3249626159668,-2.1230528354644775,-7.533130645751953,-43.39677047729492,5.231357574462891,-5.242618083953857,-34.54010009765625,5.6140666007995605,-3.9366912841796875,-33.56572341918945,-7.702184200286865,-3.8789618015289307,-47.03779983520508,-4.3312225341796875,-6.263086795806885,-45.01292419433594,6.149970054626465,-1.6039021015167236,-31.486894607543945,5.276925563812256,-4.580031394958496,-33.92756271362305,3.357243776321411,-1.0433348417282104,-33.38809585571289,5.109708786010742,-6.520018100738525,-35.57912063598633,-9.321300506591797,3.0535056591033936,-43.31562423706055,-9.570030212402344,-0.06697996705770493,-45.731178283691406,-6.270621299743652,2.577409029006958,-40.48069381713867,3.934335470199585,-10.762999534606934,-39.58591842651367,-6.107659339904785,-5.06199836730957,-45.622371673583984,-9.205464363098145,2.2912518978118896,-43.256351470947266,-0.6597694754600525,-0.01493049319833517,-36.1997184753418,0.5730519890785217,-0.4940652549266815,-35.358116149902344,4.617082595825195,-1.4934275150299072,-32.46244812011719,5.693733215332031,-2.9290456771850586,-32.35818862915039,-8.107600212097168,-3.7669286727905273,-46.99811553955078,-3.3373749256134033,-6.875813007354736,-44.128631591796875,5.152517795562744,-7.845364570617676,-36.65424728393555,0.6081642508506775,-9.077404022216797,-41.58513259887695,4.772323131561279,-5.941380977630615,-35.1778450012207,5.224160671234131,-9.865222930908203,-37.878082275390625,-0.9375967383384705,-8.107062339782715,-42.77178192138672,-8.658991813659668,-2.7296013832092285,-46.64904022216797,3.7776997089385986,-1.3931748867034912,-32.91215515136719,5.637310981750488,-2.0500218868255615,-31.61658477783203,-7.973205089569092,2.8161730766296387,-41.734493255615234,2.6479263305664062,-1.1021130084991455,-33.76990509033203,4.665801048278809,-7.273987293243408,-36.104583740234375,-1.2435436248779297,0.17320480942726135,-36.616546630859375,5.469897270202637,-3.463798761367798,-32.750694274902344,5.977059841156006,-2.121274948120117,-31.413183212280273,4.64878511428833,-10.919744491577148,-38.80849838256836,-2.0690999031066895,0.41290971636772156,-37.15645980834961,0.005289630964398384,-0.4148312211036682,-35.78788375854492,5.029401779174805,-5.0276079177856445,-34.279579162597656,5.912084579467773,-1.6249940395355225,-30.921884536743164,-9.02585506439209,-1.6351226568222046,-45.85157775878906,-2.917924404144287,0.6293338537216187,-37.72551345825195,5.113298416137695,-2.5616729259490967,-32.08662033081055,1.8972350358963013,-9.810819625854492,-40.2393684387207,4.826322078704834,-7.840706825256348,-36.34108352661133,4.986842632293701,-2.0633509159088135,-32.10115432739258,4.6990437507629395,-9.569934844970703,-37.48252868652344,4.357010841369629,-10.863139152526855,-38.98759460449219,4.772741794586182,-8.449392318725586,-36.76654052734375,5.920428276062012,-2.014845609664917,-30.909481048583984,4.79849910736084,-5.707006454467773,-34.776573181152344,5.218179702758789,-2.9674384593963623,-32.211795806884766,5.480802536010742,-2.455850601196289,-31.752092361450195,-6.990720272064209,-4.63501501083374,-45.90995407104492,2.7900900840759277,-10.248992919921875,-39.674991607666016,-8.028587341308594,-3.266616106033325,-46.17375183105469,4.962630271911621,-3.8029372692108154,-32.90917205810547,4.424347400665283,-10.124549865722656,-38.1522331237793,-9.30958366394043,-0.12245670706033707,-44.930091857910156,-7.718018531799316,-3.929534912109375,-46.21192932128906,-7.666318893432617,2.0339221954345703,-41.42278289794922,-6.614078998565674,1.7704418897628784,-40.53068923950195,-5.842531681060791,1.7472953796386719,-39.998863220214844,-9.25019645690918,1.1245956420898438,-43.88072204589844,1.810681939125061,-1.0831599235534668,-34.280635833740234,4.183419227600098,-6.532788276672363,-35.31486129760742,-8.421690940856934,2.205399751663208,-42.13827133178711,3.2522671222686768,-1.79428231716156,-32.934383392333984,3.9609017372131348,-2.2405202388763428,-32.49454879760742,-4.896332263946533,-5.830591201782227,-44.48854064941406,-4.513984203338623,0.8741294741630554,-38.83232498168945,1.138877272605896,-9.390807151794434,-40.50446319580078,4.961307525634766,-4.382075786590576,-33.51441955566406,4.645244121551514,-5.440084457397461,-34.43126678466797,-8.516775131225586,-2.538800001144409,-45.867610931396484,-1.3183817863464355,-7.915587425231934,-42.300235748291016,4.953143119812012,-2.496394395828247,-31.75640869140625,-5.511660575866699,-5.6458210945129395,-44.646331787109375,-3.284605026245117,-6.986950397491455,-43.036216735839844,-8.60344123840332,-1.9641532897949219,-45.122554779052734,4.6574249267578125,-4.781675815582275,-33.82820129394531,4.011026859283447,-10.165691375732422,-38.483123779296875,-7.252824306488037,-4.337331771850586,-45.55103302001953,-5.542210578918457,1.1747806072235107,-39.67531204223633,-0.8149999976158142,-8.284171104431152,-41.10892105102539,3.342674732208252,-10.487438201904297,-39.036842346191406,2.4494802951812744,-1.9876474142074585,-33.37955093383789,4.0743794441223145,-9.010465621948242,-37.174564361572266,-8.860254287719727,0.8633010983467102,-43.13810348510742,-8.855290412902832,-1.0455360412597656,-44.67747116088867,0.9068160653114319,-1.4184162616729736,-34.61406326293945,1.406558632850647,-1.2756699323654175,-34.38270568847656,4.1964640617370605,-6.114390850067139,-34.845481872558594,-7.358827590942383,-3.833110809326172,-45.18217086791992,-7.690945625305176,-3.253610134124756,-44.79247283935547,4.125268459320068,-7.885318756103516,-36.23194885253906,0.1772710680961609,-1.062818169593811,-35.2087287902832,-8.126967430114746,-2.739422082901001,-45.07573318481445,-8.866132736206055,-0.46825751662254333,-44.0754280090332,-6.236576080322266,-5.059177398681641,-44.799129486083984,3.271528482437134,-10.16767406463623,-38.694549560546875,-1.8213369846343994,-0.3026925027370453,-36.65375900268555,-1.3141310214996338,-0.7075330018997192,-36.240966796875,-0.01179790310561657,-8.78532600402832,-40.52962112426758,3.6923983097076416,-7.000325679779053,-35.686729431152344,-1.6099095344543457,-7.6751179695129395,-41.7934455871582,3.4322359561920166,-9.409628868103027,-37.851375579833984,4.658695220947266,-3.539367914199829,-32.480716705322266,-8.185724258422852,0.984900951385498,-42.154415130615234,-4.025590896606445,0.04094572365283966,-38.31409454345703,-0.7286912202835083,-1.1703518629074097,-35.90237808227539,1.860107660293579,-1.9291871786117554,-33.788352966308594,-7.216672420501709,1.0446873903274536,-41.03776168823242,-4.6912641525268555,-6.268283367156982,-43.94560623168945,1.7144707441329956,-9.653786659240723,-39.34699630737305,4.291846752166748,-3.879337787628174,-32.71145248413086,4.365830898284912,-3.1585819721221924,-32.51634979248047,4.277883052825928,-2.807636022567749,-32.133583068847656,-8.221969604492188,-1.552040696144104,-43.73692321777344,4.111145973205566,-5.45055627822876,-34.24400329589844,-7.087308883666992,-3.8723514080047607,-44.44889831542969,-8.471312522888184,-0.266741544008255,-43.147560119628906,-5.851168632507324,-5.041163444519043,-44.19428253173828,-8.058904647827148,-2.3177685737609863,-44.335601806640625,4.1578521728515625,-4.49833869934082,-33.38308334350586,-2.749013900756836,-0.453659325838089,-37.16998291015625,-6.1232805252075195,0.649210512638092,-40.047760009765625,-5.45054817199707,0.20610108971595764,-39.53004837036133,3.310025691986084,-2.4483304023742676,-32.68575668334961,3.829944610595703,-2.4602551460266113,-32.26818084716797,-7.405068874359131,0.7420569658279419,-41.26942443847656,-3.345999002456665,-7.149986267089844,-42.70964431762695,2.452763080596924,-9.77453327178955,-38.339664459228516,-4.414316654205322,-6.2710723876953125,-43.10102081298828,2.1134414672851562,-9.858695983886719,-38.87174987792969,3.587506055831909,-8.55202579498291,-36.8111457824707,3.1840689182281494,-8.854948043823242,-37.22462844848633,3.567105531692505,-4.752769947052002,-33.5877571105957,3.3495473861694336,-7.782413005828857,-36.18304443359375,-5.217403411865234,-5.317410945892334,-43.59096908569336,-4.771050453186035,-0.5459133982658386,-38.8942985534668,-7.646262168884277,-2.5093605518341064,-43.690185546875,-7.645270824432373,-0.0843835175037384,-41.84661102294922,-6.365955829620361,-4.294692516326904,-43.680049896240234,-5.475216865539551,-4.983731269836426,-43.18009567260742,-0.7888550162315369,-1.9611561298370361,-35.690773010253906,-7.115472793579102,-3.435515880584717,-43.797000885009766,1.7628521919250488,-2.7872154712677,-33.672760009765625,3.763784408569336,-3.401324987411499,-32.79151916503906,-1.9086315631866455,-7.811791896820068,-41.73936080932617,3.250770092010498,-6.663218975067139,-35.23154067993164,2.4091551303863525,-9.238371849060059,-37.95576477050781,0.20024904608726501,-1.9810965061187744,-34.953086853027344,2.5772786140441895,-2.84322190284729,-33.01563262939453,-7.898749351501465,-1.1530938148498535,-42.80104446411133,-6.956207275390625,-0.16079087555408478,-41.01982116699219,3.438520908355713,-2.9162909984588623,-32.42448425292969,-1.2553902864456177,-1.6425528526306152,-36.134490966796875,-7.535321235656738,-0.8639063239097595,-42.05512237548828,-0.4697451889514923,-8.715923309326172,-40.53627014160156,-6.506130218505859,-3.703171491622925,-42.977054595947266,-7.63076639175415,-1.9572893381118774,-43.02320861816406,3.000338554382324,-5.45143985748291,-34.26167678833008,-6.027674198150635,-0.8373416066169739,-40.229347229003906,0.7695940136909485,-2.3887288570404053,-34.46668243408203,2.9141135215759277,-5.976321220397949,-34.7105827331543,-2.5769858360290527,-7.326879024505615,-41.730201721191406,-1.5474603176116943,-7.910802841186523,-41.06885528564453,0.8819896578788757,-9.378262519836426,-39.64725112915039,2.2478880882263184,-8.747501373291016,-37.46965026855469,-3.7195892333984375,-6.7215776443481445,-42.34821319580078,2.7359471321105957,-7.704160690307617,-36.25042724609375,-5.939241886138916,-4.1441545486450195,-42.60660171508789,-3.704789638519287,-0.8911253213882446,-37.86579513549805,-7.189930438995361,-2.7042458057403564,-42.95243835449219,-5.317044258117676,-0.952536940574646,-39.517799377441406,-2.500007152557373,-1.4976590871810913,-36.89223861694336,-5.371958255767822,-4.806606769561768,-42.53559875488281,3.128896474838257,-4.218230724334717,-33.238380432128906,2.505603551864624,-7.179955005645752,-36.02885818481445,-7.091601848602295,-1.5190495252609253,-41.8104248046875,-6.755740165710449,-1.202438235282898,-41.230194091796875,-4.76331090927124,-5.3327202796936035,-42.21647262573242,2.9226768016815186,-3.739921808242798,-33.26112365722656,-3.1634957790374756,-6.706975936889648,-41.65007781982422,-1.8183143138885498,-7.325129985809326,-40.90493392944336,-7.107759952545166,-2.079911708831787,-42.24317169189453,-2.570547103881836,-6.630824089050293,-40.531578063964844,-0.5000413656234741,-8.546028137207031,-39.97419738769531,-4.017680644989014,-6.006401062011719,-41.8736572265625,2.3858590126037598,-3.3084933757781982,-33.20601272583008,-6.553106784820557,-3.107081174850464,-42.264076232910156,1.4014736413955688,-9.346517562866211,-38.718875885009766,2.4704902172088623,-6.393821716308594,-35.142459869384766,-4.745858192443848,-5.105737686157227,-41.79155731201172,-1.727597713470459,-7.229814529418945,-40.121192932128906,1.9512749910354614,-8.212958335876465,-37.11743927001953,-6.104731559753418,-1.8172576427459717,-40.71022415161133,-6.334980487823486,-2.760253429412842,-41.678409576416016,-5.749724388122559,-3.889557361602783,-41.952518463134766,1.3861266374588013,-3.2557520866394043,-33.952213287353516,2.7885351181030273,-4.842031002044678,-33.81024932861328,0.5951544046401978,-8.723084449768066,-39.090423583984375,-0.8859226703643799,-7.879703521728516,-39.666168212890625,-6.418357849121094,-2.1846110820770264,-41.36423110961914,-3.866880178451538,-1.5324351787567139,-38.06002426147461,-1.6989107131958008,-2.4744415283203125,-36.403629302978516,-5.0554280281066895,-4.236963272094727,-41.2508659362793,-5.3482584953308105,-2.421640634536743,-40.09207534790039,-4.93040132522583,-1.711639165878296,-39.30120086669922,1.403847336769104,-8.765992164611816,-38.06245803833008,0.0013556359335780144,-2.6123828887939453,-35.02317810058594,1.9715851545333862,-6.838308811187744,-35.82133102416992,-3.510707378387451,-5.935719966888428,-40.85953140258789,1.9495806694030762,-7.654989719390869,-36.56489944458008,-5.74671745300293,-2.688432455062866,-40.78716278076172,-5.33641242980957,-3.7984304428100586,-41.138946533203125,1.881661295890808,-3.947594404220581,-33.863433837890625,-0.4719315469264984,-8.18899154663086,-39.57830810546875,2.3942034244537354,-4.501861572265625,-33.76893615722656,-2.0799813270568848,-6.653589725494385,-39.68326187133789,-4.330112934112549,-5.026471138000488,-40.97590255737305,-5.714740753173828,-3.235938787460327,-41.19562911987305,0.3070448637008667,-8.324323654174805,-38.69705581665039,0.4562789797782898,-3.4273946285247803,-34.75371551513672,-1.3312633037567139,-7.306422233581543,-39.4127082824707,-0.8360919952392578,-2.8797123432159424,-35.70506286621094,2.0016889572143555,-6.274383068084717,-35.30039978027344,2.1589746475219727,-5.566946983337402,-34.64283752441406,-4.272548675537109,-2.15234112739563,-38.6572151184082,-2.1995906829833984,-3.0036661624908447,-36.90452575683594,-4.374355316162109,-4.321938514709473,-40.280635833740234,1.0242646932601929,-7.685707092285156,-37.1043701171875,-4.626137733459473,-2.656651496887207,-39.34602737426758,0.37974032759666443,-7.668588638305664,-37.663333892822266,-3.6579785346984863,-2.1123299598693848,-37.974876403808594,-3.003171682357788,-2.526686906814575,-37.4752197265625,-0.4950270354747772,-3.4697728157043457,-35.50336456298828,1.924292802810669,-4.798940181732178,-34.18559646606445,-3.9584567546844482,-4.935364246368408,-40.31464767456055,-4.835453987121582,-3.4419476985931396,-40.13223648071289,-0.008654560893774033,-7.8668012619018555,-38.356353759765625,1.198955774307251,-7.098735809326172,-36.442264556884766,1.1489382982254028,-4.173356533050537,-34.4090690612793,-3.1491692066192627,-5.719794273376465,-40.01203536987305,-0.7817519903182983,-7.343567848205566,-38.621158599853516,-2.5335121154785156,-5.862773895263672,-39.30068588256836,-4.186885356903076,-3.5285680294036865,-39.3250617980957,-3.9870479106903076,-2.911977767944336,-38.670047760009766,1.181016206741333,-6.118510723114014,-35.59247970581055,1.3581076860427856,-5.54099178314209,-35.033470153808594,-3.813485622406006,-4.634378433227539,-39.77350997924805,0.1862594336271286,-4.1663689613342285,-35.18419647216797,-1.4438894987106323,-3.524423122406006,-36.33129119873047,-3.0650012493133545,-3.325218439102173,-37.87978744506836,0.9706432223320007,-4.841176986694336,-34.829959869384766,-1.4226782321929932,-6.634430885314941,-38.59311294555664,-0.9909444451332092,-6.733705997467041,-38.10123062133789,0.7070343494415283,-6.787240982055664,-36.47068405151367,-0.4506138861179352,-7.003783702850342,-37.75701141357422,-3.045811414718628,-4.830218315124512,-38.95996856689453,-3.361199378967285,-3.8798136711120605,-38.59767532348633,-0.6003530621528625,-4.691374778747559,-36.09498977661133,-2.12548828125,-5.901498794555664,-38.7352180480957,-2.580254316329956,-4.63266658782959,-38.18933868408203,-2.000781297683716,-3.9537644386291504,-37.046504974365234,0.20429591834545135,-5.231565475463867,-35.67989730834961,-1.4678540229797363,-4.557312965393066,-36.84400939941406,-0.16099520027637482,-6.626608848571777,-37.046783447265625,-2.2023251056671143,-4.426379680633545,-37.5718994140625,-1.833554983139038,-5.621968746185303,-38.020442962646484,-0.05475747585296631,-5.9963507652282715,-36.41650390625,-0.963711678981781,-5.907900810241699,-37.24121856689453
