/home/arvardaz/SFT_with_CNN/output/1488798220.0643315_919.png,-2.606806516647339,-2.694631576538086,-42.7463264465332,-3.926083564758301,-3.1265196800231934,-42.65494918823242,-3.605423927307129,-1.9084053039550781,-43.73402404785156,-2.959122896194458,-3.3496897220611572,-42.1015739440918,-4.594764709472656,-2.6387462615966797,-43.24259567260742,-5.590179920196533,-2.901763916015625,-43.163936614990234,-5.113978385925293,-3.611607551574707,-42.368202209472656,-6.163269996643066,-3.4039857387542725,-42.703556060791016,-5.152892112731934,-2.3336315155029297,-43.591339111328125,-2.411553144454956,-1.9265680313110352,-43.414249420166016,-4.291814804077148,-3.8750128746032715,-41.873146057128906,-2.271756172180176,-1.1005949974060059,-43.97916030883789,-6.32301139831543,-3.003807783126831,-43.07119369506836,-4.654046535491943,-1.14912748336792,-44.33965301513672,-1.674120306968689,-2.167593002319336,-42.92378234863281,-3.7873358726501465,-4.26275110244751,-41.13591003417969,-5.828232765197754,-4.145216464996338,-41.82880783081055,-3.4991326332092285,-0.8492856621742249,-44.38362503051758,-6.316431045532227,-1.8359566926956177,-44.01326370239258,-5.763873100280762,-1.9481443166732788,-43.91641616821289,-5.504512786865234,-1.3714452981948853,-44.28874969482422,-1.353373646736145,-2.9958670139312744,-41.803260803222656,-5.39054012298584,-4.523491859436035,-41.27876663208008,-7.034097671508789,-2.2045674324035645,-43.72538757324219,-0.6274754405021667,-1.9924931526184082,-42.602420806884766,-2.683009147644043,-4.1366400718688965,-40.807552337646484,-1.244140863418579,-1.2717698812484741,-43.528560638427734,-7.238005638122559,-3.6316568851470947,-42.345947265625,-7.454751968383789,-3.3233532905578613,-42.66912841796875,-7.660086631774902,-2.849862575531006,-43.1141471862793,-1.9348015785217285,-0.4052051305770874,-44.32386016845703,-6.670774459838867,-4.370471954345703,-41.51711654663086,-1.1134436130523682,-3.4317874908447266,-40.97750473022461,-4.9448041915893555,-4.870795726776123,-40.668155670166016,-4.35706090927124,-0.4118567407131195,-44.67875289916992,-2.9880475997924805,-0.10237635672092438,-44.68206024169922,-7.349019527435303,-3.9994165897369385,-41.83237075805664,-7.142505168914795,-1.6820014715194702,-44.0634880065918,0.08694793283939362,-0.8571366667747498,-43.40037155151367,-6.225992679595947,-1.0187216997146606,-44.51111602783203,-6.079957008361816,-0.47396165132522583,-44.78034591674805,-3.3310089111328125,-4.59760856628418,-40.298240661621094,-7.034431457519531,-4.806944847106934,-40.90169143676758,-6.053369998931885,-5.093637466430664,-40.54338073730469,-0.24403202533721924,-0.051023613661527634,-44.069358825683594,-6.969849109649658,-1.2470699548721313,-44.35824203491211,-7.495811939239502,-4.349766731262207,-41.44932556152344,-7.896369934082031,-3.2869980335235596,-42.48166275024414,0.6164786219596863,-2.101414918899536,-41.94484329223633,0.8994220495223999,-1.2871479988098145,-42.73878860473633,-7.679746627807617,-2.1659746170043945,-43.62472915649414,-1.3896507024765015,-3.7150442600250244,-40.5438117980957,-2.160590887069702,0.7236039042472839,-44.85894012451172,-4.062248706817627,-4.945059776306152,-40.08628845214844,-5.223584175109863,-5.2135210037231445,-40.095008850097656,1.1500262022018433,-0.4648371636867523,-43.4131965637207,-5.0063276290893555,0.022091614082455635,-44.90519332885742,0.010053236037492752,-2.9331839084625244,-41.03827667236328,-1.3896359205245972,0.2592710256576538,-44.505985260009766,-7.849247932434082,-3.765720844268799,-42.091304779052734,-3.6110918521881104,0.5474026799201965,-45.00503158569336,-8.610574722290039,-2.268021821975708,-43.344276428222656,-7.896985054016113,-1.8858131170272827,-43.877803802490234,0.9981141090393066,0.3929423987865448,-44.07110595703125,-7.094883918762207,-5.327538013458252,-40.20085906982422,-5.772381782531738,-5.575154781341553,-39.720218658447266,-8.224980354309082,-3.2087864875793457,-42.531978607177734,-0.032237254083156586,0.9268588423728943,-44.552677154541016,1.2353034019470215,-2.6515865325927734,-40.825374603271484,1.901545763015747,-1.6420046091079712,-41.944358825683594,2.4510016441345215,-0.4222676753997803,-43.01153564453125,2.076815128326416,0.385050892829895,-43.7703971862793,-7.757144927978516,-1.0519559383392334,-44.42937088012695,-7.239161968231201,-0.5145258903503418,-44.70231628417969,-4.278663158416748,0.7053306102752686,-45.107574462890625,-7.304042816162109,-5.74769401550293,-39.685550689697266,-8.396514892578125,-1.9486669301986694,-43.67633056640625,3.2207119464874268,-0.7233245968818665,-42.39417266845703,-7.948532581329346,-4.7654595375061035,-40.73944091796875,-1.0690990686416626,1.1833555698394775,-44.80949783325195,-8.291939735412598,-4.029880523681641,-41.477622985839844,-8.618354797363281,-3.7127861976623535,-41.71586227416992,-4.473308563232422,-5.351635456085205,-39.38753128051758,-8.940221786499023,-3.2010836601257324,-42.07617950439453,-8.13291072845459,-0.43189486861228943,-44.78264236450195,-8.697254180908203,-1.1018871068954468,-44.37568283081055,2.766167640686035,-1.7138950824737549,-41.40091323852539,-1.9040226936340332,-4.149108409881592,-40.116703033447266,-5.886285781860352,-5.827540397644043,-39.1376953125,3.471573829650879,1.095164179801941,-43.767906188964844,-2.7991929054260254,1.6039658784866333,-45.16217041015625,-7.439547061920166,0.12694402039051056,-44.992408752441406,-6.147715091705322,0.22761540114879608,-45.04306411743164,-8.945363998413086,-1.4591103792190552,-43.9523811340332,-0.3332257568836212,-3.554516553878784,-40.11505126953125,-8.82027530670166,-2.479034900665283,-43.06177520751953,1.6720622777938843,1.4171733856201172,-44.47098922729492,4.220651626586914,-0.21119797229766846,-42.433067321777344,0.4768953323364258,-3.3181233406066895,-39.70173645019531,2.298515796661377,-2.4534213542938232,-40.448997497558594,-2.696920394897461,-4.689398765563965,-39.26789474487305,3.854976177215576,0.5440680980682373,-43.266510009765625,-7.321872711181641,-6.099555015563965,-39.137996673583984,-4.766340732574463,-5.597400188446045,-38.6399040222168,-8.175372123718262,-5.410795211791992,-39.7651481628418,-8.677844047546387,-0.612238347530365,-44.67510986328125,3.8560545444488525,-1.1044082641601562,-41.59003448486328,2.9482812881469727,1.56305992603302,-44.17591094970703,-3.6645607948303223,-5.134875297546387,-38.89445114135742,-7.709171772003174,-5.6632304191589355,-39.427772521972656,-8.583309173583984,-4.642852306365967,-40.40407180786133,-5.150016784667969,1.3110134601593018,-45.228946685791016,0.304585337638855,1.6920419931411743,-44.816436767578125,-6.589432239532471,-6.137197494506836,-38.70158767700195,-8.925599098205566,-3.987842082977295,-40.94350814819336,-1.4670002460479736,1.8532811403274536,-44.986724853515625,-3.622443675994873,1.6112874746322632,-45.19233322143555,4.825496196746826,1.4218995571136475,-43.506561279296875,-1.5029445886611938,-4.1605610847473145,-39.399295806884766,5.494175910949707,0.49076250195503235,-42.47945022583008,-9.374030113220215,-1.664618730545044,-43.58680725097656,-9.081197738647461,-0.8554774522781372,-44.38374328613281,-9.384012222290039,-0.44529518485069275,-44.62668991088867,1.4980062246322632,-2.9967169761657715,-39.67222595214844,-9.329597473144531,-3.242757797241211,-41.5255126953125,-9.541467666625977,-1.8686424493789673,-43.0617790222168,-7.224496841430664,0.7789472341537476,-45.170860290527344,-6.0070013999938965,1.1318670511245728,-45.20502853393555,3.252206802368164,-2.0909602642059326,-40.34442901611328,5.406376838684082,-0.42325618863105774,-41.46754837036133,-1.7850950956344604,-4.344801425933838,-38.94252014160156,-0.79350346326828,-3.8741321563720703,-38.96706771850586,-9.43222713470459,-2.44767689704895,-42.407989501953125,-9.744600296020508,-0.9268585443496704,-44.151981353759766,-8.799394607543945,0.37940141558647156,-45.09589385986328,2.5128085613250732,2.3725664615631104,-44.656517028808594,1.6362141370773315,2.103161334991455,-44.74955749511719,-7.94846248626709,-5.91870641708374,-38.91312026977539,-0.43008217215538025,2.184845447540283,-44.959190368652344,4.362744331359863,-1.3378190994262695,-40.84886932373047,6.126712799072266,1.1809073686599731,-42.76643371582031,-7.5283427238464355,-6.302392482757568,-38.63044357299805,-8.641127586364746,-5.174687385559082,-39.59535598754883,0.3698135018348694,2.646907329559326,-45.025394439697266,-4.541706562042236,1.7757573127746582,-45.2446174621582,-0.33438944816589355,-3.6944761276245117,-39.48486328125,-5.27108097076416,-5.883279800415039,-37.890865325927734,-9.542533874511719,0.05762505531311035,-44.93754196166992,4.092620849609375,2.2354960441589355,-44.186737060546875,-10.098889350891113,-1.3840163946151733,-43.23160934448242,-10.026102066040039,-0.1965194046497345,-44.68674850463867,-8.221535682678223,0.7814626693725586,-45.16804504394531,-7.375699520111084,-6.616977691650391,-37.891666412353516,5.3630146980285645,-0.9849763512611389,-40.565792083740234,6.397302150726318,0.3053918778896332,-41.73622131347656,-2.3306961059570312,-4.59522819519043,-38.75410461425781,-2.061211347579956,2.400214910507202,-45.15921401977539,1.3955711126327515,3.1038360595703125,-45.01801681518555,-9.024637222290039,-4.3232622146606445,-40.29851150512695,2.6703202724456787,-2.5854568481445312,-39.595733642578125,-6.081948757171631,1.874746561050415,-45.21199035644531,-9.852723121643066,-2.4041390419006348,-41.781063079833984,-5.500364303588867,1.7159968614578247,-45.21285629272461,-6.323557376861572,-6.295262813568115,-37.86165237426758,-2.714092969894409,-4.748763084411621,-38.392581939697266,4.208688259124756,-1.9826277494430542,-39.46085739135742,-8.695378303527832,-5.408010482788086,-39.113441467285156,-8.423300743103027,-6.390811443328857,-37.79600524902344,-6.856988430023193,-6.529529571533203,-37.578895568847656,-8.273012161254883,-5.979948997497559,-38.66090774536133,-10.396656036376953,-0.7851705551147461,-43.85350036621094,6.2131123542785645,2.5982069969177246,-43.697025299072266,3.410933494567871,3.0077414512634277,-44.671363830566406,7.092935085296631,0.6503602266311646,-41.7481689453125,0.13971656560897827,-3.546621799468994,-38.77457809448242,-10.091358184814453,-1.726043462753296,-42.54358673095703,5.420032024383545,3.4427056312561035,-44.37827682495117,-9.55887222290039,0.9048085808753967,-45.15226364135742,-10.107112884521484,0.31308671832084656,-45.007080078125,-7.380448341369629,1.6581530570983887,-45.259368896484375,-6.723046779632568,1.7160089015960693,-45.207401275634766,4.713938236236572,-1.715248942375183,-39.609031677246094,5.3586955070495605,-1.288048267364502,-39.89781951904297,-8.089097023010254,-6.708270072937012,-37.62117004394531,-9.357251167297363,-3.794023275375366,-40.26115036010742,-9.520554542541504,-3.3997464179992676,-40.810001373291016,-3.46107816696167,-5.120264530181885,-38.27083206176758,-8.954665184020996,0.9693107604980469,-45.153438568115234,-8.782055854797363,-5.709889888763428,-38.44291305541992,-9.196202278137207,-4.501964569091797,-39.660587310791016,6.7141008377075195,-0.4660836458206177,-40.41282272338867,7.4979047775268555,1.9510009288787842,-42.61360549926758,2.4584085941314697,3.2544851303100586,-44.92710876464844,-4.618272304534912,-5.447658061981201,-37.80596160888672,-8.588069915771484,-6.082282066345215,-37.99502944946289,-11.07284164428711,0.4908067584037781,-44.829002380371094,2.9983859062194824,3.648648500442505,-44.93238067626953,2.210305690765381,-2.813652515411377,-39.03800582885742,3.1860671043395996,-2.45558500289917,-39.01350402832031,-10.03674602508545,-1.8243354558944702,-41.91484069824219,4.487052917480469,4.056175708770752,-44.81306076049805,-10.991861343383789,-0.11903548985719681,-44.13631057739258,-4.01950216293335,-5.297232151031494,-37.77760314941406,-0.47839221358299255,2.815162181854248,-45.00773620605469,8.369573593139648,1.0880382061004639,-41.33974838256836,0.9732074737548828,-3.264043092727661,-38.70656967163086,-1.2819303274154663,3.1685667037963867,-45.01316452026367,-7.2551045417785645,-6.843135356903076,-37.21825408935547,-1.4764750003814697,-4.222867012023926,-38.386009216308594,-10.71742057800293,-0.9858624339103699,-42.93456268310547,-10.579614639282227,0.5147839784622192,-44.93948745727539,-10.557172775268555,1.0533620119094849,-45.192928314208984,-9.928991317749023,0.7772207260131836,-45.235206604003906,-4.433619976043701,2.914098024368286,-45.09254455566406,-7.8295512199401855,-6.993775367736816,-36.924007415771484,7.765563488006592,0.18594099581241608,-40.729496002197266,-9.266159057617188,-4.771798610687256,-39.03030014038086,-8.336860656738281,1.6808710098266602,-45.173892974853516,-3.7422420978546143,2.6593034267425537,-45.137794494628906,-2.508281707763672,3.1356630325317383,-45.140235900878906,0.6585662364959717,3.4919848442077637,-45.064971923828125,-9.86242961883545,-2.7573490142822266,-41.056209564208984,6.381494522094727,3.797769069671631,-44.241397857666016,-8.547174453735352,-6.761429309844971,-37.05608367919922,-5.7411208152771,-6.11793851852417,-37.23558044433594,6.346042633056641,-1.1347168684005737,-39.238529205322266,-3.0357072353363037,-4.8798627853393555,-37.75639343261719,-8.931150436401367,1.6404615640640259,-45.215614318847656,7.433419227600098,3.637176990509033,-43.67694854736328,2.143651008605957,-2.8435730934143066,-38.50355911254883,4.12973690032959,-2.1307437419891357,-38.692745208740234,2.2663753032684326,4.091953277587891,-45.042266845703125,-5.326009273529053,2.7480833530426025,-45.074893951416016,-9.278776168823242,-5.234041213989258,-38.156494140625,3.5983316898345947,4.391458511352539,-45.02741241455078,-6.547875881195068,-6.355764389038086,-36.83053207397461,-9.43408489227295,-4.03010892868042,-39.728172302246094,-9.81725788116455,1.7023049592971802,-45.16868209838867,-6.496131896972656,2.4042224884033203,-45.0587043762207,8.073688507080078,2.6027510166168213,-42.62906265258789,-0.9184966683387756,-3.903193235397339,-38.00409698486328,3.4047324657440186,-2.319915294647217,-38.21930694580078,-5.011253356933594,-5.664514064788818,-37.30942153930664,8.690876007080078,0.17574584484100342,-40.13270568847656,-0.2531040608882904,3.6053030490875244,-45.027069091796875,0.0750596821308136,-3.4606425762176514,-38.16415786743164,5.424711227416992,-1.594018816947937,-38.76679229736328,-7.421741962432861,-7.012728214263916,-36.558082580566406,-11.3228178024292,1.271000862121582,-45.18354797363281,1.7427096366882324,4.464163780212402,-45.031494140625,7.582542419433594,-0.5236949324607849,-39.488853454589844,-8.727757453918457,-6.3020100593566895,-37.299476623535156,8.996199607849121,2.0535476207733154,-41.45077896118164,-11.716255187988281,0.5286815166473389,-44.194828033447266,8.41364574432373,-0.3251551389694214,-39.14365005493164,-1.8982954025268555,-4.318119049072266,-37.85759353637695,5.276010990142822,4.592040061950684,-44.8387336730957,1.2632137537002563,4.201263427734375,-44.99424743652344,-11.324292182922363,-0.2212318480014801,-43.438663482666016,-10.096961975097656,-2.139040231704712,-41.34322738647461,-7.105985641479492,2.643162250518799,-44.98566436767578,-3.1540558338165283,3.4951798915863037,-45.01771545410156,-10.315690040588379,-1.54698646068573,-41.958152770996094,-3.975172996520996,-5.184122085571289,-37.3271598815918,9.553699493408203,0.9846764802932739,-40.26348876953125,7.145113945007324,4.663100242614746,-44.33698272705078,8.568977355957031,3.405771493911743,-42.613887786865234,-8.313188552856445,2.5326244831085205,-45.025630950927734,5.9855546951293945,5.219666481018066,-44.90583419799805,4.906469345092773,-1.832169532775879,-38.670475006103516,-5.2415995597839355,-5.648545265197754,-36.59267044067383,-10.92617130279541,1.5910990238189697,-45.079986572265625,0.8172276020050049,-3.2190470695495605,-37.876007080078125,-4.686484336853027,-5.213874340057373,-37.07077407836914,-10.584382057189941,2.137691020965576,-45.058231353759766,-6.126675128936768,2.9105422496795654,-44.933082580566406,1.7818070650100708,-2.8931829929351807,-37.97610092163086,3.0763282775878906,4.931105136871338,-45.102928161621094,-9.5299072265625,2.3746137619018555,-45.0098991394043,-11.591920852661133,1.606237769126892,-45.200260162353516,-7.801243782043457,2.717296600341797,-44.82802200317383,-10.304510116577148,-1.582573652267456,-41.273921966552734,-10.71561336517334,-1.1552447080612183,-41.970829010009766,-9.490530014038086,-4.6613616943359375,-38.68373489379883,-10.045578956604004,-2.6190457344055176,-40.48411560058594,-1.6184003353118896,3.8962461948394775,-44.951847076416016,-8.314629554748535,-7.2137908935546875,-35.92656707763672,-12.056463241577148,0.9871707558631897,-44.53916931152344,-6.039180278778076,-6.153983116149902,-36.6304817199707,9.399105072021484,0.09303397685289383,-39.33979034423828,9.894716262817383,0.572997510433197,-39.561561584472656,-8.787639617919922,-6.861597537994385,-36.85695266723633,-6.490818977355957,-6.256621360778809,-36.064144134521484,8.218439102172852,4.0653767585754395,-43.3408317565918,3.028759002685547,-2.4846436977386475,-37.96471405029297,7.2473578453063965,-0.851764440536499,-38.75774002075195,-2.872347831726074,-4.640824317932129,-37.212894439697266,-3.9161183834075928,3.862556219100952,-44.80211639404297,9.54509162902832,1.917065143585205,-40.723751068115234,-8.685050964355469,-7.173192501068115,-36.265899658203125,-9.109670639038086,-6.705832004547119,-36.4084358215332,-10.222229957580566,-2.147392511367798,-40.78923797607422,-9.691463470458984,-3.9960367679595947,-38.9512825012207,-11.211353302001953,-0.4528444707393646,-42.75699996948242,-12.301461219787598,1.3569014072418213,-44.83387756347656,-0.8048326373100281,4.391134262084961,-44.816349029541016,0.31155842542648315,4.366881370544434,-44.94524002075195,4.369611740112305,5.817637920379639,-45.17398452758789,-9.203927040100098,-5.6641845703125,-37.333038330078125,-7.289088249206543,-6.740475654602051,-35.9466438293457,5.03513765335083,5.611609935760498,-45.121700286865234,-7.505002975463867,-6.873375415802002,-36.128875732421875,-11.977794647216797,0.5440840721130371,-43.5470085144043,-3.809481382369995,-4.982213973999023,-37.166534423828125,-0.6604968309402466,-3.638852119445801,-37.35965347290039,-9.803084373474121,-3.604645013809204,-39.44159698486328,9.18083667755127,3.3959624767303467,-41.877899169921875,-9.96985149383545,-2.737691879272461,-40.10731887817383,-11.56698226928711,0.018723011016845703,-42.91995620727539,4.825482368469238,-1.8667309284210205,-37.99751281738281,8.544424057006836,-0.4133013188838959,-38.524436950683594,-11.017780303955078,-0.6901999711990356,-42.33892822265625,4.144913673400879,-2.0249810218811035,-37.729888916015625,6.1385393142700195,-1.332774043083191,-38.37738037109375,-9.797194480895996,-3.192551851272583,-39.49930953979492,-1.8373678922653198,-4.080779552459717,-37.309326171875,-1.0733473300933838,-3.7688755989074707,-37.06352996826172,8.1559476852417,5.230819225311279,-43.94456481933594,-8.974839210510254,-6.1143622398376465,-36.821510314941406,0.004352695308625698,-3.296443462371826,-37.48512268066406,-4.686751842498779,3.745330333709717,-44.75672912597656,-8.753718376159668,-7.395452499389648,-35.40474319458008,2.7360002994537354,-2.4466912746429443,-37.50210952758789,-9.450282096862793,-4.909869194030762,-37.88563537597656,10.182804107666016,0.23404236137866974,-38.80039978027344,-8.003342628479004,-7.252297878265381,-35.45327377319336,-5.980711460113525,-6.017467021942139,-36.21151351928711,3.454960584640503,5.949836730957031,-45.071868896484375,-3.6806206703186035,-4.932655334472656,-36.716827392578125,-7.407064437866211,3.1084237098693848,-44.71975326538086,-2.286792039871216,4.241299629211426,-44.89097595214844,7.199917316436768,5.5076584815979,-44.63094711303711,-12.111383438110352,0.9067342281341553,-43.88129425048828,2.344896078109741,-2.607404947280884,-37.550174713134766,2.418768882751465,5.361429691314697,-45.025177001953125,-9.538451194763184,-4.415071964263916,-38.23233413696289,-4.61423921585083,-4.975628852844238,-36.47896957397461,-11.839741706848145,2.2337350845336914,-45.176326751708984,1.6043126583099365,-2.8021819591522217,-37.53977584838867,-11.38325309753418,2.59204363822937,-44.594757080078125,6.904750823974609,6.4002251625061035,-45.01250457763672,5.9082465171813965,6.215080738067627,-45.09663772583008,9.715633392333984,3.18410325050354,-41.06735610961914,0.6856560707092285,-3.0943524837493896,-37.404754638671875,-10.51998233795166,-1.3163615465164185,-41.449214935302734,-10.264781951904297,-1.3540195226669312,-41.17420959472656,1.553161859512329,5.404245376586914,-44.91917037963867,10.237380981445312,1.479569673538208,-39.77792739868164,8.799437522888184,4.432204723358154,-42.8115119934082,9.876594543457031,2.7854433059692383,-40.519962310791016,-8.550094604492188,3.113741874694824,-44.67649841308594,-6.045637607574463,3.5111277103424072,-44.59519577026367,5.567625522613525,-1.4838612079620361,-37.56998825073242,-9.599556922912598,-4.131565570831299,-38.654056549072266,-12.779335021972656,1.6275787353515625,-44.477508544921875,-11.795435905456543,0.510225236415863,-43.21733856201172,9.684800148010254,-0.015853632241487503,-38.15496826171875,-12.711540222167969,2.1582887172698975,-45.1665153503418,-9.203415870666504,-5.567487716674805,-36.71358108520508,8.833866119384766,3.816631317138672,-42.352203369140625,-8.416436195373535,-6.8598198890686035,-35.683109283447266,-10.577686309814453,2.7918808460235596,-44.73383712768555,7.947734832763672,5.942607879638672,-44.22840881347656,-2.5348730087280273,-4.23305606842041,-36.705928802490234,6.332686424255371,-1.197605848312378,-37.522361755371094,7.108519077301025,-0.925993025302887,-37.948707580566406,-2.8421225547790527,4.30795955657959,-44.71881103515625,-8.038339614868164,-6.706532001495361,-35.42171096801758,3.4654629230499268,-2.0743322372436523,-37.39057540893555,-8.941427230834961,-6.2121195793151855,-35.92891311645508,0.9824400544166565,5.355011940002441,-44.732940673828125,-9.33007526397705,-5.2586140632629395,-37.23796463012695,10.836625099182129,0.7172058820724487,-38.66923141479492,-10.986851692199707,-0.5333686470985413,-42.103477478027344,-3.472717523574829,4.329131603240967,-44.6214485168457,-10.278852462768555,-1.664024829864502,-40.77994155883789,-12.381319046020508,1.212180495262146,-44.0828742980957,-10.615728378295898,-0.9820007085800171,-41.58567428588867,10.75067138671875,0.22132736444473267,-37.93403244018555,-9.95289421081543,-2.651468515396118,-39.70458221435547,-7.705013275146484,3.529139280319214,-44.344139099121094,7.489299297332764,6.478006839752197,-44.75059127807617,-10.205217361450195,-2.093068838119507,-40.24855422973633,0.44864556193351746,5.186808109283447,-44.7376708984375,-9.75507926940918,-3.332582473754883,-38.7874870300293,8.018475532531738,-0.6323587894439697,-37.92080307006836,10.796163558959961,1.1808319091796875,-39.01535415649414,-1.572024941444397,4.629117965698242,-44.72904968261719,-0.357082724571228,4.80736780166626,-44.64490509033203,-11.523300170898438,0.35077300667762756,-42.91442108154297,8.90714168548584,5.219680309295654,-42.8332405090332,5.051146507263184,6.62265157699585,-45.121280670166016,-6.699587345123291,-5.999293327331543,-35.60603332519531,-13.121006965637207,2.3384881019592285,-44.978694915771484,-9.171967506408691,3.276142120361328,-44.540409088134766,-9.851128578186035,3.0207114219665527,-44.660064697265625,-8.563432693481445,-6.451284885406494,-35.61054992675781,-12.337921142578125,2.628817081451416,-45.05888366699219,-1.7575297355651855,-3.7151577472686768,-36.68595886230469,0.03883912414312363,-3.0755112171173096,-36.904052734375,6.376431465148926,6.9651360511779785,-45.11363220214844,1.9739874601364136,-2.5072264671325684,-37.07463455200195,-6.048593997955322,-5.637451171875,-35.82984161376953,-9.626026153564453,-4.388369083404541,-37.76744842529297,11.261800765991211,0.521984338760376,-37.90402603149414,-9.04019832611084,-5.835081577301025,-36.10087203979492,-9.69973373413086,-3.79801344871521,-38.22281265258789,-9.856804847717285,-2.916221857070923,-39.148895263671875,-4.387947082519531,-4.693052291870117,-36.18450164794922,1.2577159404754639,-2.732456684112549,-37.15421676635742,-10.860652923583984,-0.6085248589515686,-41.561336517333984,-10.614903450012207,-1.0013508796691895,-41.234519958496094,-12.17064380645752,1.4364985227584839,-43.508182525634766,-11.40429973602295,-0.035728730261325836,-42.373756408691406,9.384806632995605,4.362514495849609,-41.611820220947266,7.008183002471924,-0.8516659140586853,-37.3409538269043,-5.500247001647949,4.071845531463623,-44.23380661010742,10.490358352661133,2.6633853912353516,-39.693328857421875,8.429448127746582,5.689402103424072,-43.73633575439453,2.5228304862976074,6.555955410003662,-44.77177047729492,-11.25494384765625,-0.0256976168602705,-41.95823287963867,-12.166648864746094,1.0940920114517212,-43.259254455566406,-3.460132122039795,-4.337911605834961,-36.251502990722656,-10.288647651672363,-1.6544373035430908,-40.235355377197266,2.7128660678863525,-2.2122533321380615,-36.958683013916016,-11.732815742492676,0.6622498631477356,-42.622314453125,-11.513082504272461,0.3464677035808563,-42.36454391479492,-8.061450958251953,-6.409557819366455,-35.373207092285156,-12.039958953857422,2.7680554389953613,-44.607303619384766,-0.2650136351585388,5.6409196853637695,-44.2795295715332,-10.411669731140137,-0.9839558601379395,-40.57048034667969,-1.1039007902145386,5.200414180755615,-44.521366119384766,4.362219333648682,-1.7797232866287231,-37.174217224121094,9.236235618591309,-0.11921936273574829,-37.59218978881836,-11.070908546447754,-0.07773256301879883,-41.56639862060547,-9.421460151672363,-4.636456489562988,-37.08551025390625,-6.964851379394531,3.7444136142730713,-44.26361083984375,1.2852940559387207,-2.6544384956359863,-36.86166000366211,6.068313121795654,-1.0942713022232056,-36.984745025634766,-9.935848236083984,-2.5065314769744873,-39.10549545288086,0.4724203944206238,-2.807650327682495,-36.69670486450195,9.644497871398926,3.93515682220459,-41.24911880493164,-12.241331100463867,2.405885696411133,-44.493988037109375,-8.345306396484375,3.3233633041381836,-44.26350784301758,-4.243002414703369,4.64497709274292,-44.17073059082031,-11.887101173400879,1.0255451202392578,-42.97200393676758,7.9206953048706055,-0.5462809205055237,-37.13310623168945,-12.411979675292969,1.94171142578125,-44.1450309753418,8.731117248535156,-0.26495376229286194,-37.23874282836914,-9.81363296508789,-2.416289806365967,-39.688297271728516,-1.9979770183563232,-3.6457834243774414,-36.35593032836914,5.579265117645264,7.124032020568848,-45.12154006958008,8.101078987121582,6.723337650299072,-44.26628494262695,-9.06151294708252,-4.700002193450928,-36.51463317871094,4.502652645111084,7.05208158493042,-45.008079528808594,7.537989139556885,7.514039039611816,-45.045345306396484,-5.399548530578613,-4.866420745849609,-35.745445251464844,-10.057055473327637,-2.1889050006866455,-39.37582778930664,4.86562967300415,-1.4249852895736694,-36.85829162597656,11.213056564331055,1.8312115669250488,-38.745147705078125,-12.422197341918945,2.004401206970215,-43.895851135253906,10.734053611755371,0.3530309200286865,-37.30687713623047,6.93313455581665,7.590221405029297,-45.140316009521484,7.858156204223633,7.3122172355651855,-44.7591552734375,-9.056260108947754,-5.126686096191406,-36.30137252807617,-0.9981892704963684,-3.3370018005371094,-36.431297302246094,-2.7560060024261475,4.8609771728515625,-44.41081237792969,-7.71220064163208,-5.921682834625244,-35.363807678222656,-2.836090564727783,-3.64155912399292,-35.99563980102539,-6.029480934143066,3.9437429904937744,-44.309471130371094,-10.277732849121094,-1.6594258546829224,-39.81831741333008,-1.7869212627410889,5.279733657836914,-44.4001350402832,-8.601921081542969,-5.740036487579346,-35.635765075683594,-0.21467961370944977,-2.9649946689605713,-36.48286056518555,9.924168586730957,3.861630916595459,-40.661495208740234,3.5453059673309326,-1.7708895206451416,-36.83970642089844,11.063454627990723,2.5716230869293213,-38.776466369628906,1.3398452997207642,6.396221160888672,-44.48289489746094,-10.57611083984375,-0.6546457409858704,-40.95969772338867,-6.656485557556152,-5.359029769897461,-35.48242950439453,9.63817024230957,0.09482875466346741,-37.14836120605469,-10.995695114135742,3.1587088108062744,-44.12281036376953,11.291906356811523,1.5403764247894287,-38.39739227294922,-9.631401062011719,-3.85945987701416,-37.43025588989258,-9.5311861038208,-3.053590774536133,-38.14598846435547,-9.693077087402344,-2.712904453277588,-38.315521240234375,11.822956085205078,0.553607702255249,-36.98208999633789,-4.895249843597412,4.466917037963867,-44.1335563659668,9.082548141479492,5.662473678588867,-42.53379821777344,9.254615783691406,5.4380083084106445,-41.83964538574219,8.770577430725098,6.04052734375,-42.843544006347656,7.204071998596191,-0.609795093536377,-36.80141830444336,8.794556617736816,6.459707736968994,-43.21628952026367,-9.953876495361328,3.3903427124023438,-44.135772705078125,-4.197162628173828,-3.8015007972717285,-35.763877868652344,6.58315896987915,-0.8313119411468506,-36.8273811340332,-12.069561958312988,1.9567298889160156,-43.16860580444336,-10.900975227355957,-0.025631610304117203,-41.14307403564453,1.8860054016113281,6.499680995941162,-44.609825134277344,3.7525904178619385,7.164309978485107,-44.768795013427734,1.2549419403076172,-2.3745341300964355,-36.540367126464844,11.336624145507812,1.2984566688537598,-37.835601806640625,-10.41696548461914,-0.5660313963890076,-40.02816390991211,-12.06116008758545,2.6653847694396973,-43.85866165161133,-4.793759346008301,-4.185449123382568,-35.797096252441406,2.6799724102020264,-1.813092827796936,-36.441925048828125,-8.572243690490723,-5.169564247131348,-35.73479461669922,-9.05655288696289,-3.961483955383301,-36.63962936401367,-10.377585411071777,-0.21422851085662842,-40.39235305786133,8.65122127532959,7.538683891296387,-43.75688171386719,10.292465209960938,3.545607328414917,-39.83995056152344,-7.910285949707031,-5.132483005523682,-35.38742446899414,7.9191460609436035,8.649914741516113,-45.04275894165039,5.395765781402588,-0.8820742964744568,-36.40129089355469,-0.2236437201499939,-2.5996716022491455,-36.11322784423828,-11.425877571105957,1.3261008262634277,-42.06396484375,0.521210789680481,6.318754196166992,-44.172027587890625,8.489949226379395,8.282320976257324,-44.141422271728516,9.756479263305664,4.7481303215026855,-40.63935852050781,-1.8198941946029663,-3.0130491256713867,-35.87212371826172,-11.697765350341797,3.065126895904541,-43.86496353149414,-9.86757755279541,-2.09055495262146,-38.66348648071289,-10.129693984985352,-1.0769917964935303,-39.4688835144043,-3.6427090167999268,-3.448406219482422,-35.81258010864258,6.148174285888672,8.433531761169434,-44.94450378417969,7.312316417694092,8.424444198608398,-45.1132926940918,-10.63209342956543,-0.015850644558668137,-40.63356399536133,-8.395201683044434,3.69509220123291,-43.769039154052734,5.049411296844482,7.931221961975098,-44.89093780517578,0.7170405387878418,-2.3087425231933594,-36.20695114135742,7.9983415603637695,-0.174551859498024,-36.58210754394531,11.593301773071289,1.2869099378585815,-37.223533630371094,9.916526794433594,4.144275188446045,-40.0707893371582,-9.293193817138672,-2.3549609184265137,-37.70182418823242,9.117630004882812,0.06451781839132309,-36.75748825073242,-6.546845436096191,4.221179962158203,-43.838077545166016,-2.770188808441162,-3.069427728652954,-35.76956558227539,-3.7915456295013428,4.959088325500488,-43.95668029785156,1.5595952272415161,-2.0074262619018555,-36.262245178222656,5.948202610015869,-0.5587371587753296,-36.30060958862305,-6.262218952178955,-4.251753330230713,-35.425559997558594,-7.312455177307129,4.038521766662598,-43.75875473022461,9.587361335754395,4.907081127166748,-41.309852600097656,-9.380130767822266,-3.1276695728302,-37.3110466003418,9.273716926574707,6.033755779266357,-41.70936965942383,3.9803853034973145,-1.2901629209518433,-36.39904022216797,4.290440559387207,7.6464009284973145,-44.76878356933594,10.299016952514648,0.4432838559150696,-36.71761703491211,10.726884841918945,3.1185848712921143,-39.224273681640625,-10.817702293395996,0.7177177667617798,-40.939247131347656,-9.882121086120605,3.588995933532715,-43.380706787109375,-8.717552185058594,3.893582582473755,-43.31591033935547,-5.289634704589844,-4.093322277069092,-35.537742614746094,8.967693328857422,6.153872013092041,-42.204071044921875,11.2847318649292,0.7179914116859436,-36.75191116333008,13.069008827209473,0.7117380499839783,-36.96481704711914,12.776124954223633,0.6851462125778198,-36.69987869262695,12.107515335083008,0.9445469975471497,-36.590240478515625,8.551907539367676,8.687744140625,-44.216426849365234,11.8253173828125,1.8045789003372192,-37.83242416381836,-1.5276319980621338,5.951284408569336,-43.78361511230469,12.145525932312012,0.9809987545013428,-37.01212692260742,6.685156345367432,8.359763145446777,-44.965267181396484,12.286422729492188,1.5739812850952148,-37.08389663696289,12.758407592773438,1.327924370765686,-37.013671875,-8.168797492980957,-4.396131992340088,-35.681434631347656,-11.648395538330078,2.919172525405884,-43.37968444824219,-5.533480167388916,4.5988969802856445,-43.62575149536133,-7.574254035949707,-4.177450656890869,-35.48812484741211,-6.902670383453369,-4.1468658447265625,-35.39851379394531,-3.018073320388794,5.272105693817139,-43.818092346191406,10.38531494140625,4.110444068908691,-39.3484992980957,3.1205155849456787,7.438003063201904,-44.431739807128906,8.922128677368164,7.024057865142822,-42.987545013427734,-11.457749366760254,2.2553093433380127,-42.4880256652832,11.444066047668457,2.5770046710968018,-37.858551025390625,1.758069396018982,7.221101760864258,-44.04740905761719,8.226410865783691,0.1875273883342743,-36.2591438293457,9.493273735046387,0.4937899112701416,-36.320945739746094,3.8833494186401367,-0.8310282826423645,-36.02082443237305,8.996758460998535,6.584850311279297,-42.524620056152344,-5.374582767486572,-3.413928270339966,-35.41505813598633,-7.406574249267578,4.314996242523193,-43.1240119934082,-4.647433280944824,4.977649211883545,-43.46894073486328,-0.35176727175712585,6.361817359924316,-43.685638427734375,9.40501880645752,5.836266994476318,-41.25954055786133,8.816590309143066,7.877448081970215,-43.38511276245117,-2.517638921737671,5.7017598152160645,-43.640296936035156,-8.31478500366211,-2.877523899078369,-36.18032455444336,-9.338422775268555,-1.6158760786056519,-37.809417724609375,-9.819313049316406,-0.920450747013092,-38.8365592956543,7.244760513305664,9.028252601623535,-44.83032989501953,1.9376795291900635,-1.406915307044983,-35.901187896728516,6.922543525695801,-0.12095380574464798,-36.171268463134766,11.962395668029785,2.0745151042938232,-37.564208984375,12.375093460083008,1.2571666240692139,-36.64624786376953,-10.600018501281738,3.2529754638671875,-42.957557678222656,9.882030487060547,0.7292836308479309,-36.125579833984375,10.71651554107666,3.6608784198760986,-38.839027404785156,-10.027405738830566,-0.1817900687456131,-39.24065399169922,8.083694458007812,9.47530460357666,-44.896484375,-0.34172454476356506,-1.867713451385498,-35.61481857299805,-1.8973380327224731,-2.446626901626587,-35.60541915893555,0.9574447274208069,-1.7273553609848022,-35.87511444091797,-6.781670093536377,4.4682207107543945,-43.28673553466797,-10.93530559539795,2.9141433238983154,-42.445465087890625,8.813984870910645,0.5910082459449768,-36.08157730102539,10.542919158935547,0.8282472491264343,-36.2227897644043,11.060772895812988,3.1934611797332764,-38.44265365600586,-8.627569198608398,-2.721564531326294,-36.70790100097656,-3.4306299686431885,5.504833698272705,-43.31456756591797,10.811179161071777,1.1485686302185059,-36.31085205078125,8.804238319396973,7.2729811668396,-42.889347076416016,-10.6497163772583,1.497162103652954,-40.984249114990234,9.680878639221191,5.402172565460205,-40.41535186767578,5.065310478210449,8.589137077331543,-44.54047393798828,-4.087388515472412,-2.6713809967041016,-35.537845611572266,-7.861935138702393,-3.679626703262329,-35.72166442871094,-10.088744163513184,0.15597456693649292,-39.61027145385742,-5.884565353393555,4.726418972015381,-43.256385803222656,3.3654613494873047,8.004109382629395,-44.06385803222656,6.971227169036865,9.511653900146484,-44.76866912841797,-7.998554706573486,4.132277011871338,-42.91279220581055,1.1151084899902344,6.9976806640625,-43.855560302734375,-8.173707008361816,-3.3664565086364746,-36.045692443847656,2.494056463241577,-0.7655459642410278,-35.738059997558594,5.321468353271484,-0.15828931331634521,-35.8903694152832,11.898663520812988,1.4900842905044556,-36.48753356933594,9.053814888000488,6.936642169952393,-42.12773513793945,8.955953598022461,7.349022388458252,-42.555728912353516,-10.411737442016602,2.1168417930603027,-41.121360778808594,-2.861114263534546,5.783352851867676,-43.10174560546875,-10.178277015686035,0.63359135389328,-39.82551574707031,0.5193868279457092,7.027073383331299,-43.51583480834961,11.77332878112793,1.8935222625732422,-36.61105728149414,9.197525978088379,0.885398805141449,-35.991764068603516,11.499482154846191,2.4518916606903076,-37.17619323730469,9.950821876525879,4.554322719573975,-39.53822708129883,8.239494323730469,9.596124649047852,-44.36764144897461,7.689387321472168,0.7016361951828003,-35.85886764526367,7.1129984855651855,0.3844224214553833,-35.9171142578125,-8.692421913146973,4.029026508331299,-42.804264068603516,8.725854873657227,8.576939582824707,-43.23654556274414,-9.540911674499512,3.692521095275879,-42.515472412109375,-5.077864170074463,5.070852756500244,-42.78823471069336,-7.02925968170166,-3.217881679534912,-35.55518341064453,-10.319109916687012,2.814040184020996,-41.604515075683594,-8.543828964233398,-1.704601526260376,-36.935264587402344,6.278319358825684,9.227046012878418,-44.63864517211914,3.9882314205169678,8.520163536071777,-43.918678283691406,9.35228443145752,6.106466293334961,-40.850982666015625,9.002152442932129,7.363941669464111,-41.910823822021484,11.639309883117676,1.5871922969818115,-36.16814041137695,8.853992462158203,7.957723140716553,-42.76179504394531,10.84981632232666,3.4088449478149414,-38.04298400878906,-3.7220139503479004,5.512174129486084,-42.895633697509766,-0.8597913384437561,6.619675159454346,-43.07176971435547,-3.1306138038635254,-2.158442497253418,-35.46284484863281,8.57620620727539,9.487736701965332,-44.176090240478516,4.292374610900879,-0.011399498209357262,-35.68635559082031,3.084196090698242,-0.4107791483402252,-35.68633270263672,11.210189819335938,1.4552487134933472,-36.28435134887695,2.599621295928955,7.880629062652588,-43.57872009277344,9.008337020874023,7.790119171142578,-42.35958480834961,5.925950050354004,9.345312118530273,-44.35856628417969,8.168231010437012,9.931081771850586,-44.66098403930664,-7.597855567932129,-2.8339014053344727,-35.801883697509766,-9.287302017211914,-0.22189435362815857,-38.30326843261719,-7.227109909057617,4.5007100105285645,-42.41571807861328,10.19405746459961,4.339969158172607,-38.47404098510742,-6.133963584899902,4.84503173828125,-42.658870697021484,7.784612655639648,10.157805442810059,-44.6110954284668,1.592297077178955,7.528935432434082,-43.3854866027832,-6.231889724731445,-2.771223783493042,-35.49504089355469,1.0771629810333252,-0.8176692724227905,-35.49479675292969,-2.2635388374328613,6.080296516418457,-43.057437896728516,10.475494384765625,1.7528003454208374,-36.0268440246582,9.003764152526855,6.651636123657227,-41.39314651489258,9.90488052368164,4.70875883102417,-39.00924301147461,8.813419342041016,9.141912460327148,-43.38815689086914,-0.291049599647522,-1.3380708694458008,-35.411434173583984,4.247044563293457,8.815694808959961,-43.691463470458984,9.445956230163574,5.4358038902282715,-39.60646438598633,-0.03714197129011154,6.9209418296813965,-43.17203903198242,6.16257381439209,0.7302120327949524,-35.643646240234375,-5.065142631530762,-2.429724931716919,-35.49995040893555,-4.124520778656006,5.553557872772217,-42.414363861083984,1.1080799102783203,7.405517101287842,-43.23280334472656,-4.721925258636475,5.313535213470459,-42.08002471923828,4.8448662757873535,8.938796997070312,-44.06918716430664,10.851700782775879,3.365370750427246,-37.50648498535156,-2.0072429180145264,-1.7146836519241333,-35.43288040161133,-9.373089790344238,1.6091086864471436,-39.50336837768555,-4.3448486328125,-1.4570435285568237,-35.46989059448242,6.890858173370361,9.858699798583984,-44.43854904174805,11.008365631103516,2.970707416534424,-37.02957534790039,-7.447304725646973,-1.6288601160049438,-36.227455139160156,3.4115002155303955,8.463308334350586,-43.377838134765625,8.762462615966797,6.7063775062561035,-40.882137298583984,-1.6715658903121948,6.432693958282471,-42.749671936035156,-6.756014823913574,-2.3629729747772217,-35.609806060791016,8.799821853637695,8.707671165466309,-42.98863983154297,10.733040809631348,2.771186351776123,-36.61717987060547,-9.252469062805176,0.9286622405052185,-38.85456848144531,11.112060546875,2.2556426525115967,-36.15576934814453,8.670419692993164,10.125605583190918,-44.14625930786133,8.273099899291992,10.503803253173828,-44.62400817871094,-9.43342399597168,3.4047162532806396,-41.48505401611328,-7.150047302246094,-1.9282867908477783,-35.8172492980957,-7.949542045593262,4.1522369384765625,-41.81761932373047,10.316132545471191,4.105134963989258,-37.93209457397461,3.0533673763275146,8.40475082397461,-43.12776565551758,9.181323051452637,6.286721229553223,-40.616981506347656,8.393165588378906,1.3643708229064941,-35.77109909057617,-8.700549125671387,3.7416532039642334,-41.30109786987305,-3.3900985717773438,5.817476749420166,-42.45957565307617,4.743705749511719,0.617153525352478,-35.554115295410156,-8.226309776306152,-1.0490859746932983,-36.927364349365234,-2.4063682556152344,6.240145206451416,-42.30479431152344,1.8404461145401,0.03376253321766853,-35.38911056518555,8.877805709838867,7.402266979217529,-41.21621322631836,8.765604972839355,8.423813819885254,-42.53726577758789,-5.4960618019104,-1.933207392692566,-35.5975456237793,-1.0155397653579712,-0.9355285167694092,-35.31983947753906,8.522358894348145,10.607608795166016,-44.82254409790039,8.725398063659668,8.065838813781738,-41.81013870239258,5.472312927246094,9.397891998291016,-43.841758728027344,9.17705249786377,6.267768859863281,-40.054542541503906,-9.464347839355469,2.8281569480895996,-40.70805740356445,-8.664198875427246,0.16598345339298248,-37.896156311035156,-6.022553443908691,4.902287006378174,-41.900604248046875,9.399662971496582,2.11752986907959,-35.79252624511719,-3.2407870292663574,-1.0230733156204224,-35.421730041503906,-8.969101905822754,2.7726681232452393,-40.11677551269531,0.9548121690750122,7.609100341796875,-42.62042999267578,2.4188241958618164,8.118230819702148,-42.85531997680664,6.9639081954956055,9.986560821533203,-44.11600875854492,8.607551574707031,9.699041366577148,-43.447566986083984,-5.879841327667236,-1.798466444015503,-35.48332595825195,0.32766127586364746,-0.3516247570514679,-35.31684112548828,9.628522872924805,5.0588765144348145,-38.93694305419922,5.315288066864014,1.0537267923355103,-35.49637985229492,8.699318885803223,6.794650077819824,-40.37678146362305,10.419723510742188,3.6181554794311523,-37.23957443237305,3.2619261741638184,0.33098557591438293,-35.51704788208008,-6.779279708862305,-1.2247021198272705,-36.0864372253418,6.110374927520752,9.733251571655273,-43.763641357421875,8.291582107543945,10.534296989440918,-44.17444610595703,-7.852332592010498,4.060652256011963,-41.21403503417969,4.823113918304443,9.165276527404785,-43.42129135131836,9.065505027770996,5.7596940994262695,-39.176448822021484,0.27682071924209595,7.345685005187988,-42.4759635925293,8.599305152893066,9.30078411102295,-42.87185287475586,8.657600402832031,10.654006958007812,-44.290977478027344,10.25534725189209,2.708265781402588,-36.03382873535156,-0.6569721102714539,7.0182294845581055,-42.24943542480469,1.8060890436172485,7.826189994812012,-42.6259651184082,8.662997245788574,7.722001075744629,-41.29692077636719,8.468844413757324,11.202911376953125,-44.68463134765625,-7.448623180389404,-0.24631273746490479,-36.83687210083008,-1.605193018913269,6.664495944976807,-41.99075698852539,8.004192352294922,10.12490177154541,-43.46232986450195,7.073407173156738,2.011441946029663,-35.546146392822266,9.429275512695312,5.430558204650879,-38.7736930847168,7.644028186798096,10.195096969604492,-43.82271957397461,9.92795467376709,4.144715309143066,-37.22216033935547,9.942288398742676,2.600630044937134,-35.929805755615234,9.591937065124512,4.9567389488220215,-38.22285842895508,8.6756591796875,11.167555809020996,-44.355712890625,8.697309494018555,7.206700325012207,-40.593223571777344,8.2667236328125,9.934208869934082,-43.16902160644531,8.334725379943848,10.387103080749512,-43.745460510253906,-4.257397651672363,-1.0715891122817993,-35.32706069946289,8.169108390808105,2.325618267059326,-35.638038635253906,-5.872525691986084,-0.9549250602722168,-35.957157135009766,8.312164306640625,9.2109375,-42.317840576171875,9.822123527526855,3.4851841926574707,-36.601375579833984,-8.230969429016113,0.8845864534378052,-37.988739013671875,-5.288805961608887,-1.1333537101745605,-35.55119323730469,-7.128830909729004,4.208992958068848,-40.706295013427734,-5.9117631912231445,4.829456806182861,-41.0322265625,-5.134122371673584,5.1855010986328125,-41.41585159301758,-8.564126014709473,2.0383360385894775,-39.09223937988281,3.9980320930480957,8.842697143554688,-43.000144958496094,8.47692584991455,6.712807655334473,-39.56488037109375,-8.011316299438477,3.6885509490966797,-40.456748962402344,5.871607303619385,9.772256851196289,-43.148067474365234,6.789074897766113,10.002198219299316,-43.136756896972656,-1.5794318914413452,-0.2595013976097107,-35.3997917175293,-3.3149118423461914,5.9445881843566895,-41.36549758911133,6.16914176940918,1.9584145545959473,-35.51033020019531,8.460861206054688,8.555167198181152,-41.81825637817383,8.516705513000488,7.604936122894287,-40.74409484863281,-6.57325553894043,-0.4721112847328186,-36.32815170288086,2.9603466987609863,0.8896570205688477,-35.4861946105957,7.916171550750732,10.486241340637207,-43.43712615966797,-2.220801830291748,-0.2651321589946747,-35.2376823425293,0.6853496432304382,0.6860883831977844,-35.25593185424805,-6.759738922119141,0.3370143175125122,-36.77912521362305,8.336458206176758,8.26565170288086,-41.31707000732422,9.421737670898438,3.2434840202331543,-36.34980392456055,-4.540688991546631,-0.6342242956161499,-35.4478645324707,-4.519239902496338,5.371281623840332,-41.08409881591797,3.8454952239990234,1.9009959697723389,-35.43947219848633,8.898841857910156,2.804593801498413,-35.72468185424805,5.1978654861450195,9.481441497802734,-42.563663482666016,9.199417114257812,4.637524127960205,-37.37845230102539,-7.933211326599121,2.6494688987731934,-39.07564926147461,-7.3278961181640625,0.9287999868392944,-37.436676025390625,3.3384313583374023,8.664535522460938,-42.24269485473633,3.7357418537139893,8.80372428894043,-42.62533950805664,8.387112617492676,7.215302467346191,-39.93227005004883,-4.796399116516113,-0.1949588656425476,-35.82627487182617,-5.272927761077881,0.31969520449638367,-36.151912689208984,8.895606994628906,5.674983978271484,-38.37265396118164,2.412870407104492,8.27779483795166,-42.16470718383789,-5.961483955383301,0.1940293312072754,-36.36366653442383,-7.486507892608643,1.5837326049804688,-37.92833709716797,-3.154998302459717,-0.1963506042957306,-35.362369537353516,8.758990287780762,3.189277172088623,-35.963294982910156,0.0288385096937418,7.372089385986328,-41.76919937133789,0.7518008947372437,7.621864318847656,-41.68865203857422,4.902113437652588,2.240652322769165,-35.43111038208008,8.217794418334961,6.397218227386475,-38.90819549560547,2.716423273086548,1.4700350761413574,-35.54373550415039,8.70834732055664,4.064576148986816,-36.69997024536133,8.027789115905762,9.72044563293457,-42.388214111328125,-7.202626705169678,3.481450319290161,-39.53550338745117,-2.3662827014923096,6.250460624694824,-40.90961456298828,1.5514923334121704,7.776712417602539,-41.59864807128906,4.582634449005127,9.211769104003906,-42.30546951293945,-6.164953231811523,4.375068187713623,-40.096073150634766,-1.059976577758789,0.17477847635746002,-35.13526916503906,7.052894592285156,2.9344496726989746,-35.59114074707031,7.840584754943848,9.531519889831543,-41.90586853027344,7.583891868591309,9.790447235107422,-42.561683654785156,7.423885345458984,10.22155475616455,-42.8184928894043,-6.324367046356201,1.6536734104156494,-37.337867736816406,8.122815132141113,7.895086288452148,-40.459312438964844,-4.378180503845215,0.45738181471824646,-35.93806457519531,-7.041657447814941,2.4281346797943115,-38.311119079589844,-2.7014639377593994,0.31457653641700745,-35.58137893676758,-5.943390846252441,0.9487383365631104,-36.76404571533203,7.883625507354736,8.833744049072266,-41.3029899597168,-0.786761462688446,7.0427775382995605,-41.15583801269531,-4.823938369750977,5.066769123077393,-40.33109664916992,-3.919480800628662,5.380109786987305,-40.3043212890625,6.308650970458984,9.9253568649292,-42.6203498840332,6.844787120819092,10.223238945007324,-42.88236618041992,-6.223106384277344,4.153061389923096,-39.73819351196289,0.7938038110733032,0.9969011545181274,-35.08671569824219,7.964426517486572,3.7479381561279297,-35.87700653076172,-0.6294043064117432,0.938448429107666,-35.2817268371582,7.599736213684082,3.2905240058898926,-35.62578582763672,8.649385452270508,5.144147872924805,-37.52016067504883,8.369976043701172,4.7894744873046875,-37.04938888549805,7.473492622375488,8.726032257080078,-40.77782440185547,8.211217880249023,5.893470287322998,-38.05864715576172,-1.8934605121612549,0.7386427521705627,-35.677589416503906,-2.8254950046539307,5.7705535888671875,-40.01767349243164,-5.351780414581299,1.4689381122589111,-36.81822204589844,-6.1411452293396,3.544502019882202,-38.90345764160156,-3.384603977203369,1.0072382688522339,-35.955810546875,-2.1791186332702637,1.2298331260681152,-35.83171844482422,1.9510031938552856,7.901960849761963,-40.89262390136719,-4.468453884124756,1.1478428840637207,-36.30097579956055,4.962667465209961,9.243435859680176,-41.52214050292969,7.141841411590576,9.61791706085205,-42.04021453857422,2.550260066986084,1.5677602291107178,-35.27229690551758,7.788273334503174,6.969527244567871,-38.97019958496094,7.747922897338867,4.19277811050415,-36.3151741027832,2.9561901092529297,8.413858413696289,-41.39308547973633,5.822065353393555,9.708601951599121,-41.90068054199219,-6.036808967590332,2.543670415878296,-37.85236740112305,-5.335473537445068,4.1978325843811035,-39.20058822631836,6.713380813598633,10.098069190979004,-42.28850173950195,1.29807448387146,7.603692054748535,-40.92033767700195,-5.705238342285156,3.2279796600341797,-38.29270553588867,4.48533296585083,2.336134910583496,-35.25291442871094,-3.6339547634124756,1.7884284257888794,-36.39320373535156,-5.46047306060791,2.1786155700683594,-37.30239486694336,7.196994304656982,8.105345726013184,-39.88237762451172,-4.036381721496582,4.696463108062744,-39.10856628417969,3.749513626098633,8.722112655639648,-41.342830657958984,7.284687042236328,7.625252723693848,-39.3861198425293,1.7526233196258545,1.7704119682312012,-35.340335845947266,3.0582895278930664,2.1337358951568604,-35.37908935546875,6.151800632476807,2.845503807067871,-35.39312744140625,7.4807448387146,4.755736827850342,-36.654232025146484,0.35251384973526,1.474869966506958,-35.26148986816406,7.646428108215332,5.962854385375977,-37.806922912597656,-2.853177070617676,1.9806019067764282,-36.31244659423828,-1.5233128070831299,6.511119842529297,-40.281837463378906,-4.700455188751221,2.0695226192474365,-36.89280700683594,-3.2204017639160156,5.228840351104736,-39.38300704956055,0.012919897213578224,7.139283180236816,-40.39407730102539,-2.030831813812256,1.8557360172271729,-36.04069137573242,6.9220991134643555,9.21796703338623,-41.0097541809082,7.242652416229248,6.286797523498535,-38.13702392578125,-4.948177814483643,3.2980692386627197,-37.96418762207031,-4.692437171936035,3.8302268981933594,-38.41265106201172,-1.1844899654388428,1.979496717453003,-35.908485412597656,6.5038957595825195,9.294178009033203,-41.311614990234375,0.9714703559875488,2.0410847663879395,-35.56667709350586,2.576230764389038,2.4171650409698486,-35.740379333496094,-4.780331611633301,2.8151092529296875,-37.473602294921875,1.689101219177246,3.0154531002044678,-35.94620132446289,4.506958961486816,2.9084484577178955,-35.38593292236328,-0.14429312944412231,2.0809199810028076,-35.72129821777344,5.853313446044922,9.508272171020508,-41.402427673339844,-3.805891752243042,2.5607659816741943,-36.88290023803711,6.786026954650879,3.64496111869812,-35.69540786743164,7.025463581085205,7.247503757476807,-38.796424865722656,-1.18442702293396,2.4154417514801025,-36.11423110961914,2.788290500640869,3.1713578701019287,-35.87376022338867,7.0475592613220215,5.221423149108887,-36.95961380004883,-3.7187297344207764,4.130081653594971,-38.227813720703125,-3.6618690490722656,3.1258652210235596,-37.296173095703125,-2.670164108276367,2.6072323322296143,-36.632450103759766,4.820722579956055,8.994118690490723,-40.92444610595703,6.819794178009033,8.658844947814941,-40.296363830566406,5.714059352874756,3.5221621990203857,-35.8079833984375,3.9226675033569336,3.3649332523345947,-35.75741958618164,-3.947781801223755,3.5157310962677,-37.74704360961914,-1.3796889781951904,6.280401229858398,-39.64826202392578,1.286689043045044,7.335485458374023,-39.9774055480957,-1.7527607679367065,3.1061160564422607,-36.6998176574707,-2.6395843029022217,4.5049614906311035,-38.107200622558594,-2.4648287296295166,5.271130561828613,-38.93583297729492,6.649574279785156,4.35040283203125,-36.19704055786133,3.0934879779815674,8.312487602233887,-40.749759674072266,6.675712585449219,6.637901782989502,-38.153465270996094,0.4801064729690552,2.970831871032715,-36.05091094970703,6.894617557525635,5.824108600616455,-37.439205169677734,-2.9995553493499756,3.8798534870147705,-37.66815948486328,-2.1811602115631104,3.323838949203491,-36.92973327636719,5.6025519371032715,8.897782325744629,-40.59046173095703,4.443315029144287,3.329251289367676,-35.708221435546875,6.33034086227417,8.819646835327148,-40.382957458496094,2.3079731464385986,3.736647844314575,-36.18638610839844,-0.6869191527366638,3.132185935974121,-36.402645111083984,-2.7927703857421875,3.412194013595581,-37.214107513427734,5.366241455078125,4.010178089141846,-36.00193405151367,3.9464597702026367,8.385607719421387,-40.29051971435547,3.323150157928467,3.769659996032715,-36.01818084716797,2.3724923133850098,7.790069580078125,-40.082679748535156,6.538700103759766,7.2040581703186035,-38.654449462890625,6.466994762420654,7.893759250640869,-39.34492874145508,-1.5441482067108154,5.710507392883301,-38.904178619384766,1.020264983177185,6.889260768890381,-39.26217269897461,-0.9155533313751221,3.8994638919830322,-36.986366271972656,6.014739990234375,5.485818386077881,-36.92973709106445,-1.74539315700531,5.054462909698486,-38.285369873046875,5.33918571472168,5.076679229736328,-36.60667037963867,-0.8932133316993713,6.252372741699219,-39.261322021484375,-0.022423604503273964,6.555206298828125,-39.24972152709961,3.0013115406036377,7.8470330238342285,-39.75630569458008,5.992048263549805,8.47618579864502,-39.882686614990234,-0.26841962337493896,3.7093114852905273,-36.6773681640625,-1.7078940868377686,4.241283416748047,-37.50054168701172,4.953409194946289,4.459558963775635,-36.23149490356445,6.019416809082031,6.1622467041015625,-37.52627944946289,4.979633808135986,8.491185188293457,-40.01407241821289,0.8710863590240479,3.7456436157226562,-36.42825698852539,3.98482608795166,4.421932697296143,-36.27628707885742,1.6222174167633057,4.294022083282471,-36.62968444824219,-0.9353080987930298,4.8826470375061035,-37.767818450927734,-0.9263941645622253,5.550505638122559,-38.402679443359375,5.709787368774414,7.10660982131958,-38.36030960083008,5.696907997131348,7.681252956390381,-38.94937515258789,-0.1724705845117569,4.240747451782227,-37.01323318481445,3.9940924644470215,7.935969352722168,-39.51601028442383,2.045923948287964,7.230453968048096,-39.21238327026367,0.23423413932323456,6.081123352050781,-38.53242111206055,5.0697221755981445,8.040417671203613,-39.34803009033203,3.1011319160461426,4.663604736328125,-36.55038070678711,3.6257262229919434,5.041517734527588,-36.692440032958984,5.446987152099609,6.271910190582275,-37.537315368652344,4.291922569274902,5.233667373657227,-36.743865966796875,0.7556695342063904,4.851097583770752,-37.24893569946289,0.09917490184307098,5.37917423248291,-37.90019989013672,3.391472339630127,7.150491237640381,-38.653568267822266,2.113900661468506,4.755398273468018,-36.81167221069336,1.2241445779800415,5.527753829956055,-37.66404342651367,1.6318094730377197,6.599188327789307,-38.55207443237305,4.430271625518799,7.325708389282227,-38.611568450927734,2.4269001483917236,6.616047382354736,-38.31367492675781,4.509349346160889,5.9087233543396,-37.22093200683594,1.5793219804763794,6.074516296386719,-38.040225982666016,2.3836522102355957,5.422948360443115,-37.20648193359375,4.427822589874268,6.573319435119629,-37.81878662109375,3.434023857116699,5.9684624671936035,-37.417930603027344
