/home/arvardaz/SFT_with_CNN/output/1488798220.0643315_1163.png,-0.9952241778373718,-5.802724838256836,-35.22296142578125,-0.6433321237564087,-6.1970014572143555,-33.936073303222656,-2.165436029434204,-5.571131229400635,-34.14226531982422,-0.10801436752080917,-6.117280006408691,-34.93513488769531,-1.3438400030136108,-6.0439863204956055,-33.217559814453125,-1.0972681045532227,-6.280856132507324,-32.24323272705078,-0.10095496475696564,-6.547786712646484,-32.7909049987793,-0.42908644676208496,-6.547980785369873,-31.719032287597656,-1.7566527128219604,-5.944988250732422,-32.62933349609375,-1.9433683156967163,-5.402825832366943,-35.34653854370117,0.4085913896560669,-6.535149574279785,-33.645668029785156,-2.8213157653808594,-4.907471656799316,-35.41533279418945,-0.9248138666152954,-6.357756614685059,-31.52184295654297,-2.9784152507781982,-5.196495056152344,-33.02798843383789,-1.4426347017288208,-5.375223636627197,-36.11528015136719,1.2090991735458374,-6.53828763961792,-34.200225830078125,0.660399317741394,-6.8131890296936035,-32.130794525146484,-3.219777822494507,-4.905518531799316,-34.16057205200195,-2.2829926013946533,-5.7276763916015625,-31.422990798950195,-2.1804022789001465,-5.765408039093018,-31.984539031982422,-2.783409595489502,-5.403932094573975,-32.19477081298828,-0.09378142654895782,-5.610239505767822,-36.527400970458984,1.2930665016174316,-6.89306116104126,-32.610965728759766,-1.819368600845337,-5.956594467163086,-30.74002456665039,-1.2952148914337158,-5.038348197937012,-37.161312103271484,1.380833625793457,-6.2401347160339355,-35.30696487426758,-2.4046359062194824,-4.824423789978027,-36.46786117553711,0.05669774115085602,-6.632656574249268,-30.674226760864258,-0.355329692363739,-6.50715970993042,-30.427326202392578,-0.9498744606971741,-6.287114143371582,-30.177337646484375,-3.4564766883850098,-4.424607276916504,-35.696998596191406,1.089883804321289,-6.907622337341309,-31.315692901611328,0.8232889175415039,-5.626959323883057,-36.8243293762207,1.9658968448638916,-6.91809606552124,-33.09965896606445,-3.624552011489868,-4.67506742477417,-33.267520904541016,-3.8467113971710205,-4.349730968475342,-34.614662170410156,0.6853671073913574,-6.7390594482421875,-30.60503578186035,-2.345578670501709,-5.6417765617370605,-30.587928771972656,-2.5529210567474365,-4.34806489944458,-37.776004791259766,-3.0940122604370117,-5.212273597717285,-31.445646286010742,-3.5837137699127197,-4.837909698486328,-31.548696517944336,2.0792620182037354,-6.451354026794434,-34.707481384277344,1.8553661108016968,-7.03967809677124,-31.002477645874023,2.242983102798462,-7.102654933929443,-32.01185989379883,-3.4868173599243164,-3.9335522651672363,-37.37236785888672,-2.81145977973938,-5.376161098480225,-30.723052978515625,1.1915885210037231,-6.888890743255615,-30.494098663330078,-0.17654618620872498,-6.407617568969727,-29.991872787475586,-0.7335881590843201,-4.80014705657959,-38.43391799926758,-1.82029390335083,-4.4114179611206055,-38.63737869262695,-1.7069693803787231,-5.900815486907959,-30.097578048706055,1.3532382249832153,-5.698939323425293,-36.582279205322266,-4.418704509735107,-3.657888412475586,-35.384334564208984,2.466373920440674,-6.695383548736572,-34.00680160522461,2.6471104621887207,-6.981778144836426,-32.863929748535156,-2.801467180252075,-3.9637749195098877,-38.812705993652344,-3.9789130687713623,-4.409814357757568,-32.58546447753906,0.4813567101955414,-5.166433811187744,-37.91315460205078,-3.9450032711029053,-3.89001202583313,-36.19444274902344,0.38092273473739624,-6.6622467041015625,-30.082250595092773,-4.384086608886719,-3.932816743850708,-33.942264556884766,-1.354305386543274,-5.901844501495361,-29.185909271240234,-2.0437722206115723,-5.769545078277588,-29.854549407958984,-3.7590298652648926,-3.491593599319458,-38.585052490234375,2.715972900390625,-7.198385715484619,-30.99997901916504,3.175292491912842,-7.1598992347717285,-32.35234069824219,-0.23608706891536713,-6.371657848358154,-29.657516479492188,-4.362839698791504,-3.2633767127990723,-37.50712203979492,0.4739152789115906,-4.775643825531006,-39.12686538696289,-1.0132008790969849,-4.341811180114746,-39.68859100341797,-2.539238929748535,-3.700955629348755,-40.12337112426758,-3.5515780448913574,-3.3266799449920654,-39.67310333251953,-2.9132332801818848,-5.261221885681152,-29.923433303833008,-3.425612688064575,-4.881631851196289,-30.39779281616211,-4.504918575286865,-3.860771656036377,-33.2630615234375,3.375192642211914,-7.354523181915283,-30.836057662963867,-1.8052881956100464,-5.75480318069458,-29.36774444580078,-1.9003604650497437,-3.6698555946350098,-40.93274688720703,2.037971258163452,-6.963763236999512,-30.09444808959961,-4.64285135269165,-3.184584856033325,-36.447776794433594,1.0738497972488403,-6.643515110015869,-29.679927825927734,0.7407217621803284,-6.476531028747559,-29.32638168334961,3.2962472438812256,-6.765501976013184,-33.64773941040039,0.2123367190361023,-6.188988208770752,-28.96114730834961,-3.4796929359436035,-4.875406742095947,-29.498289108276367,-2.7861177921295166,-5.316188335418701,-28.990694046020508,-0.5471041798591614,-4.134613037109375,-40.57622528076172,1.9580678939819336,-5.9175825119018555,-36.111331939697266,3.815171480178833,-7.132519245147705,-32.27608871459961,-3.9463133811950684,-2.6388301849365234,-41.022422790527344,-5.038863658905029,-3.026172399520874,-34.68352127075195,-3.9555177688598633,-4.442347049713135,-30.14875602722168,-4.123579502105713,-4.32786226272583,-31.42945098876953,-2.2346532344818115,-5.458034038543701,-28.780649185180664,1.6027058362960815,-5.327264785766602,-37.643062591552734,-0.9956419467926025,-5.973559379577637,-29.000102996826172,-4.608723163604736,-2.7262799739837646,-39.1812744140625,-2.221139907836914,-3.1919991970062256,-41.89836502075195,1.819915533065796,-4.903335094451904,-38.453067779541016,0.6594815254211426,-4.393165588378906,-40.1901741027832,3.0043766498565674,-6.054950714111328,-35.38507843017578,-3.277926445007324,-2.8970494270324707,-41.4567985534668,4.021656513214111,-7.42828369140625,-30.860183715820312,4.092020034790039,-6.665633201599121,-33.39876937866211,3.2085700035095215,-7.1193084716796875,-29.943889617919922,-3.2709524631500244,-5.009143352508545,-28.96953582763672,-1.0507739782333374,-3.6327097415924072,-41.62002182006836,-4.485937118530273,-2.418915033340454,-40.457027435302734,3.5936455726623535,-6.323935031890869,-34.460609436035156,3.5936059951782227,-7.179449081420898,-30.436859130859375,2.323066473007202,-6.728487014770508,-29.466903686523438,-4.8271894454956055,-3.4031715393066406,-32.35334777832031,-4.95616340637207,-2.682171583175659,-37.78763961791992,4.384801387786865,-7.24251651763916,-31.609819412231445,1.5723944902420044,-6.3924880027771,-29.065919876098633,-5.0721564292907715,-2.6770143508911133,-36.00437545776367,-5.019151210784912,-3.0626978874206543,-33.86073303222656,-3.93800950050354,-2.181514024734497,-42.36367416381836,2.5815820693969727,-5.59602689743042,-36.53969955444336,-2.6487250328063965,-2.537454128265381,-43.12535858154297,-1.7906851768493652,-5.495981216430664,-28.37929344177246,-2.8784186840057373,-5.1128129959106445,-28.59280776977539,-3.258139133453369,-4.8636393547058105,-28.257108688354492,1.643028736114502,-4.565365791320801,-39.453731536865234,0.7477099299430847,-5.996828079223633,-28.596406936645508,-1.2203481197357178,-5.452630043029785,-28.244565963745117,-4.415236473083496,-3.9292335510253906,-30.31778907775879,-4.674960613250732,-3.5840954780578613,-31.51003074645996,0.5358845591545105,-3.9876418113708496,-41.12404251098633,-1.3346912860870361,-2.912114381790161,-43.13085174560547,3.089024782180786,-5.569280624389648,-36.286746978759766,2.799839735031128,-5.122530937194824,-37.24704360961914,-0.3864884078502655,-5.678384780883789,-28.41298484802246,-2.5990965366363525,-5.098233699798584,-27.9442081451416,-4.076761722564697,-4.3110222816467285,-28.77337074279785,-5.246191501617432,-1.9218119382858276,-39.956207275390625,-5.157870292663574,-2.236060380935669,-39.094173431396484,4.181636333465576,-7.189391136169434,-30.233104705810547,-5.256241321563721,-2.33024525642395,-37.0201301574707,-0.31475624442100525,-3.4957327842712402,-42.16779327392578,-3.247802972793579,-2.0230820178985596,-43.70439910888672,4.578181743621826,-7.393009185791016,-30.685773849487305,3.285123825073242,-6.849452495574951,-29.471851348876953,-5.567332744598389,-1.9165621995925903,-37.78812026977539,-5.082552909851074,-2.971653699874878,-32.932010650634766,2.229003429412842,-5.173979759216309,-37.674442291259766,4.919547080993652,-6.608737945556641,-32.94104766845703,-3.7482497692108154,-4.556182861328125,-28.057235717773438,-4.860836505889893,-1.7797669172286987,-41.55826950073242,-1.5518462657928467,-5.113603591918945,-27.653301239013672,-3.3824055194854736,-4.690468788146973,-27.599576950073242,-4.3533148765563965,-3.9617583751678467,-29.323200225830078,5.3692498207092285,-7.34262228012085,-30.885101318359375,-0.27700087428092957,-3.018186330795288,-43.15556716918945,-1.9560450315475464,-2.3421900272369385,-44.06581115722656,3.40110445022583,-5.730067729949951,-35.76458740234375,-5.431211471557617,-2.2846596240997314,-35.372623443603516,-5.823939800262451,-1.4667688608169556,-38.784542083740234,2.3038687705993652,-6.41134786605835,-29.01181411743164,1.4595425128936768,-4.120632648468018,-40.601707458496094,-5.003390312194824,-2.924168586730957,-31.391010284423828,0.1816238909959793,-5.377258777618408,-28.015090942382812,-4.96963357925415,-3.0457963943481445,-31.980510711669922,5.190793514251709,-7.003033638000488,-31.916719436645508,3.8158349990844727,-5.721596717834473,-35.405155181884766,1.2218995094299316,-3.465176820755005,-42.10572814941406,3.8228485584259033,-6.847336769104004,-29.450101852416992,5.419063568115234,-7.135486602783203,-29.83040428161621,5.579560279846191,-7.107170581817627,-31.40937614440918,4.454257011413574,-7.144439697265625,-29.922697067260742,-2.354398727416992,-4.86279821395874,-27.296878814697266,-4.71025276184082,-1.1615030765533447,-43.67083740234375,-5.593362808227539,-1.3267292976379395,-40.81390380859375,-2.1606900691986084,-2.0132038593292236,-44.73881912231445,2.7716376781463623,-4.710177421569824,-38.16594696044922,-0.7853810787200928,-5.11550235748291,-27.707548141479492,-5.643981456756592,-0.7347145676612854,-42.80350875854492,-4.312272548675537,-3.8925673961639404,-27.982505798339844,-3.888657808303833,-4.378415584564209,-27.47626304626465,-4.871781349182129,-3.186138153076172,-30.10675621032715,-4.890556335449219,-3.087552070617676,-30.761091232299805,0.9408684372901917,-3.272857427597046,-42.58818054199219,0.4550843834877014,-2.9944727420806885,-43.194915771484375,5.695065498352051,-7.330562591552734,-30.189300537109375,2.124756097793579,-5.9325737953186035,-28.650131225585938,1.4694654941558838,-5.8279218673706055,-28.442760467529297,4.133653163909912,-6.027647018432617,-34.68672180175781,-4.378361225128174,-3.813452959060669,-28.58133888244629,4.561695098876953,-6.82440185546875,-29.407323837280273,2.964477300643921,-6.295517444610596,-28.875812530517578,-0.45014986395835876,-2.4367129802703857,-44.47843933105469,-3.5327820777893066,-1.2158359289169312,-45.032447814941406,-5.873241901397705,-1.2531558275222778,-39.83930206298828,4.764409065246582,-6.157223224639893,-33.569698333740234,5.115030288696289,-6.9529924392700195,-29.640113830566406,-3.748656988143921,-4.175281524658203,-26.509275436401367,-6.0840959548950195,-0.8827558159828186,-40.35438537597656,2.0875656604766846,-4.095048904418945,-40.17782211303711,1.8928155899047852,-3.7280824184417725,-41.13088607788086,-0.1820894181728363,-4.923501014709473,-27.792043685913086,-6.246764183044434,-0.4109933376312256,-41.819793701171875,-2.864670753479004,-4.412456512451172,-26.652828216552734,4.687323093414307,-5.9882426261901855,-34.15915298461914,-5.574042320251465,-1.7886210680007935,-36.93274688720703,-2.064711570739746,-1.394208550453186,-46.002071380615234,2.6577064990997314,-4.396755218505859,-38.98324203491211,-5.685581684112549,-1.503360629081726,-36.110076904296875,6.064800262451172,-7.2430644035339355,-31.04470443725586,3.515315532684326,-5.202703475952148,-36.608795166015625,-1.4232691526412964,-4.647765636444092,-27.024169921875,-3.8881313800811768,-4.184843063354492,-26.99559783935547,-4.353464603424072,-3.8135006427764893,-26.976337432861328,-4.308012962341309,-4.056961536407471,-27.617673873901367,-5.453526496887207,-1.8803852796554565,-32.978275299072266,6.429567337036133,-7.268661022186279,-30.4919376373291,-1.0844844579696655,-1.9544965028762817,-45.47647476196289,3.652160167694092,-6.261058807373047,-28.846269607543945,-4.747142791748047,-3.1625280380249023,-29.154678344726562,-5.423962593078613,-2.1037485599517822,-33.681270599365234,-5.710546970367432,-1.633362889289856,-34.883846282958984,-5.992007732391357,-1.166337251663208,-38.02458190917969,0.9870551824569702,-5.373508930206299,-28.054222106933594,-5.735846519470215,-0.32124820351600647,-43.74681091308594,6.252579212188721,-7.14479923248291,-29.75726318359375,5.638436317443848,-6.546156406402588,-32.51129913330078,0.9184727668762207,-2.5297725200653076,-44.19609069824219,4.463055610656738,-5.56929874420166,-35.11659240722656,-4.7306904792785645,-3.2386679649353027,-28.562660217285156,-5.223284721374512,-0.1774805188179016,-44.82734298706055,2.5836477279663086,-3.8878731727600098,-40.13367462158203,1.9800870418548584,-3.2610063552856445,-42.0653076171875,-6.333115100860596,-0.5605531930923462,-39.59372329711914,-5.310540676116943,-2.0535926818847656,-32.0986213684082,4.639185905456543,-6.289238452911377,-28.894689559936523,-6.532363414764404,-0.23746062815189362,-40.905189514160156,6.154930114746094,-6.609266757965088,-31.736230850219727,2.7108168601989746,-5.9111647605896,-28.607982635498047,-4.662064552307129,-3.1945059299468994,-27.67690658569336,-5.073783874511719,-2.396852493286133,-30.952407836914062,-3.868232488632202,-0.6178183555603027,-45.567604064941406,3.6830577850341797,-4.727144241333008,-37.16114807128906,2.5315005779266357,-3.2473111152648926,-41.37154006958008,5.328551769256592,-6.146120548248291,-33.20964813232422,-0.6014089584350586,-1.6662230491638184,-46.42305374145508,-5.952561855316162,-1.080965518951416,-37.10993957519531,3.2846996784210205,-4.365461349487305,-38.11985397338867,1.5990869998931885,-2.7659945487976074,-43.322418212890625,6.741037368774414,-7.109051704406738,-30.913936614990234,-4.394320487976074,-3.6419837474823,-26.200075149536133,-6.455394744873047,-0.24116219580173492,-39.049739837646484,0.35039234161376953,-2.048266887664795,-45.38368606567383,5.843385696411133,-6.84728479385376,-29.540559768676758,-2.626882553100586,-0.5554585456848145,-46.5656852722168,-3.158031702041626,-3.88407826423645,-25.88963508605957,0.5219466090202332,-1.6876285076141357,-46.21424102783203,4.056283473968506,-5.069570541381836,-36.21400451660156,-6.5533342361450195,0.08636059612035751,-42.57406234741211,-6.277288913726807,-0.47760292887687683,-38.58843994140625,-2.1744368076324463,-4.207462787628174,-26.3541316986084,0.4721620976924896,-4.954854488372803,-27.772615432739258,-5.076424598693848,-2.172461748123169,-30.332738876342773,-5.71970272064209,-1.2803293466567993,-34.223114013671875,-0.3259583115577698,-4.704198837280273,-27.495704650878906,5.038495063781738,-5.686038017272949,-34.214012145996094,-1.126747727394104,-0.9679930210113525,-47.23078536987305,-6.248429298400879,0.4395109713077545,-44.4536018371582,-4.237882137298584,0.12639839947223663,-46.014686584472656,-4.990357875823975,-2.3328137397766113,-29.13355827331543,-6.932563304901123,0.6447508931159973,-43.24208450317383,1.82158362865448,-2.9555304050445557,-42.823280334472656,5.9777374267578125,-5.82309627532959,-33.00651931762695,-4.466386318206787,-3.2949955463409424,-26.58076286315918,3.391591787338257,-3.9946892261505127,-38.85695266723633,5.324472904205322,-5.624996662139893,-33.51610565185547,-4.708040237426758,-2.7832071781158447,-26.890169143676758,-5.206340312957764,-1.8742128610610962,-31.295793533325195,3.100045680999756,-3.7120954990386963,-39.79597473144531,-6.805703163146973,0.19386810064315796,-40.34962463378906,-4.832928657531738,-2.511415481567383,-27.929838180541992,-4.5404133796691895,-3.35868501663208,-25.911149978637695,-4.925588130950928,-2.06141996383667,-29.640893936157227,0.3021073043346405,-4.433033466339111,-27.53529930114746,-0.48534637689590454,-4.373205661773682,-27.073095321655273,3.927732467651367,-6.016906261444092,-28.62925910949707,1.4499547481536865,-5.003137588500977,-27.885360717773438,-5.930273532867432,-0.8363013863563538,-35.73371887207031,7.44951057434082,-7.0421576499938965,-30.059492111206055,-3.647582530975342,-3.6378161907196045,-25.509872436523438,6.214563846588135,-6.3215765953063965,-32.23940658569336,0.10246425867080688,-1.3640295267105103,-47.1649284362793,-0.3374268114566803,-1.014108657836914,-47.622344970703125,6.489657878875732,-7.155170440673828,-29.530996322631836,6.794568061828613,-6.1793670654296875,-31.816770553588867,-5.158086776733398,0.3832780420780182,-45.59798049926758,2.854891300201416,-3.295900344848633,-41.01605987548828,1.170125961303711,-2.0309808254241943,-45.09690475463867,4.834998607635498,-5.108784198760986,-35.28630828857422,-5.641858100891113,-0.8832841515541077,-33.449493408203125,-1.9487247467041016,-0.3363499045372009,-47.149269104003906,7.150081157684326,-7.169254779815674,-29.674530029296875,6.842573165893555,-6.828830242156982,-29.217809677124023,0.9798281788825989,-4.721822738647461,-27.669475555419922,3.407567024230957,-5.546292781829834,-28.37912940979004,-1.4686305522918701,-4.109419822692871,-26.506738662719727,-4.059398651123047,-3.4456982612609863,-25.232248306274414,-6.075900077819824,-0.30348846316337585,-36.52116394042969,-6.248470783233643,-0.34189629554748535,-37.63124084472656,-7.337778091430664,1.0036122798919678,-41.58444595336914,5.561675548553467,-6.307761192321777,-29.026517868041992,7.161107063293457,-6.5898332595825195,-31.05367088317871,-7.240699291229248,0.866158664226532,-42.26252365112305,7.069377899169922,-6.797335147857666,-30.839149475097656,-2.5684683322906494,-3.5931785106658936,-25.652769088745117,5.083560466766357,-5.428067207336426,-34.37351608276367,4.128576278686523,-4.195886135101318,-37.42765426635742,2.802861213684082,-5.416467189788818,-28.225738525390625,-3.6112313270568848,0.4652616083621979,-46.653926849365234,1.8351613283157349,-4.940059185028076,-27.9824275970459,-1.8004716634750366,-3.7717645168304443,-26.117801666259766,2.4446935653686523,-2.6917600631713867,-42.770442962646484,1.107612133026123,-1.4880003929138184,-46.373748779296875,-1.0013775825500488,-4.130203723907471,-26.729976654052734,2.7953944206237793,-2.7397866249084473,-42.111244201660156,1.7897893190383911,-2.333848476409912,-44.03398132324219,2.5695383548736572,-5.072494983673096,-28.204988479614258,4.439462661743164,-4.612171173095703,-36.28182601928711,4.476154804229736,-4.1963372230529785,-37.03493118286133,-6.207852840423584,1.1583586931228638,-45.443397521972656,6.2041192054748535,-6.476639747619629,-29.301380157470703,3.825205087661743,-3.920520305633545,-38.06573486328125,-5.502865314483643,-0.9961020350456238,-32.689476013183594,8.023625373840332,-6.990000247955322,-29.652339935302734,3.270472288131714,-3.0678462982177734,-40.73958969116211,4.7497124671936035,-5.885127544403076,-28.714839935302734,0.47619888186454773,-0.9707643985748291,-47.95907974243164,7.871639251708984,-6.856069087982178,-30.3904972076416,6.526378154754639,-6.0118088722229,-32.30577087402344,-7.248920440673828,1.1341984272003174,-40.668182373046875,5.456893444061279,-5.180084228515625,-34.51642990112305,-5.024525165557861,-1.6487879753112793,-30.015094757080078,-5.986934185028076,-0.5243147015571594,-35.04890441894531,-6.886617183685303,1.0682954788208008,-44.44694137573242,-3.0193939208984375,-3.4208872318267822,-25.485172271728516,3.3218252658843994,-3.2472586631774902,-40.35712814331055,-6.885402202606201,0.5901252031326294,-39.67121887207031,4.226783275604248,-5.598265647888184,-28.584245681762695,5.745575428009033,-5.147118091583252,-33.596839904785156,-4.779921054840088,-2.7947354316711426,-25.627710342407227,3.461750030517578,-3.4439637660980225,-39.63032913208008,-4.444113254547119,-2.1999094486236572,-26.084224700927734,-7.60316801071167,1.6887121200561523,-44.0849723815918,-7.536648750305176,1.4495785236358643,-43.09867858886719,-2.8242318630218506,0.6532558798789978,-47.23112869262695,3.7669875621795654,-3.6792550086975098,-38.73646545410156,0.04102664068341255,-4.279796123504639,-27.297853469848633,0.28851747512817383,-4.182678699493408,-27.565231323242188,-6.756719589233398,0.6441072225570679,-38.80931854248047,-0.9508247375488281,-0.2850257158279419,-47.90214157104492,-4.880399703979492,0.9671265482902527,-46.17618179321289,-2.1681783199310303,0.5439463257789612,-47.436363220214844,-4.918742656707764,-1.6661896705627441,-28.87626838684082,-5.172656059265137,-1.1836280822753906,-31.354068756103516,2.614335298538208,-2.132740020751953,-43.504512786865234,3.7279233932495117,-5.532952785491943,-28.490272521972656,-3.83013653755188,-3.062774658203125,-24.75325584411621,-2.2692503929138184,-3.471111536026001,-25.849367141723633,1.1946566104888916,-0.9272069931030273,-47.50196075439453,-4.6850409507751465,-2.8895046710968018,-24.7629337310791,6.074164867401123,-5.947089672088623,-29.045143127441406,-4.200189590454102,0.6199008822441101,-46.26465606689453,7.5181474685668945,-6.620944976806641,-29.946348190307617,-4.705513000488281,-2.05324125289917,-26.870594024658203,-6.76261568069458,1.6631373167037964,-45.1826286315918,5.0894246101379395,-4.506936073303223,-35.61830520629883,2.484679937362671,-1.8275092840194702,-44.25254440307617,1.9361170530319214,-1.74466073513031,-44.99394607543945,-5.82828950881958,-0.40849176049232483,-34.49763870239258,7.661999702453613,-6.354297161102295,-30.32448387145996,3.1623661518096924,-2.658475637435913,-41.4494743347168,7.0448784828186035,-6.16821813583374,-29.374853134155273,-6.533565998077393,0.6617385745048523,-38.25010299682617,5.476136684417725,-5.90682315826416,-28.880325317382812,0.34154289960861206,-0.45614609122276306,-48.58770751953125,-0.8612616658210754,-3.884398937225342,-26.760601043701172,-5.712096691131592,-0.36923980712890625,-33.87111282348633,0.7789948582649231,-4.286598205566406,-27.584728240966797,-3.3179802894592285,-3.2460851669311523,-25.190067291259766,-0.22249677777290344,-4.043985366821289,-27.17729377746582,1.2236201763153076,-0.5784252285957336,-48.559627532958984,2.1570723056793213,-4.6840386390686035,-28.009737014770508,-4.854925632476807,-1.1163947582244873,-29.707433700561523,-7.438168525695801,1.8953857421875,-44.67353439331055,1.439372181892395,-4.4333696365356445,-27.70404052734375,-6.431431293487549,0.48962756991386414,-37.727420806884766,3.2663872241973877,-4.881601810455322,-28.282690048217773,1.7767494916915894,-1.4363064765930176,-45.885318756103516,-0.17005325853824615,-0.19523842632770538,-48.506568908691406,-6.055792808532715,-0.07933058589696884,-35.745155334472656,-6.132526397705078,0.16152000427246094,-36.949745178222656,-1.9442096948623657,-3.470179796218872,-26.141923904418945,-5.252760887145996,1.6670849323272705,-46.236148834228516,-7.685981273651123,1.7729445695877075,-42.21863555908203,7.10453987121582,-5.753678321838379,-31.610918045043945,-4.571156978607178,-2.659740686416626,-24.35104751586914,-4.830490589141846,-1.48293137550354,-28.251569747924805,-4.784148216247559,-1.789297342300415,-27.584625244140625,7.412395000457764,-6.228063106536865,-29.7783203125,-4.81822395324707,-2.4067437648773193,-25.11189842224121,4.832360744476318,-4.0059123039245605,-36.363807678222656,4.246593475341797,-3.46427059173584,-38.10941696166992,-7.910185813903809,2.1311230659484863,-43.520626068115234,3.7263669967651367,-2.960545539855957,-39.999515533447266,6.705347537994385,-5.504894733428955,-32.23024368286133,4.636905670166016,-5.371870517730713,-28.513200759887695,1.0872520208358765,-0.2772580683231354,-49.052833557128906,6.730961799621582,-5.909975051879883,-29.24738121032715,3.973703622817993,-5.0469183921813965,-28.387191772460938,2.7656002044677734,-4.672025203704834,-28.14265251159668,5.871409893035889,-4.755466938018799,-33.817169189453125,3.797589063644409,-3.2234621047973633,-39.29530715942383,-0.3500918745994568,-3.707387924194336,-26.911802291870117,0.10060839354991913,-3.9059717655181885,-27.192779541015625,-2.914487600326538,-2.783257007598877,-25.40904998779297,-1.296985387802124,-3.5730860233306885,-26.304325103759766,-3.810312509536743,1.4564783573150635,-46.81039047241211,2.45407772064209,-1.412856101989746,-44.9128532409668,-5.128556728363037,-0.5015959143638611,-31.878801345825195,-1.4110503196716309,0.8223843574523926,-48.08763885498047,-6.23956823348999,1.6712942123413086,-45.69707107543945,-7.190044403076172,1.77642023563385,-39.71403503417969,-0.9381401538848877,-3.3749046325683594,-26.468708038330078,-2.541081428527832,-2.979844570159912,-25.44289207458496,5.59887170791626,-4.433327674865723,-34.71905517578125,1.2633360624313354,-4.037477970123291,-27.59535026550293,3.655689239501953,-2.6182260513305664,-40.72354507446289,-1.8067551851272583,-3.0694212913513184,-25.925729751586914,-1.4502289295196533,-3.2304439544677734,-26.17353630065918,7.5762481689453125,-6.067549228668213,-30.28571128845215,-4.492919445037842,-2.071457862854004,-25.41825294494629,-6.177346706390381,1.0734301805496216,-37.00628662109375,0.6756235361099243,-3.5893192291259766,-27.420034408569336,-6.149382591247559,0.5414004325866699,-36.18627166748047,3.1722331047058105,-2.266366720199585,-42.334869384765625,1.7716048955917358,-0.7871137857437134,-47.082298278808594,-0.5753246545791626,-3.241565465927124,-26.67044448852539,5.344643592834473,-5.285159111022949,-28.758193969726562,-4.922370910644531,-0.8611196279525757,-30.436098098754883,4.023742198944092,-3.0231454372406006,-39.3294563293457,2.936993360519409,-1.5066601037979126,-44.0034065246582,2.629089832305908,-4.28855037689209,-28.041213989257812,4.288259506225586,-3.116851329803467,-38.534034729003906,-3.313117504119873,1.2433255910873413,-47.108699798583984,-4.219870090484619,-2.353161334991455,-25.243192672729492,-4.653313636779785,-1.2882654666900635,-29.084028244018555,-5.4004130363464355,0.08533024787902832,-33.10139465332031,-2.270512580871582,-2.904113531112671,-25.73685646057129,2.45062518119812,-1.0142842531204224,-45.81300354003906,-3.6926822662353516,-2.62093448638916,-25.113887786865234,2.1830556392669678,-0.7796226143836975,-46.60067367553711,2.059776544570923,-4.461052417755127,-28.13534927368164,5.112153053283691,-3.806453227996826,-36.1325569152832,-7.938782215118408,2.2412123680114746,-42.715736389160156,-7.149247169494629,2.351557731628418,-45.287899017333984,5.862272262573242,-5.07658576965332,-29.142976760864258,-7.740138053894043,2.1880223751068115,-41.65044021606445,-8.160908699035645,2.6951839923858643,-44.64940643310547,6.4024577140808105,-4.753173351287842,-32.83525848388672,2.254520893096924,-4.127869606018066,-27.891096115112305,3.2687389850616455,-1.790545105934143,-42.82817840576172,-0.23929744958877563,0.5221657156944275,-48.89430618286133,-3.4963645935058594,-2.4549083709716797,-25.109573364257812,1.7286491394042969,-0.1835978925228119,-48.559391021728516,-8.242807388305664,2.6995911598205566,-44.03789520263672,-7.83513879776001,2.652482748031616,-44.99174118041992,6.240707874298096,-5.364428997039795,-29.181692123413086,4.848141193389893,-3.5269570350646973,-37.10866165161133,-5.800775051116943,0.22642765939235687,-34.56264877319336,7.348894119262695,-5.613575458526611,-30.605560302734375,5.483987808227539,-3.673584461212158,-35.310150146484375,-5.1078948974609375,-0.6689823269844055,-31.35556411743164,1.6385467052459717,-3.8570868968963623,-27.62258529663086,-6.034193992614746,0.6414260864257812,-35.50492477416992,7.079312801361084,-5.603236675262451,-29.69683837890625,4.590771198272705,-3.1880898475646973,-37.8661994934082,-2.771221399307251,1.4474629163742065,-47.414642333984375,3.5176520347595215,-2.140005350112915,-41.5323486328125,-0.5839346647262573,1.1664106845855713,-48.70002746582031,-6.789158344268799,1.718310832977295,-38.55458450317383,0.1920129358768463,-3.4723172187805176,-27.221521377563477,6.931068420410156,-5.123691082000732,-31.62075424194336,2.0507543087005615,-0.38445955514907837,-47.48763656616211,-4.293990612030029,-1.4693480730056763,-26.45542335510254,0.19543461501598358,0.41820982098579407,-49.00356674194336,4.706734657287598,-4.748946666717529,-28.4894962310791,3.7048916816711426,-4.339750289916992,-28.51419448852539,3.4129674434661865,-4.115288734436035,-28.326005935668945,1.8653700351715088,0.17915064096450806,-49.64619827270508,-5.249206066131592,-0.08135803788900375,-32.46275329589844,-5.189850330352783,2.202672004699707,-46.396419525146484,-4.479584217071533,2.3147807121276855,-46.60806655883789,-5.614736557006836,2.393177032470703,-46.05091857910156,2.8192481994628906,-0.9503817558288574,-45.11469650268555,-6.134552001953125,2.604806900024414,-46.035667419433594,-4.470704078674316,-1.2298643589019775,-27.480422973632812,5.844594478607178,-3.763577699661255,-33.97087097167969,2.93109393119812,-1.1828076839447021,-44.507450103759766,-2.8451623916625977,-2.1632070541381836,-25.492143630981445,-0.22924090921878815,-3.0014896392822266,-26.85316276550293,-6.981542587280273,1.7746131420135498,-39.0883674621582,-7.52957820892334,2.367332696914673,-40.904815673828125,4.190361499786377,-2.6312968730926514,-39.29497146606445,0.8025051951408386,0.45152878761291504,-49.08412170410156,0.9780622720718384,-2.9751172065734863,-27.41087532043457,-3.7756693363189697,-1.8330878019332886,-25.43199920654297,6.019904136657715,-4.143893718719482,-33.397220611572266,3.94515061378479,-2.0331428050994873,-40.68698501586914,6.7378644943237305,-5.134753704071045,-29.688844680786133,5.425150394439697,-4.469888210296631,-29.099382400512695,0.494613379240036,-2.8195245265960693,-27.415306091308594,-7.084803581237793,3.32741117477417,-45.80799102783203,-1.9184476137161255,1.540961503982544,-47.83235168457031,6.992640972137451,-4.92395544052124,-30.360326766967773,-8.681313514709473,3.7279891967773438,-44.96244812011719,3.4072654247283936,-1.0827306509017944,-43.342430114746094,4.761837482452393,-2.697540283203125,-37.849849700927734,-1.6170662641525269,-2.2164647579193115,-26.214078903198242,-6.426863670349121,1.7568148374557495,-37.75454330444336,-7.7466511726379395,3.817885160446167,-45.58828353881836,-3.1311185359954834,2.2456114292144775,-47.19572830200195,5.256555557250977,-3.0190086364746094,-36.291343688964844,-3.979187488555908,-1.464525580406189,-25.770572662353516,2.838043451309204,-3.7178032398223877,-28.101694107055664,1.686493992805481,-3.1752400398254395,-27.74921417236328,5.612007141113281,-3.448668956756592,-34.501155853271484,-8.390631675720215,3.5135552883148193,-43.212493896484375,-8.608519554138184,3.4728147983551025,-44.36777114868164,0.20667433738708496,-2.757641553878784,-27.140403747558594,-4.370726108551025,-0.7382379174232483,-29.031274795532227,-8.055027961730957,3.047414541244507,-42.14828109741211,4.492814540863037,-2.444298028945923,-38.76734924316406,2.7761261463165283,-0.4346422851085663,-45.8896484375,1.3404381275177002,0.7211877703666687,-49.36439895629883,-2.3657824993133545,1.9617558717727661,-47.41301727294922,3.7811577320098877,-3.508624315261841,-28.72731590270996,2.4459054470062256,-0.25753921270370483,-46.985233306884766,-4.776141166687012,-0.2305486798286438,-30.841205596923828,5.4309163093566895,-3.0585036277770996,-35.350711822509766,-5.374170780181885,0.4778052866458893,-33.54136276245117,4.2596116065979,-2.168294668197632,-39.58782958984375,3.321742534637451,-0.7284846305847168,-43.878211975097656,6.4710869789123535,-4.092029571533203,-31.950654983520508,-4.578266620635986,-0.3868102431297302,-30.09137725830078,-3.7915499210357666,2.085364818572998,-46.99181365966797,4.476439952850342,-4.0313615798950195,-28.701393127441406,-4.626036643981934,2.906960964202881,-46.59685516357422,3.6746633052825928,-1.4985744953155518,-41.954833984375,-7.774243354797363,2.818786144256592,-41.41277313232422,2.2433485984802246,0.14220590889453888,-48.14277648925781,-1.2053275108337402,1.44632089138031,-48.31467056274414,-0.37860843539237976,-2.2421886920928955,-26.900053024291992,-3.885871648788452,-0.715269923210144,-27.569297790527344,-4.032451152801514,-0.3715832531452179,-28.715415954589844,6.241866111755371,-3.9645347595214844,-32.90711212158203,-5.103564739227295,2.784723997116089,-46.26544189453125,2.0319771766662598,0.4088253676891327,-49.10844421386719,1.7356802225112915,0.37351760268211365,-50.88043975830078,2.0025417804718018,0.45629432797431946,-50.600059509277344,2.0272648334503174,0.7130877375602722,-49.92197799682617,-7.995931148529053,4.150259017944336,-45.62319564819336,0.5530911684036255,0.9241429567337036,-49.541744232177734,-5.792877197265625,1.5252913236618042,-35.747528076171875,1.6309022903442383,0.5605162978172302,-49.941497802734375,-8.409379005432129,3.4576661586761475,-43.751705169677734,1.2972345352172852,1.0652499198913574,-50.044166564941406,1.4397374391555786,0.8928667902946472,-50.53224563598633,6.421016693115234,-4.403480529785156,-30.04753875732422,-3.4831621646881104,-1.3788833618164062,-25.847139358520508,-4.813516139984131,0.23846693336963654,-31.837844848632812,6.461967945098877,-4.100525856018066,-30.635087966918945,6.488053321838379,-4.009215354919434,-31.30663299560547,-5.434602737426758,0.8475563526153564,-34.29970169067383,-1.7321571111679077,2.2678627967834473,-47.910438537597656,-7.30958890914917,2.7388453483581543,-40.27108383178711,-6.185549259185791,3.2163257598876953,-46.138309478759766,-2.4037959575653076,-1.5724999904632568,-26.11094093322754,0.21308007836341858,1.5910019874572754,-49.11470031738281,-6.787137985229492,2.665245294570923,-38.93967819213867,2.8924167156219482,0.04092155769467354,-46.10813903808594,2.625459909439087,0.3338105380535126,-47.351322174072266,3.817504644393921,-0.9233433604240417,-41.84540939331055,-5.58210563659668,3.0302000045776367,-46.25657653808594,6.058131694793701,-3.3045146465301514,-32.786865234375,-4.1254096031188965,0.13830766081809998,-30.005552291870117,-4.89336633682251,0.6792513132095337,-32.70528793334961,-5.9570088386535645,1.979004144668579,-36.89991760253906,-4.144085884094238,2.9337000846862793,-46.756839752197266,-6.9107232093811035,3.801403284072876,-45.96719741821289,-5.494636058807373,1.32930588722229,-34.7802848815918,5.314929008483887,-3.2685601711273193,-29.792787551879883,3.362424373626709,-2.895536422729492,-28.63429069519043,2.1653878688812256,-2.7440528869628906,-28.07388687133789,-8.616450309753418,4.136624336242676,-44.275516510009766,4.296063423156738,-1.456795573234558,-39.94330596923828,3.1859588623046875,-0.24375921487808228,-44.82917785644531,0.6663731932640076,1.289629578590393,-49.67281723022461,1.8233444690704346,0.9781304597854614,-50.16822052001953,-3.3153622150421143,-0.8551575541496277,-26.889379501342773,2.6733455657958984,0.6453042030334473,-47.73268127441406,-1.0980244874954224,2.1023130416870117,-48.287044525146484,1.4910510778427124,-2.268378734588623,-27.807016372680664,-8.923261642456055,4.538290977478027,-45.083335876464844,4.893654823303223,-1.825420618057251,-37.70790481567383,5.251101016998291,-2.3962512016296387,-36.190818786621094,4.519851207733154,-1.7678351402282715,-38.98550033569336,-4.376527786254883,0.22621870040893555,-30.613557815551758,-2.6871373653411865,-0.944398045539856,-26.594703674316406,2.838402032852173,0.5022634267807007,-46.67718505859375,2.502607822418213,0.7148678302764893,-48.38231658935547,-0.5581668019294739,1.8712135553359985,-48.673377990722656,4.7925920486450195,-3.3734610080718994,-29.45124053955078,-5.060754776000977,1.2639249563217163,-33.89377212524414,2.2665352821350098,0.9726574420928955,-48.62754821777344,-6.199891090393066,3.478567123413086,-46.00975036621094,-0.771945595741272,-1.557541847229004,-27.019729614257812,-3.213479995727539,2.9280688762664795,-47.090206146240234,-8.031338691711426,3.792581796646118,-42.138668060302734,5.543404579162598,-2.646899938583374,-34.02214813232422,6.051209449768066,-3.768106460571289,-30.309656143188477,1.0150282382965088,-2.1314046382904053,-27.711605072021484,-4.517338275909424,0.5034356713294983,-31.494300842285156,-7.243807792663574,3.4177231788635254,-40.49605178833008,-8.757214546203613,4.587204456329346,-43.97641372680664,-3.8198602199554443,0.04660678654909134,-29.433998107910156,-6.477952003479004,2.5266590118408203,-38.31893539428711,5.642049312591553,-3.642056941986084,-29.967647552490234,4.1263747215271,-0.7897886633872986,-40.466590881347656,3.5512325763702393,-0.21081899106502533,-43.245121002197266,1.8920221328735352,1.239842176437378,-49.68529510498047,-5.384677410125732,3.5230624675750732,-46.30793762207031,-5.943610668182373,3.6997601985931396,-46.16942596435547,-1.1817971467971802,-1.0542805194854736,-27.21514129638672,-5.027121067047119,1.6282281875610352,-34.45356369018555,0.6175264716148376,-1.8018423318862915,-27.58572769165039,-6.150324821472168,2.6817429065704346,-37.73603820800781,1.6115056276321411,1.542208194732666,-49.5316276550293,2.7661216259002686,0.8196600079536438,-47.04579162597656,0.8761564493179321,1.7827091217041016,-49.20364761352539,-2.0710246562957764,2.566014528274536,-47.443443298339844,-8.511999130249023,4.886108875274658,-45.251949310302734,3.0575437545776367,0.659276008605957,-45.55741882324219,3.1798510551452637,0.32842183113098145,-44.99900817871094,-3.6350972652435303,-0.02298566699028015,-28.752155303955078,-7.079750061035156,4.49067497253418,-45.840980529785156,-3.1768360137939453,-0.22745583951473236,-27.936826705932617,-4.298304557800293,1.0483157634735107,-32.29661178588867,5.946763515472412,-3.250598669052124,-31.11931800842285,-1.9269872903823853,-0.6398659348487854,-27.24765396118164,4.136494159698486,-2.5596766471862793,-29.46579933166504,-8.473481178283691,4.364635944366455,-43.30709457397461,-7.3784918785095215,3.9668900966644287,-41.0922966003418,-3.893648147583008,3.354641914367676,-46.70396041870117,-5.375123500823975,4.000056266784668,-46.239444732666016,2.151238441467285,1.4587682485580444,-49.43313217163086,-6.389786720275879,4.150401592254639,-46.023738861083984,-0.2819822430610657,2.2333858013153076,-48.465576171875,-4.670925140380859,1.4452794790267944,-33.61880874633789,-5.4895501136779785,2.463249683380127,-36.401519775390625,5.326940059661865,-2.1194984912872314,-34.94904327392578,-8.313125610351562,4.885872840881348,-45.60160827636719,3.7318785190582275,-0.026130080223083496,-42.217750549316406,3.9808757305145264,-0.4276686906814575,-41.03623962402344,2.13118314743042,1.2736221551895142,-49.0084228515625,-6.708327770233154,3.4939844608306885,-39.75811004638672,-5.965044975280762,4.183691024780273,-46.203102111816406,-8.253156661987305,4.5817694664001465,-42.959381103515625,-8.917840957641602,5.053946495056152,-45.14973831176758,5.5913310050964355,-3.03617000579834,-30.519906997680664,2.3037021160125732,-1.8629475831985474,-28.58372688293457,-3.5833303928375244,0.6245110034942627,-30.200830459594727,-1.0379652976989746,2.8534295558929443,-47.739723205566406,-4.018980979919434,0.865011990070343,-31.261499404907227,-8.94958209991455,5.26532506942749,-44.75556945800781,-6.319372177124023,3.2278974056243896,-38.78156661987305,5.755809307098389,-2.79492449760437,-31.890560150146484,4.453256607055664,-0.7800903916358948,-39.0656852722168,-5.1542887687683105,1.9355169534683228,-35.03376770019531,2.275627374649048,1.6276203393936157,-48.267852783203125,-4.598072052001953,3.5907797813415527,-46.30316162109375,-1.6621770858764648,2.9367308616638184,-47.40883255004883,-7.469405174255371,4.933063507080078,-45.8890380859375,4.839866638183594,-1.2590006589889526,-37.73491668701172,-7.320590496063232,4.341578006744385,-41.34170913696289,-2.4892287254333496,3.3075103759765625,-46.885013580322266,-5.761821269989014,2.7185959815979004,-37.20041275024414,3.330475330352783,0.7249146103858948,-44.04100799560547,5.530406951904297,-2.4489123821258545,-33.03398132324219,-4.233469486236572,1.680698275566101,-33.23337936401367,-6.09889554977417,3.1673390865325928,-38.31174087524414,-3.792069435119629,1.5919076204299927,-32.664546966552734,-7.749464511871338,4.306417942047119,-41.91621017456055,0.21774166822433472,2.4318010807037354,-48.49068069458008,5.090441703796387,-1.6679892539978027,-36.04448318481445,0.428257554769516,-0.7560677528381348,-28.343536376953125,5.085816860198975,-1.5379444360733032,-33.69603729248047,-8.60918140411377,5.041316986083984,-43.88840103149414,0.8091453313827515,2.294743537902832,-48.68867874145508,4.670858383178711,-2.139101266860962,-30.58234214782715,-6.833877086639404,4.1343302726745605,-40.54118728637695,-4.149627685546875,3.8571481704711914,-46.078887939453125,-5.069437503814697,2.408831834793091,-35.61524200439453,5.505221843719482,-2.498781681060791,-31.33915138244629,-6.919608116149902,4.72015380859375,-45.91656494140625,1.2831257581710815,2.2884104251861572,-48.44173049926758,1.3015621900558472,-1.074495792388916,-28.52912139892578,1.900313138961792,2.044205665588379,-48.86809158325195,-8.572664260864258,5.474084377288818,-45.65896224975586,-9.142971992492676,5.5873212814331055,-45.22185134887695,-2.1334898471832275,-0.02570234052836895,-28.10074806213379,5.152071952819824,-2.215240955352783,-30.912378311157227,-2.850308418273926,0.5506845712661743,-29.52385902404785,-0.4564860165119171,2.887115955352783,-47.89625930786133,-6.562317848205566,4.17952823638916,-40.197044372558594,-3.752882480621338,3.6135005950927734,-46.53175735473633,2.8019909858703613,1.3174225091934204,-46.22357177734375,-2.161329746246338,0.3840835690498352,-28.81892204284668,-4.434627056121826,1.923741340637207,-33.9485969543457,3.5465261936187744,0.6119343042373657,-42.63582229614258,3.835989236831665,-1.9572845697402954,-29.74401092529297,-4.541535377502441,2.4065136909484863,-34.91080093383789,4.127148628234863,0.05722613260149956,-39.78071212768555,-4.76204252243042,4.337149143218994,-46.13987350463867,-6.388238906860352,4.664198398590088,-45.9166145324707,5.250726699829102,-2.0627079010009766,-32.570980072021484,4.788853645324707,-0.8839344382286072,-36.991920471191406,-9.3816499710083,5.601534366607666,-45.45669937133789,-5.576823711395264,4.663581848144531,-45.92569351196289,-7.78568172454834,4.84109354019165,-42.52365493774414,-3.240326166152954,3.845142364501953,-46.55026626586914,-1.1818149089813232,-0.19980642199516296,-28.133949279785156,2.4600751399993896,-1.3127692937850952,-29.197975158691406,-3.3714966773986816,1.2557452917099,-31.39842414855957,2.390450954437256,2.0192370414733887,-47.18212890625,4.871099948883057,-1.087856650352478,-34.773494720458984,-0.6576572060585022,0.029901301488280296,-28.654003143310547,-5.630431175231934,3.615105628967285,-38.170372009277344,-6.153670787811279,4.020351886749268,-39.59153747558594,-8.380846977233887,5.301202297210693,-43.96611022949219,-7.755187511444092,5.398605823516846,-45.64840316772461,5.31709623336792,-1.9053082466125488,-32.18457794189453,4.453212261199951,-0.31082257628440857,-38.297306060791016,-1.7346148490905762,3.2724759578704834,-47.115211486816406,3.371554136276245,1.049349069595337,-43.18234634399414,-3.7318079471588135,4.15749979019165,-46.03012466430664,0.3719332814216614,2.7607810497283936,-48.055084228515625,3.7955257892608643,0.31834766268730164,-41.176116943359375,4.578916072845459,-1.6904106140136719,-31.230194091796875,-7.901904582977295,5.199228286743164,-43.143272399902344,-8.75468635559082,5.814168930053711,-45.25578689575195,-2.2750954627990723,0.7391061186790466,-29.64948081970215,-7.2672224044799805,4.795166492462158,-41.906036376953125,-2.2232913970947266,3.7742152214050293,-46.50288009643555,-5.343982696533203,3.4184560775756836,-37.51523208618164,-7.063663482666016,5.296071529388428,-45.68592071533203,-8.933964729309082,5.883124351501465,-45.60931396484375,1.862487554550171,2.4727957248687744,-47.99140548706055,-4.940317630767822,3.191472291946411,-36.611881256103516,-5.78253173828125,3.8379554748535156,-39.00645446777344,-4.96195125579834,4.580212116241455,-45.903560638427734,-9.516660690307617,6.194070339202881,-45.373374938964844,3.516796350479126,-1.169771432876587,-30.4757022857666,-4.495410442352295,2.9546406269073486,-35.696929931640625,-7.9191060066223145,5.7519001960754395,-45.0207633972168,2.799041509628296,1.9490960836410522,-44.87744903564453,-1.7397242784500122,3.670559883117676,-46.90073776245117,-8.251044273376465,5.642381191253662,-44.64347457885742,0.1857847273349762,3.222580671310425,-47.53403091430664,2.0220353603363037,2.411041259765625,-47.68950653076172,-1.0476300716400146,3.495483636856079,-47.11225128173828,-9.218939781188965,6.315345287322998,-45.594425201416016,-4.106855869293213,4.430939197540283,-45.99538803100586,-7.588353157043457,5.720237731933594,-45.30522155761719,-8.308183670043945,5.87357234954834,-45.32404708862305,5.038956642150879,-1.1261907815933228,-33.76593780517578,2.5120303630828857,2.2295830249786377,-45.94826889038086,4.521070957183838,-1.3587108850479126,-32.12368392944336,-6.510312080383301,5.450234413146973,-45.42613983154297,1.0385299921035767,2.9023215770721436,-47.49141311645508,2.034764289855957,-0.6941081285476685,-29.584007263183594,4.927882194519043,-1.3179470300674438,-32.73213577270508,-1.9292954206466675,1.1227656602859497,-30.381933212280273,-2.5680954456329346,1.5785880088806152,-31.546674728393555,-3.115621328353882,1.7560607194900513,-32.286521911621094,0.5587620735168457,-0.1603442281484604,-29.140886306762695,-6.697912216186523,4.662566661834717,-41.11832809448242,-2.954827070236206,4.435247421264648,-45.844383239746094,-1.423235535621643,0.73487788438797,-29.542078018188477,-7.353000164031982,5.497837066650391,-42.926483154296875,-7.4996747970581055,5.742047309875488,-43.8284797668457,4.454098701477051,-0.3338667154312134,-36.386329650878906,-3.514768362045288,2.524303913116455,-34.05817794799805,2.9093337059020996,1.8847471475601196,-43.979957580566406,-5.783267021179199,5.088931083679199,-45.63252639770508,-4.406235694885254,4.714550018310547,-45.78584671020508,4.018819332122803,-1.1154661178588867,-31.381834030151367,3.5957531929016113,0.8217390179634094,-40.8433952331543,-8.050107955932617,6.083675384521484,-44.91253662109375,4.640750885009766,-0.2903818190097809,-35.75313186645508,4.029665470123291,0.6589652895927429,-38.59499740600586,3.2701733112335205,-0.5966012477874756,-31.130544662475586,-5.1993021965026855,5.046681880950928,-45.54486846923828,1.3945473432540894,2.7825357913970947,-47.116024017333984,4.755537509918213,-0.7979275584220886,-33.45280456542969,-2.9373891353607178,2.0915017127990723,-32.90163803100586,3.1390864849090576,1.7806763648986816,-41.668243408203125,2.1794421672821045,2.6468470096588135,-46.64448165893555,-6.660562515258789,5.471380710601807,-42.29413986206055,-0.12679794430732727,3.5687448978424072,-46.77211380004883,0.2665482461452484,0.4174438416957855,-29.73467445373535,2.455183744430542,-0.37766504287719727,-30.503454208374023,-5.900826930999756,4.81411600112915,-40.50007629394531,-6.329017162322998,4.783949851989746,-40.8734245300293,-3.4995813369750977,4.7197957038879395,-45.71089553833008,4.23878812789917,-0.5809087753295898,-33.15715789794922,3.7495648860931396,-0.2809687852859497,-32.63880920410156,-1.4555020332336426,4.047702789306641,-46.369361877441406,-5.6046833992004395,4.468599796295166,-39.60272979736328,3.6568830013275146,-0.5121241211891174,-31.951263427734375,1.736205816268921,-0.013967464677989483,-30.28753089904785,4.555466651916504,-0.317651629447937,-34.81239700317383,1.8049299716949463,2.880974769592285,-46.473018646240234,-4.707266330718994,3.745776653289795,-37.29350662231445,-4.788824558258057,4.031355857849121,-38.00297546386719,2.933067560195923,2.1269278526306152,-42.702430725097656,-2.211888551712036,4.433542728424072,-45.629859924316406,3.303729295730591,1.3075660467147827,-40.56349563598633,0.7629403471946716,3.3376758098602295,-46.342315673828125,-6.780207633972168,5.865415096282959,-45.109596252441406,-0.5557610392570496,0.9859967827796936,-30.396467208862305,-3.2983837127685547,3.0343282222747803,-35.00387191772461,-4.824814319610596,4.238825798034668,-38.79496383666992,-6.273269176483154,5.3216962814331055,-41.70635223388672,-1.5140563249588013,1.5763328075408936,-31.3570556640625,4.4685845375061035,0.19107598066329956,-36.88895034790039,2.3540070056915283,2.7555861473083496,-44.800594329833984,-6.253557205200195,5.902703285217285,-44.95261001586914,-6.9394917488098145,5.8353776931762695,-44.655982971191406,-7.3495049476623535,6.102330684661865,-44.46096420288086,2.1639974117279053,0.35187771916389465,-31.465354919433594,-4.254775524139404,5.086295127868652,-45.38671875,3.8263232707977295,-0.030664745718240738,-33.53139877319336,0.9948338866233826,0.5894836187362671,-30.666534423828125,4.106982231140137,0.05971720814704895,-35.226112365722656,2.96509051322937,-0.01225301530212164,-31.909210205078125,-5.409069061279297,5.545629501342773,-45.0600700378418,-3.963341236114502,3.6925065517425537,-36.52305221557617,-2.1102523803710938,2.1406819820404053,-32.64471435546875,-2.278963565826416,2.465998411178589,-33.529388427734375,-6.974010467529297,5.884247303009033,-43.373680114746094,-7.372336387634277,6.054663181304932,-43.88075256347656,-1.0922106504440308,1.5335845947265625,-31.32596778869629,4.038002967834473,1.0162603855133057,-38.691287994384766,1.6847513914108276,3.3910653591156006,-45.65067672729492,3.9753410816192627,0.8261971473693848,-37.2675895690918,2.1331655979156494,3.0791072845458984,-45.32365036010742,-0.4432245194911957,3.940187454223633,-46.1879997253418,0.1515541672706604,3.820493698120117,-45.94841003417969,-4.866243839263916,5.666581630706787,-44.67755126953125,-1.2287077903747559,4.357658386230469,-45.685829162597656,3.7852261066436768,0.42637333273887634,-36.0032844543457,-2.2602338790893555,2.9822051525115967,-34.60855484008789,2.6518476009368896,0.4513252377510071,-32.466453552246094,-0.08157547563314438,1.3604226112365723,-31.47589111328125,3.508284330368042,0.4901265501976013,-34.48925018310547,3.4484174251556396,0.7880460023880005,-35.683319091796875,-4.27152681350708,4.677791595458984,-39.213233947753906,3.2029378414154053,0.42429012060165405,-33.386497497558594,-5.608372688293457,5.710290908813477,-42.11370849609375,-6.369533061981201,5.895453929901123,-44.245323181152344,3.5140485763549805,1.5092010498046875,-40.402408599853516,-2.493100166320801,4.9034600257873535,-45.16513442993164,1.1096246242523193,3.5880632400512695,-45.39150619506836,-5.006101131439209,4.951469898223877,-40.16633605957031,-6.204300403594971,5.9907546043396,-42.9288444519043,1.294093370437622,0.9322420358657837,-31.6796875,-0.684058666229248,1.8435723781585693,-32.229427337646484,-6.777186393737793,6.200428485870361,-43.779945373535156,-4.125551223754883,4.3746538162231445,-38.578529357910156,0.5784398913383484,1.3626794815063477,-31.952960968017578,3.076033115386963,2.2762534618377686,-42.28789520263672,2.7879092693328857,0.9876935482025146,-34.17742919921875,1.9124747514724731,0.8691983222961426,-32.29737091064453,-3.7741215229034424,5.496455192565918,-44.472965240478516,-0.8997508883476257,2.378051280975342,-33.49928665161133,-5.14479398727417,5.278597831726074,-40.94135665893555,-3.1236226558685303,5.288905620574951,-44.607967376708984,3.412353038787842,1.6318855285644531,-39.59214401245117,3.138597011566162,1.987506628036499,-40.871543884277344,2.625234603881836,2.7309062480926514,-43.914642333984375,0.574425458908081,3.9329183101654053,-45.078609466552734,3.69795560836792,1.3513301610946655,-38.216068267822266,-0.999396562576294,4.510773658752441,-45.128028869628906,2.7283661365509033,1.2238376140594482,-34.94798278808594,-2.9016788005828857,3.576050281524658,-35.85346221923828,2.2813360691070557,0.9800677299499512,-33.07771682739258,-1.4293291568756104,2.763221025466919,-34.271141052246094,-3.3717563152313232,4.144826889038086,-37.34434127807617,2.9768848419189453,1.261859655380249,-35.786128997802734,-5.25696325302124,5.984907150268555,-44.0894775390625,-1.4131544828414917,4.640466690063477,-44.69337463378906,0.7960304021835327,1.5981534719467163,-32.71662521362305,0.14461663365364075,1.8859083652496338,-32.922950744628906,2.9895503520965576,1.4618223905563354,-36.628116607666016,-5.53558349609375,5.904570579528809,-43.656185150146484,3.137899160385132,1.7461025714874268,-38.788204193115234,2.7194619178771973,2.0642683506011963,-40.36000061035156,1.437842845916748,1.3884224891662598,-32.93153381347656,2.325730562210083,2.4773173332214355,-39.431732177734375,2.7038114070892334,2.731062889099121,-42.27045440673828,3.0495433807373047,1.6730926036834717,-37.66691589355469,-5.671637535095215,6.032750129699707,-42.99105453491211,2.019866466522217,1.456990122795105,-33.94133758544922,1.9642693996429443,3.336530923843384,-44.48830795288086,-2.413365125656128,5.2018632888793945,-44.39445877075195,2.613452911376953,1.7614811658859253,-36.594444274902344,2.255363941192627,2.688786029815674,-40.52173614501953,0.1222606748342514,4.199502468109131,-44.607173919677734,0.11926338076591492,2.271556854248047,-33.88358688354492,1.3922744989395142,1.7857937812805176,-34.03562927246094,2.1549181938171387,1.650445580482483,-35.08111572265625,-4.954552173614502,5.746116638183594,-42.0098876953125,-4.36561918258667,5.795714855194092,-44.047996520996094,1.9824604988098145,3.13796067237854,-43.42195510864258,2.2056326866149902,2.954702854156494,-41.64629364013672,0.8341577053070068,1.9254015684127808,-33.709991455078125,-2.2412164211273193,3.6547324657440186,-36.0347785949707,-3.1620006561279297,4.550976276397705,-38.61935043334961,1.8194570541381836,2.1008572578430176,-35.96409225463867,-0.0030325003899633884,2.6998395919799805,-34.94247817993164,-1.0931001901626587,3.026214122772217,-35.03953552246094,1.2128008604049683,3.7418837547302246,-44.291114807128906,-4.393409252166748,5.150147914886475,-40.33405303955078,-1.5479097366333008,4.927342414855957,-44.10642623901367,2.3248987197875977,2.3473312854766846,-38.224369049072266,-0.5632658004760742,4.5219244956970215,-44.40046691894531,0.6871454119682312,2.3208553791046143,-34.63732147216797,1.543684482574463,2.1787896156311035,-35.51502227783203,-4.660365104675293,5.8357648849487305,-42.80832290649414,2.233814239501953,2.963300943374634,-42.169647216796875,-4.48423433303833,5.883825302124023,-43.54690933227539,1.7557601928710938,3.0397214889526367,-39.997108459472656,2.009586811065674,2.294177532196045,-37.037166595458984,1.287131905555725,2.1100831031799316,-34.88875961303711,1.6151378154754639,3.4769275188446045,-43.03864288330078,-4.065840244293213,5.449624538421631,-41.1982421875,1.8303536176681519,3.180386781692505,-41.0142707824707,-3.522158145904541,4.951009273529053,-39.671470642089844,-2.2375006675720215,5.208143711090088,-43.91694641113281,-3.155191659927368,5.518195152282715,-43.77800369262695,-1.313858985900879,3.467219352722168,-35.93311309814453,-2.308701992034912,4.4578399658203125,-38.40754318237305,1.1629598140716553,2.715301275253296,-36.7411994934082,0.09541667252779007,4.412331581115723,-43.56242752075195,-0.4586286246776581,3.1457629203796387,-35.795040130615234,0.6058434247970581,4.164182662963867,-42.92522430419922,-1.911698579788208,3.8183467388153076,-36.536590576171875,-2.0873427391052246,4.126318454742432,-37.387718200683594,-3.2929320335388184,5.169139385223389,-40.30790710449219,-3.8643834590911865,5.78510046005249,-43.249053955078125,1.4841946363449097,2.7049601078033447,-37.40987014770508,0.5999864339828491,2.765554904937744,-35.91080856323242,1.2368481159210205,3.763174295425415,-42.591392517089844,-0.7368972897529602,4.754801273345947,-43.50407409667969,-3.9272689819335938,5.703845977783203,-42.23322296142578,1.622275948524475,2.8888792991638184,-38.5539665222168,1.2720385789871216,3.6746459007263184,-41.625732421875,1.1550153493881226,3.3183395862579346,-39.262996673583984,0.03152480348944664,3.2499899864196777,-36.63319778442383,-0.8316147923469543,3.567984104156494,-36.578102111816406,-1.8807809352874756,5.220972537994385,-43.10719680786133,-2.6605653762817383,5.47490119934082,-43.03764724731445,0.9436855316162109,3.036099433898926,-37.461181640625,-3.1769840717315674,5.390997409820557,-41.30219268798828,-2.4763941764831543,4.822676181793213,-39.412353515625,-1.2516794204711914,4.02803373336792,-37.69941711425781,-3.1376802921295166,5.597764492034912,-42.37541580200195,0.9737761616706848,3.7380483150482178,-40.71938705444336,0.6484366059303284,4.032824516296387,-41.21482467651367,-0.7602829337120056,4.827508926391602,-42.92615509033203,0.47741368412971497,4.206338405609131,-41.865997314453125,0.4077165424823761,3.5123298168182373,-38.34178924560547,-0.36825984716415405,3.673762798309326,-37.63059616088867,-2.022165536880493,5.046813488006592,-40.780784606933594,0.7591862082481384,3.6690595149993896,-39.7191276550293,-0.29027143120765686,3.9520153999328613,-38.753047943115234,-1.5819605588912964,4.534088611602783,-39.062068939208984,-2.124636173248291,5.259942531585693,-41.808231353759766,-1.4240117073059082,4.683375358581543,-39.86334991455078,-0.26015475392341614,4.60811185836792,-42.02454376220703,-0.8893786072731018,4.288423538208008,-39.060482025146484,0.09544819593429565,4.102382183074951,-39.93347930908203,-1.0832101106643677,4.936283111572266,-41.880855560302734,-0.3976888358592987,4.535655975341797,-40.9407844543457
