/home/arvardaz/SFT_with_CNN/output/1488798220.0643315_595.png,-5.394780158996582,3.3106539249420166,-42.58669662475586,-5.791070938110352,3.6825520992279053,-43.86732864379883,-5.530283451080322,2.066662073135376,-43.599151611328125,-5.5108747482299805,4.232030391693115,-42.91307067871094,-5.863705158233643,2.930832624435425,-44.54558181762695,-6.1087517738342285,3.1782894134521484,-45.51765823364258,-6.08927583694458,4.235647201538086,-45.02222442626953,-6.248847961425781,3.864140510559082,-46.06774139404297,-5.910501003265381,2.4774796962738037,-45.10994338989258,-5.2229838371276855,2.301424741744995,-42.42510986328125,-5.891139984130859,4.76912784576416,-44.20579528808594,-4.946258544921875,1.3344595432281494,-42.32867431640625,-6.197207927703857,3.327949047088623,-46.242801666259766,-5.445072174072266,1.132696270942688,-44.677734375,-5.0189900398254395,2.8184571266174316,-41.69468307495117,-5.662106990814209,5.5734100341796875,-43.70676803588867,-6.215942859649658,5.004593372344971,-45.7139778137207,-5.134348392486572,0.8851373791694641,-43.551753997802734,-5.9166693687438965,1.8546772003173828,-46.28960418701172,-5.886152744293213,1.991257667541504,-45.73489761352539,-5.663109302520752,1.3301230669021606,-45.50767135620117,-4.895296573638916,4.2030134201049805,-41.3597412109375,-6.106696128845215,5.661009788513184,-45.27307891845703,-6.080361843109131,2.3251278400421143,-46.986507415771484,-4.57818078994751,2.932295083999634,-40.68368148803711,-5.248412609100342,5.723188400268555,-42.6345329284668,-4.686913013458252,1.770825982093811,-41.31345748901367,-6.29511833190918,4.303190231323242,-47.1353874206543,-6.29009485244751,3.861253023147583,-47.361534118652344,-6.23703145980835,3.2194581031799316,-47.58442687988281,-4.607845306396484,0.6164410710334778,-42.03567123413086,-6.267541885375977,5.402907371520996,-46.54851531982422,-4.671369552612305,5.110672473907471,-41.124210357666016,-5.934165954589844,6.343544960021973,-44.82976531982422,-5.075119972229004,0.3926308751106262,-44.428348541259766,-4.710239887237549,0.1661090850830078,-43.09210968017578,-6.254311561584473,4.934693336486816,-47.23965835571289,-5.911856651306152,1.7315828800201416,-47.12234115600586,-4.161215305328369,1.5775127410888672,-40.03032684326172,-5.608163356781006,0.9454334378242493,-46.24481964111328,-5.353916168212891,0.38564762473106384,-46.132686614990234,-5.332918643951416,6.421103477478027,-43.26506423950195,-6.237693786621094,6.161005973815918,-46.90333938598633,-6.129945278167725,6.602284908294678,-45.92011642456055,-4.011998176574707,0.5522320866584778,-40.39562225341797,-5.754839897155762,1.2227253913879395,-46.97312545776367,-6.28778600692749,5.455917835235596,-47.3746452331543,-6.184413433074951,3.9887547492980957,-47.813270568847656,-4.1174468994140625,3.4826951026916504,-39.46857833862305,-3.9832568168640137,2.3458619117736816,-39.217498779296875,-6.04856014251709,2.38851261138916,-47.63724136352539,-4.633793354034424,5.629559516906738,-41.39616775512695,-4.117323398590088,-0.5167390704154968,-42.33028030395508,-5.53074312210083,6.820163249969482,-43.973567962646484,-5.8521928787231445,7.007345199584961,-45.10603332519531,-3.7691190242767334,1.2956868410110474,-39.005130767822266,-4.954174995422363,-0.04887557029724121,-45.100345611572266,-4.223625659942627,4.722548961639404,-40.04558563232422,-4.1681318283081055,0.03883107751607895,-41.540775299072266,-6.291909217834473,4.5949883460998535,-47.744712829589844,-4.485090732574463,-0.4888802170753479,-43.75165557861328,-6.0352678298950195,2.685013771057129,-48.56859588623047,-6.019807815551758,2.0182814598083496,-47.86491012573242,-3.556274890899658,0.24234461784362793,-39.19715881347656,-6.187453746795654,7.033246994018555,-46.95343780517578,-5.938338279724121,7.5366668701171875,-45.63972091674805,-6.189150333404541,3.905672073364258,-48.144493103027344,-3.5604872703552246,-0.45175570249557495,-40.24444580078125,-3.7545766830444336,4.681666851043701,-38.86060333251953,-3.644423723220825,3.1637814044952393,-38.22882080078125,-3.3526644706726074,1.551880955696106,-37.73366928100586,-3.264570474624634,0.45795509219169617,-38.13767623901367,-5.72850227355957,1.0564156770706177,-47.76974868774414,-5.446322441101074,0.4919368624687195,-47.286659240722656,-4.49565315246582,-0.6572965383529663,-44.4244384765625,-6.194774627685547,7.701627731323242,-47.15100860595703,-5.985999584197998,2.22153902053833,-48.366519927978516,-3.1094236373901367,2.203984022140503,-36.97220993041992,-6.189944267272949,6.274307727813721,-47.824485778808594,-3.6311960220336914,-0.795059323310852,-41.28558349609375,-6.140017509460449,5.2419352531433105,-48.19276428222656,-6.084214210510254,4.861126899719238,-48.5329475402832,-5.4291253089904785,7.623432636260986,-44.382179260253906,-5.958855152130127,4.261409282684326,-48.87919998168945,-5.521559238433838,0.39309242367744446,-48.17920684814453,-5.822550296783447,1.146284818649292,-48.703697204589844,-3.265665292739868,3.6098482608795166,-37.3887939453125,-4.737910270690918,6.2449727058410645,-41.89198684692383,-5.765843868255615,8.146401405334473,-45.76005172729492,-2.589373826980591,-0.023183336481451988,-36.810184478759766,-3.7059412002563477,-1.3052082061767578,-43.02589416503906,-5.165526390075684,-0.14006438851356506,-47.5264892578125,-4.997074604034424,-0.26659807562828064,-46.246978759765625,-5.845099449157715,1.7044800519943237,-48.940895080566406,-4.133954048156738,5.834638595581055,-40.37943649291992,-6.03378438949585,3.0406415462493896,-48.773128509521484,-2.9712700843811035,-0.7360323667526245,-38.59407043457031,-2.6492514610290527,1.8260246515274048,-36.018768310546875,-3.6102380752563477,5.983320236206055,-39.613521575927734,-3.2592387199401855,4.822334289550781,-37.83776092529297,-4.67802095413208,7.255890846252441,-42.67654800415039,-2.6478636264801025,0.7085977792739868,-36.40623092651367,-6.111034870147705,8.347161293029785,-47.165557861328125,-5.162590503692627,8.358136177062988,-44.68940353393555,-6.074376583099365,7.438823699951172,-48.04290771484375,-5.641795635223389,0.6012552380561829,-48.71141815185547,-2.8196377754211426,3.0527405738830566,-36.34678268432617,-2.54740571975708,-0.6274730563163757,-37.350833892822266,-4.869089126586914,7.845716953277588,-43.61985778808594,-6.0037841796875,7.8511223793029785,-47.57395935058594,-5.94220495223999,6.462496757507324,-48.483009338378906,-4.198134899139404,-1.1254851818084717,-45.33719253540039,-3.1169962882995605,-1.153014063835144,-39.96146774291992,-5.78795051574707,8.691728591918945,-46.45476150512695,-5.82536506652832,5.633867263793945,-48.853031158447266,-3.2751917839050293,-1.355747938156128,-41.72990798950195,-3.7992403507232666,-1.31838858127594,-43.844322204589844,-2.04245662689209,-0.05848711356520653,-35.503353118896484,-4.246003150939941,6.7930707931518555,-41.52690887451172,-2.023409128189087,1.3149746656417847,-34.808841705322266,-5.807077407836914,2.1238677501678467,-49.367862701416016,-5.677751541137695,0.9878827333450317,-49.106361389160156,-5.5520429611206055,0.5429791212081909,-49.430747985839844,-3.248745918273926,5.780320644378662,-38.62612533569336,-5.673513412475586,4.715689659118652,-49.29004669189453,-5.6400604248046875,2.6594293117523193,-49.54277420043945,-4.764770984649658,-0.7009750604629517,-47.35923385620117,-4.40140962600708,-0.9764183163642883,-46.175968170166016,-2.824763774871826,4.651345252990723,-36.924617767333984,-2.0741536617279053,2.679168939590454,-34.86787414550781,-4.118980884552002,7.265778541564941,-41.8143310546875,-3.6818459033966064,6.9256792068481445,-40.866371154785156,-5.648094654083252,3.530463218688965,-49.41672897338867,-5.646724700927734,1.2226771116256714,-49.77180862426758,-5.171743869781494,-0.3579569458961487,-48.896202087402344,-2.2844080924987793,-1.509248971939087,-37.82960510253906,-2.6333870887756348,-1.3908833265304565,-38.67450714111328,-5.889434814453125,8.413243293762207,-47.815494537353516,-2.9057364463806152,-1.5670921802520752,-40.72754669189453,-2.470719575881958,3.760373592376709,-35.85887908935547,-1.6232961416244507,0.6391781568527222,-34.22406005859375,-5.958134174346924,8.869304656982422,-47.378562927246094,-5.830782890319824,7.424325466156006,-48.5348014831543,-2.5204532146453857,-1.9300495386123657,-39.96759033203125,-3.796764612197876,-1.4481927156448364,-44.770591735839844,-3.8345565795898438,6.4062066078186035,-40.39946746826172,-4.9460248947143555,9.123555183410645,-45.20397186279297,-5.385739326477051,-0.01618974097073078,-49.616111755371094,-1.9335449934005737,-1.090027928352356,-36.26869583129883,-5.435337543487549,2.2268149852752686,-50.13044738769531,-5.463834285736084,0.34791621565818787,-50.087974548339844,-4.8572540283203125,-0.6827938556671143,-48.35181427001953,-5.70652961730957,9.63377857208252,-47.2359733581543,-1.9241183996200562,3.7310760021209717,-34.90727996826172,-1.5984443426132202,1.986156702041626,-33.93060302734375,-4.240402698516846,7.5809502601623535,-42.34519577026367,-3.0284383296966553,-1.829959750175476,-42.3593635559082,-2.069894313812256,-2.237504720687866,-38.98601531982422,-5.674241065979004,6.344635963439941,-48.95455551147461,-2.77421236038208,5.5525221824646,-37.498191833496094,-3.8492438793182373,-1.4599008560180664,-46.313419342041016,-5.251977443695068,3.988524913787842,-49.8695182800293,-3.9141793251037598,-1.3683921098709106,-45.721092224121094,-5.34148645401001,9.430414199829102,-46.217742919921875,-4.1611714363098145,7.962896347045898,-42.73133850097656,-2.0813565254211426,5.239176273345947,-36.025123596191406,-5.702841281890869,7.943872928619385,-48.592472076416016,-5.574352741241455,9.579395294189453,-48.30243682861328,-5.388725757598877,9.806978225708008,-46.74248123168945,-5.8048529624938965,8.651106834411621,-48.14558792114258,-5.4099202156066895,1.3706879615783691,-50.44735336303711,-1.1383209228515625,-0.9877467751502991,-34.21321105957031,-1.7251765727996826,-1.946462869644165,-36.989131927490234,-1.2771655321121216,1.7420563697814941,-33.26708984375,-3.219266891479492,6.844748020172119,-39.974918365478516,-5.251244068145752,2.9728150367736816,-50.12745666503906,-1.012454867362976,-2.0389885902404785,-35.041046142578125,-4.882513523101807,-0.7266793251037598,-49.693965911865234,-5.29108190536499,-0.22418168187141418,-50.19630813598633,-4.169447898864746,-1.333286166191101,-47.58491134643555,-4.028639316558838,-1.3425872325897217,-46.93814468383789,-1.925053358078003,4.944502830505371,-35.53782272338867,-1.7245088815689087,4.436831951141357,-34.91841506958008,-5.670506000518799,9.911883354187012,-47.95137405395508,-5.280564308166504,6.037456512451172,-49.33241653442383,-5.350421905517578,5.366760730743408,-49.50167465209961,-4.436849117279053,8.308876991271973,-43.449058532714844,-4.776008129119873,-0.7799085378646851,-49.09810256958008,-5.50862979888916,8.652267456054688,-48.68579864501953,-5.415714740753174,6.950133800506592,-49.1412467956543,-1.3013973236083984,3.4890377521514893,-33.61433029174805,-0.8080514073371887,0.23453941941261292,-32.93246841430664,-1.7944600582122803,-2.2841453552246094,-37.94556427001953,-4.4977126121521,8.895654678344727,-44.59552001953125,-5.48420524597168,9.231196403503418,-48.482940673828125,-5.134715557098389,-0.18581266701221466,-51.18119430541992,-1.4465609788894653,-2.5521445274353027,-37.44146728515625,-2.6327199935913086,6.133835315704346,-37.96381378173828,-2.2510035037994385,5.904149532318115,-37.024417877197266,-4.915766716003418,3.515397310256958,-50.09545135498047,-0.9167613387107849,-2.7504332065582275,-36.000484466552734,-5.143810749053955,0.7353155612945557,-51.082550048828125,-4.307496070861816,8.809615135192871,-44.01382064819336,-2.4632163047790527,-2.010148525238037,-40.826881408691406,-0.5588040947914124,1.7488162517547607,-32.05379867553711,-2.880565881729126,6.699526786804199,-39.17280960083008,-2.275996208190918,-2.2281718254089355,-41.65634536743164,-5.432983875274658,10.291831970214844,-47.129608154296875,-3.638340711593628,7.606558799743652,-41.54475402832031,-5.001551628112793,2.2075998783111572,-50.794376373291016,-5.1400580406188965,-0.2943876385688782,-50.686988830566406,-4.8922624588012695,-0.8359373211860657,-50.69810485839844,-5.068472862243652,-0.7011069059371948,-50.04738998413086,-2.824370861053467,-2.068730354309082,-44.767303466796875,-5.4133076667785645,10.623917579650879,-47.70283889770508,-0.9089107513427734,2.8077588081359863,-32.607948303222656,-5.22147274017334,7.6068220138549805,-49.218692779541016,-4.189455032348633,-1.2657434940338135,-48.54281997680664,-2.980194091796875,-1.951068639755249,-44.05537414550781,-2.5011181831359863,-2.2822482585906982,-42.867774963378906,-1.87661874294281,-2.5108418464660645,-39.75019454956055,-5.054322242736816,4.770172119140625,-49.8845329284668,-0.5620426535606384,-2.1806702613830566,-34.121116638183594,-5.391227722167969,10.385804176330566,-48.43031692504883,-4.747594356536865,9.783713340759277,-45.683780670166016,-1.0883698463439941,4.823812484741211,-33.9810791015625,-3.882108688354492,8.5389986038208,-43.071319580078125,-4.304335594177246,-1.2609976530075073,-49.12876510620117,-0.21901735663414001,-1.6646300554275513,-33.08816909790039,-2.317763328552246,6.562426567077637,-38.05370330810547,-1.7068562507629395,5.922701835632324,-36.128604888916016,-1.2514560222625732,-2.909224271774292,-38.20229721069336,-3.0251290798187256,-1.932298183441162,-45.642127990722656,-5.010959148406982,8.572632789611816,-49.234596252441406,-0.8860288858413696,-3.1147818565368652,-36.90297317504883,-4.745172500610352,10.260794639587402,-46.4861946105957,-5.1240234375,6.598175525665283,-49.414825439453125,-4.312678813934326,-1.2493864297866821,-50.01815414428711,-3.388617992401123,-1.6772687435150146,-46.778141021728516,-0.2677367031574249,-0.20813338458538055,-32.41415786743164,-3.0959596633911133,7.681970596313477,-41.03532028198242,-1.6155824661254883,6.419155597686768,-36.857139587402344,-4.380539894104004,9.42173957824707,-44.992408752441406,-0.4431211054325104,3.253662586212158,-31.715377807617188,-1.8541711568832397,-2.538898468017578,-40.66896057128906,-2.767226457595825,7.256511688232422,-40.076393127441406,-1.2221765518188477,5.496799468994141,-34.881927490234375,-5.1527419090271,10.908350944519043,-47.313255310058594,-4.79490327835083,-0.9556925296783447,-51.47903060913086,-1.0125255584716797,-3.131971836090088,-38.75563049316406,-0.6664345264434814,4.216384410858154,-32.79030227661133,-5.216639518737793,9.906615257263184,-48.637229919433594,0.16304107010364532,1.0297476053237915,-31.50691795349121,-4.759739875793457,0.28538602590560913,-51.8557014465332,-0.21328042447566986,4.33711576461792,-31.99696159362793,-3.4111249446868896,8.07900333404541,-41.98224639892578,-0.4504162669181824,-3.1298816204071045,-35.25967025756836,-1.2343637943267822,-2.9253487586975098,-39.21226501464844,-4.8042826652526855,1.3398844003677368,-51.43875503540039,-4.792422294616699,4.156071186065674,-50.15652084350586,-3.2190728187561035,-1.7649234533309937,-47.4089469909668,-2.211655378341675,-2.409308910369873,-43.5470085144043,-4.760049819946289,3.3082470893859863,-50.39453125,-3.9273462295532227,9.079780578613281,-44.0013313293457,0.16994412243366241,2.6163902282714844,-30.91915512084961,0.10692638903856277,-2.8257083892822266,-33.43013381958008,0.3993552625179291,-0.7236276268959045,-31.99032211303711,-3.445192813873291,-1.702717661857605,-48.59897232055664,0.05124485492706299,-3.598785638809204,-34.603668212890625,-1.3909376859664917,5.733237266540527,-35.382110595703125,-3.929166316986084,9.96281909942627,-45.25800704956055,-4.446983337402344,-1.0902460813522339,-51.1165885925293,-2.3267064094543457,7.307461261749268,-39.372432708740234,-3.8534939289093018,9.307351112365723,-44.719200134277344,-3.9851081371307373,-1.4324848651885986,-50.82401657104492,-2.8877689838409424,-1.9146945476531982,-46.459678649902344,-2.0507314205169678,7.003620147705078,-38.435340881347656,-0.5754017233848572,-3.51151967048645,-37.46468734741211,-3.67240571975708,-1.5671724081039429,-49.79714584350586,-4.5771708488464355,-1.1800696849822998,-51.774539947509766,-3.1283915042877197,-1.6800885200500488,-48.11486053466797,-4.345442295074463,3.853494644165039,-50.41379928588867,-4.509450435638428,3.05279803276062,-50.82523727416992,-4.93616247177124,7.8041462898254395,-49.46830368041992,-4.598674297332764,5.120996475219727,-50.10650634765625,-1.7166398763656616,-2.645073652267456,-42.05609893798828,-4.984916687011719,11.536158561706543,-48.215572357177734,-4.666254997253418,-0.26746001839637756,-52.216461181640625,-4.414122581481934,10.274306297302246,-46.00688934326172,0.07294834405183792,3.899972438812256,-31.042255401611328,0.34229883551597595,3.4120593070983887,-30.57904052734375,-5.362252235412598,10.606773376464844,-48.67082595825195,-4.170976161956787,10.781002044677734,-46.47528076171875,0.3981618285179138,-1.6982558965682983,-32.35978317260742,-1.612978219985962,6.726543426513672,-37.22972106933594,-0.4770725965499878,4.992347240447998,-33.13166809082031,-3.3349742889404297,8.796833038330078,-42.955631256103516,-1.867521047592163,-2.4683098793029785,-44.3471794128418,0.5805023908615112,1.663276195526123,-30.984569549560547,-5.2083210945129395,11.257401466369629,-48.57108688354492,-4.986317157745361,10.85442066192627,-49.02646255493164,-4.454165458679199,4.586703777313232,-50.307533264160156,-4.62279748916626,7.173970699310303,-49.71180725097656,-4.530303955078125,2.0078938007354736,-51.33995056152344,-4.598998069763184,-0.726801872253418,-52.47733688354492,-1.1752537488937378,-2.8754405975341797,-41.29518127441406,-1.1689261198043823,-2.9779751300811768,-40.17581558227539,0.17655842006206512,-4.160894870758057,-36.24959945678711,-4.800055027008057,9.47773265838623,-49.16373062133789,-4.539618968963623,11.197164535522461,-47.23426818847656,0.11805514246225357,-3.9997735023498535,-35.57230758666992,-4.778659820556641,11.14761734008789,-47.42893600463867,-4.3561882972717285,0.7747482061386108,-52.148929595947266,-3.6546826362609863,9.069175720214844,-43.8614616394043,-2.4554953575134277,7.998876571655273,-40.8325309753418,-4.652169704437256,6.548922538757324,-49.832244873046875,0.9248129725456238,-0.16613368690013885,-31.41652488708496,-4.438827991485596,5.483953475952148,-50.039451599121094,-4.311595916748047,1.5853837728500366,-51.72602462768555,-0.9917011857032776,6.27085018157959,-35.49263381958008,0.13110961019992828,4.8645219802856445,-31.889556884765625,-4.4226155281066895,2.476905107498169,-51.14753341674805,-1.005181908607483,6.589399337768555,-36.16952896118164,-0.7042803168296814,5.61289119720459,-34.21278762817383,-4.37596321105957,6.238759994506836,-49.85862350463867,-2.87209415435791,8.343388557434082,-41.96858215332031,-2.403366804122925,8.316229820251465,-41.24679183959961,0.8880450129508972,-2.910395383834839,-32.49164581298828,-4.790310382843018,10.154845237731934,-48.922428131103516,-2.212221384048462,7.670287132263184,-40.19389343261719,-2.001638650894165,-2.344343662261963,-45.10633850097656,-4.829201698303223,12.059649467468262,-48.662574768066406,-1.3145726919174194,7.060473442077637,-37.54689025878906,-4.607053756713867,8.573259353637695,-49.44608688354492,0.6028878092765808,4.2069597244262695,-30.300678253173828,-4.679381370544434,11.91690444946289,-47.925628662109375,-4.035109519958496,10.505075454711914,-45.98078155517578,0.25439298152923584,-4.152052879333496,-37.17607116699219,-3.315088987350464,9.378300666809082,-43.759403228759766,-2.723763942718506,-1.856848955154419,-47.761146545410156,-1.4800307750701904,-2.8094727993011475,-42.753597259521484,0.5640057325363159,-3.5962717533111572,-33.4330940246582,-4.3090386390686035,0.28778231143951416,-52.29640197753906,-1.5052471160888672,7.134429931640625,-37.92008590698242,-0.2621556520462036,-3.7182610034942627,-38.15948486328125,-4.4632086753845215,7.990714073181152,-49.55899429321289,-3.2846519947052,9.604194641113281,-44.69647979736328,-4.109375,-1.5624265670776367,-52.075721740722656,-1.7178593873977661,7.281200408935547,-38.64103317260742,-3.4189131259918213,-1.357696771621704,-51.68032455444336,0.9673601984977722,-4.458509922027588,-33.784141540527344,0.6765030026435852,-4.385605812072754,-34.755977630615234,1.33747136592865,0.5800695419311523,-30.90587043762207,-1.9413394927978516,7.589151859283447,-39.53699493408203,-4.277029514312744,3.551628828048706,-50.64231872558594,-4.103926181793213,3.7814104557037354,-50.39857864379883,-0.24492840468883514,-3.649622917175293,-39.02973556518555,0.9241899251937866,2.6556289196014404,-30.30459213256836,1.0734645128250122,-1.541127324104309,-31.838651657104492,1.402838110923767,1.2525217533111572,-30.738502502441406,-2.802171230316162,-1.8070127964019775,-48.90122985839844,-2.2065298557281494,-2.0457708835601807,-46.446632385253906,-0.35421401262283325,6.337040901184082,-34.80752944946289,-4.525433540344238,7.486782073974609,-49.623329162597656,-4.210207939147949,-0.6209306120872498,-52.99333953857422,-4.152037143707275,1.0451064109802246,-51.98067092895508,0.7807101011276245,4.869921684265137,-30.806541442871094,-4.24444580078125,-1.490800142288208,-52.937374114990234,-4.3277740478515625,9.888323783874512,-49.20170211791992,0.9052607417106628,-0.7936887741088867,-31.77444839477539,-4.569310188293457,11.495392799377441,-48.3588981628418,-3.2790420055389404,-1.6071475744247437,-50.88885498046875,1.2254830598831177,-3.5828771591186523,-32.745548248291016,-2.6664891242980957,8.914775848388672,-42.679237365722656,-0.03244609013199806,6.1750969886779785,-34.072837829589844,-0.02591913938522339,5.660490036010742,-33.303035736083984,-1.3721708059310913,-2.711202383041382,-43.32033157348633,-4.248175621032715,11.58935832977295,-48.00843048095703,-0.889738917350769,6.89238166809082,-36.85807418823242,-4.286594390869141,10.898933410644531,-48.92445755004883,-0.21746762096881866,-3.4655368328094482,-39.60261154174805,-4.4431681632995605,9.290786743164062,-49.32841873168945,1.1171717643737793,3.9836816787719727,-29.697526931762695,-4.148994445800781,2.554919958114624,-51.1416015625,-1.354263424873352,-2.6393580436706543,-43.95444107055664,-4.086745738983154,4.282813549041748,-50.405460357666016,-4.233023643493652,-0.05851565673947334,-52.5811767578125,-4.12033224105835,3.233309745788574,-50.75938415527344,1.2058384418487549,4.866663932800293,-29.776782989501953,-4.112443447113037,5.735527992248535,-50.049583435058594,-2.1913323402404785,-1.836307406425476,-48.11179733276367,1.2514365911483765,-4.319068431854248,-33.221824645996094,-4.063172340393066,4.964203357696533,-50.32162857055664,-0.399694561958313,-3.3511297702789307,-40.11928939819336,-4.01988410949707,6.87194299697876,-49.839561462402344,0.30273157358169556,5.4761576652526855,-32.42381286621094,1.242331624031067,3.420851707458496,-29.760332107543945,-1.0124341249465942,-2.9488017559051514,-42.08318328857422,-0.7057276368141174,-3.0211164951324463,-40.893375396728516,-4.0517778396606445,1.3745131492614746,-51.71107482910156,1.667596697807312,-2.0679056644439697,-31.79740333557129,0.887297511100769,-4.652316570281982,-35.642417907714844,-3.7008426189422607,10.96841812133789,-46.7273063659668,-4.026249408721924,-1.4564416408538818,-53.3693733215332,-2.6512856483459473,-1.7969045639038086,-49.540565490722656,-2.9877450466156006,-1.7113806009292603,-50.188873291015625,-4.226681232452393,11.28971004486084,-48.543487548828125,-3.7819433212280273,-1.718932032585144,-52.61084747314453,-2.185513973236084,8.581981658935547,-41.95068359375,-1.6670775413513184,7.970775127410889,-40.206748962402344,1.2800639867782593,-4.891000270843506,-34.35303497314453,-1.1588239669799805,7.439454078674316,-38.320953369140625,-3.5074691772460938,10.552441596984863,-46.09931182861328,-4.152074813842773,8.3300142288208,-49.67112350463867,1.502690076828003,4.686466217041016,-29.295166015625,-4.120650291442871,10.526015281677246,-49.04643249511719,-4.004263401031494,7.6025590896606445,-49.772464752197266,-3.9463539123535156,6.329032897949219,-49.95856857299805,-2.858736038208008,9.642651557922363,-44.509700775146484,-1.4501368999481201,7.536745071411133,-39.01072311401367,-3.8448102474212646,3.015169858932495,-51.036094665527344,-3.908851146697998,3.5139243602752686,-50.77406692504883,-3.6724164485931396,0.23179703950881958,-52.418670654296875,-3.985562324523926,2.0347232818603516,-51.5861701965332,1.8494659662246704,-0.5904328227043152,-31.30876922607422,0.41211554408073425,6.078367710113525,-33.43889236450195,-1.495613694190979,-2.1413888931274414,-45.96923065185547,1.901639461517334,1.951650619506836,-30.15768814086914,1.3965892791748047,-3.052229166030884,-32.26865005493164,0.8177409768104553,-4.297613143920898,-38.1699333190918,-3.6960036754608154,2.342895030975342,-51.458683013916016,-3.7716610431671143,0.6428147554397583,-52.39772415161133,-2.542778253555298,9.345836639404297,-43.61330795288086,-3.7297849655151367,4.69264030456543,-50.442623138427734,-0.7889731526374817,7.324521541595459,-37.61640167236328,-3.647495985031128,1.4002306461334229,-51.960350036621094,-3.700021982192993,1.7969955205917358,-51.72739791870117,-3.993757486343384,11.435123443603516,-48.05906677246094,-3.3567566871643066,-1.469257116317749,-52.348228454589844,0.17110733687877655,-3.281766653060913,-40.89051818847656,-3.4484970569610596,4.006155490875244,-50.60572814941406,-0.39990779757499695,-3.1672496795654297,-41.67606735229492,-0.4402858316898346,6.851555824279785,-36.001277923583984,1.0213093757629395,5.37431526184082,-31.271635055541992,-3.4654595851898193,2.672427177429199,-51.29024887084961,-3.8815817832946777,9.007245063781738,-49.47974395751953,-1.9046627283096313,-1.9268724918365479,-47.397457122802734,-1.199893832206726,7.709295272827148,-39.00420379638672,0.36662209033966064,6.523601531982422,-34.37098693847656,-3.615065336227417,6.099135875701904,-50.07421112060547,-1.288420557975769,7.9485368728637695,-39.80817794799805,1.783663034439087,-0.042235806584358215,-31.031686782836914,-3.578132390975952,-1.1453993320465088,-52.52334976196289,-2.357393980026245,-1.6305806636810303,-48.735435485839844,-0.8986541628837585,-2.4854156970977783,-44.769893646240234,-3.611772060394287,0.9014512300491333,-52.12771987915039,0.8657909035682678,6.023812770843506,-32.566917419433594,-3.7222540378570557,-0.576313316822052,-52.67072296142578,1.0895166397094727,5.7472147941589355,-31.779178619384766,-3.910007953643799,5.593701362609863,-49.93179702758789,-1.9435702562332153,8.793468475341797,-42.21199035644531,1.318661093711853,-4.985482692718506,-35.15949249267578,1.8085033893585205,-4.118438720703125,-32.65752029418945,-3.52752685546875,9.477806091308594,-49.14400863647461,1.2332144975662231,-4.833340644836426,-36.23033142089844,1.8527542352676392,-5.213713645935059,-33.24711990356445,-2.805257797241211,10.10772705078125,-45.52311706542969,-3.559718132019043,5.689846515655518,-50.208656311035156,0.0809599980711937,6.854915618896484,-35.54590606689453,1.9501968622207642,3.200007200241089,-29.413984298706055,-3.515223264694214,-0.42632484436035156,-52.698394775390625,1.707993984222412,5.260839939117432,-29.83515739440918,1.7910701036453247,-5.324696063995361,-33.85089874267578,1.9147169589996338,-4.8705854415893555,-32.9253044128418,-3.7135865688323975,9.915961265563965,-49.11289596557617,-1.6612427234649658,8.518913269042969,-41.23961639404297,-0.7457931637763977,-2.834489345550537,-43.296722412109375,-3.5836870670318604,11.121216773986816,-47.75347137451172,-1.7892626523971558,9.08069896697998,-43.06401824951172,-1.6926321983337402,-2.1071107387542725,-46.48131561279297,-3.4640090465545654,5.014116287231445,-50.45170211791992,-0.32755163311958313,-3.1137807369232178,-42.36846160888672,-3.7067577838897705,10.812061309814453,-48.64107131958008,-1.3364695310592651,8.22555160522461,-40.48902130126953,2.1331796646118164,0.44897666573524475,-30.77581024169922,-0.2970331609249115,7.115749359130859,-36.83134078979492,2.477604627609253,2.7008414268493652,-29.62432861328125,0.7683378458023071,-3.952981948852539,-39.34772872924805,-3.464998722076416,3.4993090629577637,-50.778385162353516,-3.1311137676239014,10.648776054382324,-46.74492645263672,1.5083242654800415,5.567946910858154,-30.911527633666992,-2.6475305557250977,-1.3699400424957275,-51.365901947021484,1.9609489440917969,3.6518757343292236,-29.327754974365234,-3.534027338027954,8.246201515197754,-49.73794174194336,-3.3734869956970215,7.177745819091797,-49.671817779541016,-3.2396628856658936,6.831262588500977,-49.853633880615234,2.1744253635406494,5.360103607177734,-28.784435272216797,-1.0728120803833008,-2.3305506706237793,-45.405662536621094,2.213416576385498,-2.128162384033203,-31.675142288208008,2.5065689086914062,-1.456275463104248,-31.518709182739258,2.2708475589752197,-2.603172779083252,-32.002647399902344,0.961986243724823,6.330770492553711,-33.29087829589844,2.351346731185913,-3.1587862968444824,-31.996240615844727,-2.379526138305664,-1.5477919578552246,-50.348182678222656,-1.8927806615829468,9.385005950927734,-44.416236877441406,0.7172155976295471,6.46491813659668,-33.8886833190918,-3.0491461753845215,0.15352259576320648,-52.37892532348633,-3.1369597911834717,2.959038257598877,-51.146244049072266,0.817844033241272,-4.126357078552246,-38.80680847167969,1.4000873565673828,-4.709781646728516,-36.998008728027344,-0.7834993004798889,7.774504661560059,-39.073917388916016,2.1433422565460205,4.236212253570557,-29.29010772705078,-2.7826149463653564,4.150609970092773,-50.67304611206055,-2.954724073410034,-0.8309528231620789,-52.39715576171875,-2.263169527053833,9.618023872375488,-44.97566604614258,-0.1564551740884781,7.4620561599731445,-37.708335876464844,-3.3346409797668457,10.367701530456543,-48.65523910522461,-3.046956777572632,8.905593872070312,-49.19580078125,-2.7462635040283203,3.6447458267211914,-50.64599609375,2.8084511756896973,-4.265469074249268,-32.204280853271484,2.4577884674072266,1.273760437965393,-30.422527313232422,-3.0189664363861084,10.597298622131348,-48.01659393310547,2.75338077545166,-5.9516425132751465,-32.964569091796875,0.8384462594985962,6.8440680503845215,-35.08683776855469,-0.8220505714416504,8.272161483764648,-40.54707717895508,-2.7544949054718018,1.392662763595581,-51.738643646240234,0.8306946158409119,-3.6511101722717285,-40.17100524902344,3.1097588539123535,-5.03623104095459,-32.40926742553711,2.804145574569702,-0.10334481298923492,-31.019195556640625,-1.1346148252487183,8.751347541809082,-42.11223220825195,-2.6202940940856934,-1.1002153158187866,-52.0692138671875,-3.0081446170806885,6.166950702667236,-50.06325149536133,-2.7826485633850098,4.902385711669922,-50.37099838256836,-1.6026217937469482,9.110093116760254,-43.892120361328125,2.481513023376465,-5.705593109130859,-34.71338653564453,2.4782705307006836,-5.849226951599121,-33.545841217041016,-2.775545597076416,3.337021589279175,-50.90437698364258,-1.7616888284683228,-1.492058277130127,-48.84086608886719,2.0287022590637207,-5.321017265319824,-35.766727447509766,-0.5707964301109314,7.996157169342041,-39.631103515625,1.5102001428604126,6.203242301940918,-32.54818344116211,2.5534229278564453,4.706491947174072,-29.063579559326172,2.727306604385376,0.7177388072013855,-30.836313247680664,-2.534255027770996,7.06176233291626,-49.516109466552734,1.6867488622665405,5.8951945304870605,-31.446067810058594,-1.2284616231918335,-1.9170684814453125,-47.04281234741211,-1.2030733823776245,8.882875442504883,-43.05815505981445,-0.4788523018360138,-2.5327072143554688,-44.35779571533203,-0.29638418555259705,7.744529724121094,-38.8155517578125,1.202003836631775,6.702467441558838,-34.569496154785156,-2.215979814529419,9.970525741577148,-46.449546813964844,-1.3899115324020386,-1.7250440120697021,-47.79306411743164,2.4767820835113525,-0.7149317264556885,-31.16827392578125,-2.877566337585449,7.860443592071533,-49.55596923828125,3.0444905757904053,-1.7416605949401855,-31.556751251220703,0.393564909696579,7.134250640869141,-36.46078109741211,1.817922830581665,-5.030463695526123,-36.50376892089844,2.1139166355133057,5.6602463722229,-30.304553985595703,2.5719785690307617,2.01181960105896,-29.98394012451172,-2.4334561824798584,2.6334054470062256,-51.13656997680664,-1.7356699705123901,-1.1007201671600342,-50.33055114746094,-1.3503854274749756,-1.268460750579834,-49.200679779052734,-2.0741043090820312,9.76538372039795,-45.489654541015625,2.787623405456543,-2.191524028778076,-31.84735679626465,2.3954648971557617,5.439293384552002,-29.345291137695312,2.4258086681365967,5.2491631507873535,-27.558691024780273,2.547942638397217,5.473817348480225,-27.86083984375,2.750915050506592,5.401947021484375,-28.55364990234375,3.375182628631592,-5.356280326843262,-32.37843704223633,2.5767154693603516,3.9033093452453613,-28.84699058532715,0.6041496992111206,-3.0810561180114746,-42.19767379760742,2.5106215476989746,5.0555949211120605,-28.49831771850586,2.463963508605957,-5.683342456817627,-34.17170333862305,2.928109884262085,4.615555286407471,-28.405046463012695,2.832097291946411,4.819637775421143,-27.91783332824707,-2.6742844581604004,9.902090072631836,-48.322147369384766,-2.413869619369507,-0.6363239288330078,-52.031368255615234,-0.7072687149047852,-2.016679286956787,-46.07684326171875,-2.3264641761779785,9.898025512695312,-47.75851821899414,-2.180751323699951,9.93481731414795,-47.09715270996094,-0.07739444822072983,-2.6426148414611816,-43.621456146240234,3.211905002593994,1.2828118801116943,-30.402185440063477,1.7638537883758545,-4.617873668670654,-37.66678237915039,2.939301013946533,-3.3506391048431396,-31.9284725189209,-2.3252880573272705,0.4696560204029083,-51.82870864868164,3.10941219329834,3.391543388366699,-29.290843963623047,1.7152007818222046,-4.160275936126709,-39.02297592163086,2.0149810314178467,6.212111949920654,-32.367794036865234,2.3299005031585693,5.94481086730957,-31.130081176757812,0.9762194752693176,7.128423690795898,-36.61488723754883,2.9111766815185547,-2.7149837017059326,-31.839445114135742,-1.4876208305358887,9.422050476074219,-45.63798904418945,-0.7804597020149231,-1.4171438217163086,-47.941253662109375,-0.23332162201404572,-2.1570968627929688,-45.234954833984375,1.0923057794570923,-3.2920432090759277,-41.06719207763672,3.1968765258789062,-1.2730305194854736,-31.431249618530273,3.320906639099121,-4.203174591064453,-32.086692810058594,0.411493718624115,-2.793034553527832,-43.16867446899414,-1.856885313987732,8.543535232543945,-48.572269439697266,-2.046893835067749,6.503359794616699,-49.61874771118164,-2.2267584800720215,5.278688907623291,-50.10631561279297,3.112255096435547,-6.021692276000977,-33.67826461791992,0.4283785820007324,7.625935077667236,-38.50801467895508,1.7115939855575562,6.501410007476807,-33.64341735839844,2.9675240516662598,3.9314560890197754,-28.74663734436035,2.9779677391052246,5.152660846710205,-28.31122398376465,-1.7875542640686035,-0.5480093955993652,-51.03706359863281,2.6719484329223633,5.935107231140137,-30.772777557373047,3.230642080307007,1.9561488628387451,-30.059215545654297,-1.946334719657898,4.4970383644104,-50.35651779174805,3.489947557449341,-6.375612258911133,-32.8781852722168,0.043044403195381165,8.182390213012695,-40.75120544433594,-0.5404307246208191,8.590773582458496,-42.250518798828125,0.10735269635915756,7.870031833648682,-39.4575309753418,-0.708625316619873,-1.6513619422912598,-47.32445526123047,-1.7473872900009155,0.06765924394130707,-51.36691665649414,2.492262363433838,6.076868534088135,-31.8260555267334,2.748246908187866,5.7852983474731445,-30.118749618530273,3.1642744541168213,2.5544204711914062,-29.696208953857422,-2.108362913131714,8.04555606842041,-48.87104797363281,0.3836410641670227,-2.401036262512207,-44.076416015625,2.9605724811553955,5.506551742553711,-29.874736785888672,3.1800928115844727,-3.434236764907837,-32.07176971435547,-1.8545852899551392,2.0929746627807617,-51.03351593017578,3.437525510787964,-0.3531085252761841,-31.161020278930664,2.75526762008667,-5.478341102600098,-35.823997497558594,-0.8788439035415649,8.826220512390137,-44.4141845703125,-2.1267144680023193,9.403468132019043,-48.07576370239258,-1.9338500499725342,3.9978764057159424,-50.428245544433594,-0.40653741359710693,-1.8107279539108276,-46.45512771606445,2.4540512561798096,-4.706691265106201,-37.48915100097656,3.4924862384796143,-6.281776428222656,-33.99462127685547,-0.8402794003486633,-1.1274375915527344,-48.525150299072266,1.6070936918258667,-3.8581886291503906,-39.653194427490234,-2.1277120113372803,8.959425926208496,-48.3968505859375,1.0739227533340454,7.3266730308532715,-38.0168571472168,1.709618330001831,6.768350601196289,-35.247314453125,3.210977554321289,5.131950378417969,-28.812925338745117,3.439239978790283,-2.640001058578491,-31.83197593688965,3.4672513008117676,-3.2312543392181396,-31.94355010986328,-1.4495363235473633,1.5840882062911987,-50.842708587646484,0.7870290279388428,-2.4283814430236816,-43.54373550415039,-1.7185401916503906,3.5268232822418213,-50.54747009277344,1.7906529903411865,-3.6071994304656982,-40.26513671875,3.4255824089050293,4.779448986053467,-28.9659481048584,2.810553789138794,5.948643207550049,-31.473798751831055,3.4591245651245117,3.9923603534698486,-29.258377075195312,3.3847482204437256,0.8591251373291016,-30.863080978393555,3.937180519104004,-6.052534103393555,-32.75924301147461,2.611109733581543,6.195435047149658,-32.965518951416016,2.2772109508514404,6.365911483764648,-33.50929260253906,-0.9157297015190125,-0.9656370878219604,-49.21218490600586,3.938754081726074,-4.539609909057617,-32.2437629699707,-1.067088007926941,-0.5128946304321289,-50.042057037353516,0.234163299202919,-1.6898475885391235,-45.70448684692383,-1.5886927843093872,9.217815399169922,-47.29452133178711,-1.2224699258804321,0.7635044455528259,-50.786251068115234,-1.474749207496643,7.214056015014648,-48.86313247680664,3.2933106422424316,-5.986520767211914,-34.66632080078125,2.999324083328247,-4.9399495124816895,-36.92038345336914,3.6599297523498535,-1.1345261335372925,-31.52667236328125,3.8982527256011963,-2.7492570877075195,-31.930339813232422,3.4653027057647705,5.317753314971924,-29.09488868713379,3.7867705821990967,-3.779686212539673,-32.08674240112305,3.564730644226074,2.72432017326355,-29.943992614746094,0.6308256387710571,-2.0807199478149414,-44.38747787475586,1.6342474222183228,-2.980736494064331,-41.62468719482422,-0.3488912880420685,8.535470008850098,-43.50932693481445,4.010727405548096,-5.842270851135254,-32.42428970336914,1.8531684875488281,6.847546100616455,-36.29390335083008,1.433456301689148,7.126737594604492,-37.462276458740234,3.24892258644104,5.321776866912842,-29.505037307739258,2.59877872467041,-4.242982864379883,-38.26448440551758,3.933405637741089,-3.3671138286590576,-31.93852996826172,3.529405355453491,-5.842750549316406,-35.040733337402344,3.995685577392578,-6.491464614868164,-32.84433364868164,-1.5109367370605469,8.79166030883789,-47.8809928894043,-1.3018299341201782,5.225601673126221,-49.662353515625,-0.16614478826522827,-0.9993417263031006,-47.81304931640625,3.9306857585906982,1.8057798147201538,-30.65475845336914,0.04413831979036331,-1.4266103506088257,-46.74259567260742,4.162881374359131,-6.59291934967041,-33.24782943725586,2.3590407371520996,-3.850592851638794,-39.24646759033203,-1.1339983940124512,8.961321830749512,-46.541934967041016,1.0542659759521484,7.57116174697876,-39.434364318847656,1.0986111164093018,-2.5967929363250732,-42.976470947265625,3.5696792602539062,5.339360237121582,-30.27408218383789,3.6910414695739746,-1.8942272663116455,-31.893415451049805,3.8381235599517822,1.1641871929168701,-30.947776794433594,4.278428554534912,-5.021594047546387,-32.19728088378906,0.5809061527252197,7.994936466217041,-40.75577163696289,3.394911289215088,-4.961784839630127,-36.699058532714844,3.9611849784851074,0.24700607359409332,-31.437175750732422,1.8777446746826172,-3.2663204669952393,-40.82674026489258,2.6240451335906982,6.3683695793151855,-34.49790954589844,-0.7653635740280151,8.71649169921875,-45.40963363647461,0.9332624673843384,-1.7328088283538818,-44.81507110595703,2.3169422149658203,-3.6457698345184326,-39.725303649902344,0.9086917042732239,-1.3120077848434448,-45.40550231933594,3.302840232849121,-5.340253829956055,-36.09614562988281,3.8773353099823,3.1620140075683594,-29.964622497558594,0.11563292145729065,8.252035140991211,-42.43059539794922,-0.6929692625999451,3.1289055347442627,-49.84489822387695,0.0618034303188324,8.098870277404785,-44.77703857421875,3.9607012271881104,-6.252278804779053,-34.1202507019043,3.89994215965271,3.7781436443328857,-29.79842758178711,-0.8557306528091431,7.686233043670654,-47.81291198730469,3.2487382888793945,-4.480056285858154,-37.51591110229492,4.038320064544678,-1.5350850820541382,-32.163169860839844,1.621372938156128,-2.5997211933135986,-42.432369232177734,-0.9485828280448914,8.61945915222168,-47.0926628112793,4.20473575592041,-4.436001300811768,-32.19337844848633,3.9874484539031982,4.226702690124512,-30.075590133666992,-0.7800930142402649,4.061387062072754,-49.69865417480469,3.929776430130005,4.905080795288086,-29.67707061767578,4.52319860458374,-6.2328715324401855,-32.38625717163086,4.464334011077881,-6.834751605987549,-32.790504455566406,-0.6117423176765442,0.45778852701187134,-49.9609260559082,-0.790216863155365,8.18746566772461,-47.51164627075195,-0.11527831107378006,-0.3049216866493225,-48.531558990478516,4.11314582824707,2.369020700454712,-30.539758682250977,3.3307406902313232,-4.244965076446533,-37.879547119140625,3.9309163093566895,-1.0691622495651245,-31.723573684692383,3.238576650619507,5.822230815887451,-32.325809478759766,-0.16683657467365265,0.3678010404109955,-49.26923751831055,1.17534601688385,-1.9506840705871582,-44.10443878173828,2.4589626789093018,6.534831523895264,-35.904685974121094,-0.9414582848548889,6.791360855102539,-48.603302001953125,1.690749168395996,-2.122722625732422,-43.16897201538086,1.842236876487732,7.0887861251831055,-38.75236511230469,4.362565994262695,-2.2413907051086426,-32.09127426147461,4.276588439941406,-3.9075121879577637,-32.22532653808594,-0.4928995966911316,8.329120635986328,-45.87594985961914,0.8755196928977966,7.8178839683532715,-41.5154914855957,4.439352035522461,-7.05776834487915,-32.541587829589844,4.469147682189941,-3.1205129623413086,-32.2703971862793,3.858287811279297,-5.474026203155518,-35.52189636230469,4.278242588043213,-0.6273788213729858,-31.75368309020996,-0.5520960092544556,1.4237878322601318,-49.98059844970703,-0.6851692795753479,5.275081157684326,-49.09514236450195,0.5865548253059387,-0.8865315318107605,-46.67362976074219,3.8935816287994385,5.301917552947998,-31.38719940185547,0.528749406337738,7.8359904289245605,-43.71757888793945,-0.1657324582338333,1.9023336172103882,-49.511898040771484,2.850956678390503,-3.3068535327911377,-39.92506408691406,3.2274441719055176,-3.840756416320801,-38.49995803833008,4.272466659545898,-6.089810848236084,-34.07418441772461,4.643199443817139,-5.422915458679199,-32.4466552734375,-0.3541177809238434,8.336163520812988,-46.27492141723633,1.4502698183059692,7.419508457183838,-40.22859191894531,4.123763561248779,0.9983041882514954,-31.256122589111328,2.882667064666748,6.287008762359619,-35.37582778930664,4.424600124359131,-1.2050563097000122,-32.258201599121094,4.199377536773682,3.2103137969970703,-30.429059982299805,2.122633457183838,6.774081707000732,-37.356781005859375,-0.39370229840278625,7.521220684051514,-47.18938064575195,4.224707126617432,-5.6421308517456055,-34.91926193237305,4.778712272644043,-6.511478900909424,-32.79666519165039,0.21320107579231262,0.2133653461933136,-48.45650863647461,3.8897957801818848,-4.991321086883545,-36.16870880126953,4.4471845626831055,0.37304452061653137,-31.86435317993164,2.6786065101623535,-3.0145113468170166,-40.58442687988281,4.710780620574951,-4.726099491119385,-32.4490966796875,4.829866886138916,-6.684209823608398,-32.43690490722656,4.269183158874512,4.721216201782227,-30.57411766052246,2.4857969284057617,-2.61364483833313,-41.49692153930664,3.094316005706787,-3.466273784637451,-39.096092224121094,4.532569408416748,-2.5055882930755615,-32.32830810546875,4.974844455718994,-7.335752010345459,-32.652225494384766,-0.1988125443458557,6.328537464141846,-47.9020881652832,2.2923498153686523,-2.1710119247436523,-42.42310333251953,4.898723602294922,-5.698376655578613,-33.082618713378906,3.747220754623413,5.599716663360596,-33.70524215698242,4.4917683601379395,0.8865851759910583,-31.494003295898438,4.685215950012207,-6.012500762939453,-33.429412841796875,4.562821865081787,2.8924500942230225,-30.964107513427734,4.224250793457031,4.875665187835693,-30.881589889526367,4.502468109130859,1.6101491451263428,-31.318716049194336,5.179734706878662,-7.065433025360107,-32.45946502685547,4.597815990447998,-1.6362531185150146,-32.28468704223633,4.9681549072265625,-5.355974197387695,-32.81945037841797,4.9473466873168945,-6.089666843414307,-32.76215744018555,0.45478060841560364,7.95759391784668,-44.72978210449219,4.032258987426758,5.307363033294678,-32.63706970214844,-0.01819939725100994,7.429752349853516,-46.31626892089844,4.971573352813721,-4.239983558654785,-32.75426483154297,4.451685428619385,3.7940492630004883,-31.04363441467285,-0.15752285718917847,4.732888698577881,-48.720619201660156,0.16406744718551636,7.844575881958008,-45.740013122558594,0.7225172519683838,0.49251532554626465,-47.7739143371582,1.1010656356811523,-0.17839625477790833,-46.59959030151367,1.199361801147461,-0.7149073481559753,-45.837257385253906,-0.024404112249612808,3.151470422744751,-49.096435546875,3.83648419380188,-4.446915149688721,-36.982933044433594,4.8637590408325195,-0.5283283591270447,-32.51221466064453,0.40299439430236816,1.0346146821975708,-48.620052337646484,4.627608776092529,-5.193031311035156,-35.19025802612305,4.8979573249816895,-5.349055290222168,-34.297332763671875,1.282768726348877,7.330474853515625,-42.13027572631836,1.983504056930542,-1.198625087738037,-44.09386444091797,3.642777681350708,5.677306175231934,-34.60238265991211,4.809815883636475,-3.437868118286133,-32.574893951416016,4.785531520843506,-2.0053024291992188,-32.49093246459961,0.041801817715168,6.847238540649414,-47.03657531738281,2.537456512451172,6.442385673522949,-37.70594787597656,5.180732250213623,-5.910800457000732,-33.202186584472656,1.3209810256958008,7.46925163269043,-42.7759895324707,2.311671257019043,6.789888381958008,-39.96389389038086,0.3476133346557617,5.983926296234131,-47.268978118896484,4.900744915008545,-2.866093158721924,-32.69853973388672,4.391561508178711,4.149241924285889,-31.43381118774414,0.681645393371582,7.5880656242370605,-45.04301834106445,1.613304853439331,-0.5923857092857361,-45.257347106933594,3.4206016063690186,5.809617519378662,-36.913394927978516,4.410450458526611,4.919123649597168,-31.94737434387207,4.7181220054626465,-4.547144889831543,-35.86455154418945,4.765961170196533,2.467921733856201,-31.723426818847656,0.5110347867012024,2.7585105895996094,-48.52136993408203,0.318622887134552,5.109915733337402,-47.85262680053711,4.125285625457764,-3.7418556213378906,-37.661190032958984,4.022909641265869,-4.130916118621826,-37.258949279785156,4.999966621398926,-1.1316126585006714,-32.626399993896484,0.7467567324638367,7.020116806030273,-45.31638717651367,0.8817611932754517,6.447714805603027,-45.81849670410156,4.884011268615723,1.044500470161438,-32.06547927856445,3.7926323413848877,-3.416294813156128,-38.55318832397461,0.5835977792739868,6.379323482513428,-46.482696533203125,0.4838866591453552,4.314564228057861,-48.04218292236328,1.2027673721313477,7.346188068389893,-43.705440521240234,4.535318374633789,4.491100311279297,-32.107627868652344,3.129768133163452,-2.4874815940856934,-40.86798095703125,3.4409780502319336,-2.5999958515167236,-40.17369079589844,3.785754919052124,5.578060150146484,-35.89118194580078,5.022010803222656,0.18139858543872833,-32.77531433105469,2.917405366897583,6.028159141540527,-37.995262145996094,4.72052001953125,3.3645129203796387,-32.19651794433594,5.2855634689331055,-4.61754846572876,-33.07718276977539,0.9169661402702332,1.857425570487976,-47.84263610839844,2.6007282733917236,-1.0647398233413696,-43.19810104370117,3.6936280727386475,-2.6453773975372314,-39.39542770385742,4.620299816131592,-4.165035724639893,-36.46648025512695,1.334471583366394,0.8342155814170837,-46.858619689941406,1.8328410387039185,7.242956161499023,-41.66319274902344,4.416879177093506,4.969966411590576,-33.80198669433594,5.434653282165527,-4.123974800109863,-33.27096939086914,5.184179306030273,-4.7873311042785645,-33.516422271728516,5.330625057220459,-5.258856773376465,-33.699790954589844,1.0292837619781494,4.699721813201904,-46.92043685913086,5.151116847991943,-1.9681477546691895,-32.9215202331543,1.2102930545806885,6.506293773651123,-44.950225830078125,0.9212992787361145,3.469374895095825,-47.652626037597656,1.4933372735977173,6.841141223907471,-43.286869049072266,0.9004197120666504,5.586145877838135,-46.50934982299805,5.297322750091553,-3.2139995098114014,-33.198211669921875,3.196016311645508,-1.79212486743927,-41.681583404541016,1.837583303451538,0.18454785645008087,-45.57144546508789,2.1799356937408447,-0.013268587179481983,-44.699317932128906,5.125758647918701,-4.896627426147461,-34.794124603271484,5.234899997711182,-5.298463821411133,-34.27312088012695,1.3907666206359863,1.2518163919448853,-46.91508483886719,2.6670074462890625,6.71656608581543,-39.89067459106445,4.938256740570068,4.2104716300964355,-32.950103759765625,2.3597524166107178,6.630584716796875,-41.292518615722656,4.717614650726318,4.703997611999512,-33.2863883972168,5.006197929382324,2.0424492359161377,-32.30698776245117,5.013129234313965,2.635802745819092,-32.57786560058594,5.514116287231445,-2.7362022399902344,-33.62285232543945,5.185986518859863,1.1553701162338257,-32.780494689941406,1.831244945526123,6.479654312133789,-42.51414489746094,2.7664194107055664,-0.06576890498399734,-43.65782928466797,1.3174808025360107,5.198538780212402,-45.96220779418945,1.4741911888122559,2.2805612087249756,-46.822509765625,1.7121057510375977,6.120243072509766,-44.00735855102539,2.077282190322876,6.049980163574219,-42.83268737792969,4.281818866729736,-2.194176197052002,-39.04298400878906,1.4920157194137573,5.7851152420043945,-45.081085205078125,5.1853508949279785,-3.59405779838562,-36.129234313964844,5.346311092376709,-4.269954681396484,-33.96712875366211,3.150315761566162,6.175294399261475,-38.18219757080078,5.375053882598877,-0.22774207592010498,-33.24842834472656,4.972907066345215,3.5925989151000977,-33.182010650634766,4.4451446533203125,-2.924529552459717,-38.0617561340332,5.37763786315918,-4.198568820953369,-35.29507064819336,1.4013206958770752,3.727308988571167,-46.68486022949219,1.8565340042114258,1.6177130937576294,-46.061798095703125,5.509568214416504,-4.761872291564941,-34.42224884033203,3.9745712280273438,-2.011259078979492,-39.66603088378906,1.6692286729812622,2.9435105323791504,-46.391605377197266,3.9327456951141357,5.6598801612854,-36.322776794433594,1.9993914365768433,5.2864460945129395,-44.30060958862305,1.5339386463165283,4.372687816619873,-46.10710525512695,5.592836380004883,-1.6469231843948364,-33.88894271850586,2.4196181297302246,1.3431353569030762,-44.81589126586914,4.788029670715332,-3.0991673469543457,-37.30093765258789,5.556399822235107,-0.9596582055091858,-33.785064697265625,3.183363676071167,6.006659507751465,-38.98990249633789,3.560180187225342,5.719441890716553,-37.71955490112305,4.38990592956543,5.19453239440918,-34.70083999633789,5.156136512756348,2.975062131881714,-33.4792366027832,2.8747000694274902,6.282417297363281,-40.36196517944336,5.346227645874023,1.3128035068511963,-33.360755920410156,2.272594690322876,5.210247993469238,-43.54389190673828,3.284111499786377,-0.7685430645942688,-42.41203689575195,1.788177728652954,4.742402076721191,-45.36147689819336,2.7257561683654785,0.7755012512207031,-44.03573989868164,3.836887836456299,-1.2868987321853638,-40.931175231933594,2.4321351051330566,5.483794212341309,-42.7281608581543,5.684986591339111,-3.221057891845703,-34.20211410522461,5.3406195640563965,0.8587988615036011,-33.774024963378906,2.0069940090179443,3.135718584060669,-45.66020584106445,2.146862268447876,2.445263385772705,-45.429073333740234,2.6928598880767822,5.489877223968506,-41.902889251708984,5.508127689361572,-3.493345022201538,-34.61003875732422,3.167713165283203,5.672952175140381,-39.77926254272461,3.4961843490600586,5.269156455993652,-38.20575714111328,1.9724624156951904,3.819082736968994,-45.47603988647461,3.7321949005126953,4.7415337562561035,-39.129459381103516,4.2836012840271,5.188522815704346,-36.34345245361328,2.9907355308532715,5.548929691314697,-40.88548278808594,5.549389839172363,-3.6893560886383057,-35.271263122558594,2.253753423690796,4.417054653167725,-44.513511657714844,4.863306045532227,4.436470031738281,-34.122928619384766,5.62432861328125,-0.2609627842903137,-34.03969955444336,2.891300916671753,5.051388740539551,-41.92987060546875,4.003237247467041,4.676755905151367,-38.05237579345703,5.271195888519287,2.4489667415618896,-33.93503952026367,2.587428092956543,2.3756213188171387,-44.49460220336914,2.430501937866211,3.7341859340667725,-44.398075103759766,2.5598626136779785,4.558194160461426,-43.399444580078125,5.3672332763671875,-2.9742271900177,-36.278472900390625,5.710028171539307,-2.3136188983917236,-34.291194915771484,4.594178676605225,4.448750019073486,-35.17377853393555,4.334535598754883,4.620565891265869,-36.945621490478516,2.408548593521118,3.1433260440826416,-44.69375991821289,3.530768871307373,-0.13837401568889618,-42.280418395996094,4.376994609832764,-1.1179251670837402,-39.70059585571289,2.98368501663208,4.168500900268555,-42.5256233215332,3.0537657737731934,2.20664644241333,-43.45844650268555,3.118673801422119,1.0762856006622314,-43.30924987792969,5.0626301765441895,3.6005141735076904,-34.29424285888672,4.795650482177734,-2.3702917098999023,-37.947914123535156,5.5418314933776855,0.6296601295471191,-34.3672981262207,3.514248847961426,4.711785316467285,-40.32371139526367,5.405121326446533,1.6964550018310547,-34.11509704589844,2.8272202014923096,2.951747179031372,-43.78493881225586,2.959580659866333,3.8599956035614014,-42.959251403808594,5.5845842361450195,-2.670861005783081,-35.5085334777832,4.389366149902344,4.671944618225098,-36.42685317993164,5.729100704193115,-2.474865674972534,-34.78773880004883,4.184689998626709,4.081675052642822,-38.563201904296875,3.29765248298645,4.359720706939697,-41.48165512084961,2.7845380306243896,3.5966506004333496,-43.56153869628906,4.806168079376221,3.991816759109497,-35.551963806152344,5.229135990142822,-2.0819180011749268,-37.127708435058594,4.416003704071045,4.170833110809326,-37.56394577026367,4.759037494659424,-1.5109491348266602,-38.653564453125,5.635795593261719,-0.11588751524686813,-34.52735137939453,5.707826137542725,-1.0870357751846313,-34.6236686706543,3.5614004135131836,0.8005570769309998,-42.43193817138672,4.473081111907959,-0.2790432274341583,-39.96269989013672,3.4821643829345703,3.4228012561798096,-41.7459602355957,5.39146089553833,2.3194119930267334,-34.98683166503906,3.4424309730529785,1.7000854015350342,-42.60662078857422,5.223726272583008,2.842148780822754,-35.64009475708008,3.8055663108825684,0.1665702760219574,-41.81280517578125,4.12692403793335,-0.03545615077018738,-40.9725456237793,5.073086261749268,-1.3096343278884888,-38.04856491088867,5.757854461669922,-1.8651833534240723,-35.11961364746094,3.5992205142974854,3.770026445388794,-41.100860595703125,3.334117889404297,2.823582887649536,-42.538448333740234,4.9596333503723145,3.533782720565796,-35.989830017089844,5.521271705627441,1.427211880683899,-35.01059341430664,5.58695650100708,-1.9572641849517822,-36.12200164794922,3.897141456604004,3.916619062423706,-39.98210906982422,4.808772087097168,3.5410149097442627,-36.94834899902344,4.2561750411987305,3.3955564498901367,-39.271419525146484,3.7234060764312744,2.1918420791625977,-41.81110382080078,3.822449207305908,1.2758350372314453,-41.82804489135742,5.671224117279053,0.18629106879234314,-35.358341217041016,5.726893424987793,-0.6341946721076965,-35.39127731323242,3.79561710357666,3.1688449382781982,-41.034183502197266,5.391100883483887,-1.2011299133300781,-37.07987594604492,4.863089084625244,-0.4794074594974518,-38.973453521728516,4.253670692443848,0.8137256503105164,-40.71182632446289,5.682327747344971,-1.1593223810195923,-36.026527404785156,4.730470180511475,3.1913788318634033,-37.834957122802734,4.976479530334473,2.829690456390381,-37.33810806274414,5.542170524597168,1.3581366539001465,-35.589054107666016,5.153500556945801,2.654599189758301,-36.688961029052734,4.196703910827637,2.578477382659912,-40.15093994140625,4.114878177642822,1.751950979232788,-40.817386627197266,5.292017936706543,-0.0249140914529562,-37.654884338378906,4.536653518676758,2.950089454650879,-38.81247329711914,4.48825740814209,1.8164607286453247,-39.72201919555664,4.769106864929199,0.4395850598812103,-39.36410903930664,5.55229377746582,-0.12433074414730072,-36.63805389404297,5.0121169090271,0.5966657400131226,-38.585933685302734,5.3797221183776855,1.8507475852966309,-36.506717681884766,4.695343971252441,1.1700100898742676,-39.39670181274414,4.815187454223633,2.2129666805267334,-38.581539154052734,5.491388320922852,0.9667076468467712,-36.615196228027344,5.19447135925293,1.6808040142059326,-37.57231903076172
