/home/arvardaz/SFT_with_CNN/output/pillow_2k_2043.png,3.5378940105438232,-6.399632930755615,0.1555284559726715,3.5937106609344482,-7.733227252960205,0.5476760864257812,3.9290220737457275,-7.401112079620361,-1.0423851013183594,3.2907025814056396,-6.754858493804932,1.0396345853805542,3.8116302490234375,-8.402462005615234,-0.1837758719921112,3.81368350982666,-9.405155181884766,0.0628410279750824,3.5163867473602295,-8.92969036102295,1.0872368812561035,3.634273052215576,-9.981314659118652,0.7174098491668701,3.922886610031128,-8.959794044494629,-0.634581446647644,3.7381410598754883,-6.196588516235352,-0.8408859968185425,3.274754524230957,-8.10036563873291,1.5814546346664429,3.816967487335205,-6.041463851928711,-1.8361859321594238,3.7390084266662598,-10.137292861938477,0.18307246267795563,4.001531600952148,-8.436883926391602,-2.0246357917785645,3.48382568359375,-5.4509100914001465,-0.3699854612350464,2.8671953678131104,-7.583418846130371,2.299100637435913,3.2758419513702393,-9.64474868774414,1.806038498878479,3.961099863052368,-7.271693229675293,-2.2822375297546387,3.9618496894836426,-10.114971160888672,-1.300593614578247,3.96989369392395,-9.564859390258789,-1.1437580585479736,4.016113758087158,-9.294173240661621,-1.8242522478103638,2.956721544265747,-5.1219987869262695,0.9178266525268555,3.0205130577087402,-9.202269554138184,2.419414758682251,3.854499101638794,-10.836453437805176,-0.8514488339424133,3.184828281402588,-4.383704662322998,-0.3372560143470764,2.5905184745788574,-6.46075963973999,2.3787643909454346,3.58008074760437,-5.004567623138428,-1.4398696422576904,3.373255729675293,-11.049055099487305,1.0731863975524902,3.482438325881958,-11.264466285705566,0.6394197344779968,3.6139724254608154,-11.4657564163208,0.0017844252288341522,3.784435510635376,-5.686286449432373,-2.6034626960754395,3.067812204360962,-10.482719421386719,2.141140937805176,2.4805238246917725,-4.867469787597656,1.716522216796875,2.6979079246520996,-8.74755573272705,3.036916494369507,3.94053316116333,-8.119277954101562,-2.8259854316711426,3.8737354278564453,-6.7381815910339355,-3.067016363143921,3.1093900203704834,-11.155174255371094,1.6480320692062378,3.8753232955932617,-10.933877944946289,-1.4753198623657227,3.344616413116455,-3.650308847427368,-1.7057453393936157,3.9842116832733154,-10.006556510925293,-2.255398750305176,3.9505908489227295,-9.84595012664795,-2.8584330081939697,2.3434343338012695,-7.1074652671813965,3.0210375785827637,2.7349331378936768,-10.839797973632812,2.8217227458953857,2.632845401763916,-9.859129905700684,3.269972562789917,3.4933724403381348,-3.9705162048339844,-2.7460556030273438,3.920748472213745,-10.753247261047363,-1.996055006980896,2.9469056129455566,-11.301921844482422,2.141064167022705,3.274777412414551,-11.695018768310547,0.6941280961036682,2.75195050239563,-3.1187093257904053,0.11451509594917297,3.0429675579071045,-2.8314764499664307,-0.98377525806427,3.7075915336608887,-11.474325180053711,-0.8467101454734802,2.2324159145355225,-5.137800216674805,2.174757957458496,3.6617813110351562,-5.879714012145996,-3.852079391479492,2.2899441719055176,-7.844814300537109,3.4132304191589355,2.3595266342163086,-9.017202377319336,3.616971969604492,3.224938154220581,-2.570819616317749,-2.0291311740875244,3.8757383823394775,-8.755788803100586,-3.327773094177246,2.352348566055298,-3.72458553314209,1.2784239053726196,3.640620231628418,-5.117673873901367,-3.257603406906128,3.1829707622528076,-11.65427303314209,1.3054276704788208,3.784893035888672,-7.342177391052246,-3.80322527885437,3.45875883102417,-12.395708084106445,-0.6354147791862488,3.770556688308716,-11.688508033752441,-1.2207311391830444,3.3494040966033936,-2.709317684173584,-3.1047861576080322,2.3900601863861084,-10.894696235656738,3.624148368835449,2.18446683883667,-9.565993309020996,4.107489585876465,3.2579262256622314,-12.021285057067871,0.5946353077888489,3.429870128631592,-3.7324578762054443,-3.8295705318450928,2.1043295860290527,-2.478729248046875,1.1680101156234741,2.6009838581085205,-1.813825011253357,-0.25554049015045166,2.939669609069824,-1.2528085708618164,-1.8363864421844482,3.1624977588653564,-1.6200506687164307,-2.9241068363189697,3.8339180946350098,-11.532360076904297,-2.216071844100952,3.8306736946105957,-11.00114917755127,-2.8072080612182617,3.7514283657073975,-8.005051612854004,-4.004685878753662,2.1449313163757324,-11.101249694824219,4.243073463439941,3.597205400466919,-12.181107521057129,-1.0745609998703003,2.60837984085083,-0.4722568392753601,-1.248840093612671,2.5165772438049316,-11.742661476135254,2.8497650623321533,3.456256628036499,-4.765793800354004,-4.20152473449707,2.7597122192382812,-12.081807136535645,1.834983229637146,2.78438401222229,-12.402448654174805,1.4344422817230225,1.8672313690185547,-8.24402904510498,4.109272480010986,2.816345453262329,-12.71438217163086,0.8044077754020691,3.8017663955688477,-11.892427444458008,-2.937040328979492,3.7535178661346436,-12.470484733581543,-2.1647000312805176,2.22377872467041,-0.9305622577667236,0.09891578555107117,2.0509955883026123,-5.653488636016846,2.754899263381958,1.8028579950332642,-9.666263580322266,4.617714881896973,2.890300989151001,-0.19328373670578003,-3.5070858001708984,3.4386768341064453,-6.487007141113281,-4.77739953994751,3.7443814277648926,-11.182366371154785,-3.5111281871795654,3.8187873363494873,-9.89065933227539,-3.597656726837158,3.553433656692505,-12.716880798339844,-1.647392988204956,1.8488898277282715,-4.0567946434021,2.274620532989502,3.3086323738098145,-12.602818489074707,-0.3146752119064331,3.219846248626709,-2.0041422843933105,-4.1767497062683105,2.446744203567505,0.5489766001701355,-1.6899996995925903,1.4248582124710083,-3.2185018062591553,2.2963175773620605,1.7473646402359009,-1.3914192914962769,1.2090405225753784,1.5423777103424072,-6.433636665344238,3.6345314979553223,2.7605881690979004,0.18436017632484436,-2.770430088043213,1.8496708869934082,-11.112102508544922,4.8232808113098145,1.32878577709198,-8.515390396118164,4.693784236907959,1.9885908365249634,-11.957606315612793,3.894845485687256,3.7657012939453125,-12.440277099609375,-2.7380483150482178,2.1481070518493652,0.17855799198150635,-0.5004348754882812,2.972708225250244,-0.710469663143158,-4.127535820007324,1.3843191862106323,-7.404537677764893,4.18825101852417,1.8547574281692505,-11.489909172058105,4.292635917663574,2.125849485397339,-12.355148315429688,2.901118278503418,3.4955224990844727,-8.85004997253418,-4.605792045593262,3.2924256324768066,-3.370389699935913,-4.6160430908203125,1.5390361547470093,-10.363787651062012,5.091368675231934,2.238518238067627,-12.68834114074707,2.0564396381378174,3.2459452152252197,-5.137691974639893,-4.8767991065979,3.408994436264038,-7.3094258308410645,-4.815494537353516,2.585921287536621,1.1853305101394653,-3.629307985305786,1.4642348289489746,-5.222068786621094,3.1360228061676025,2.2130985260009766,1.8522086143493652,-2.293125629425049,3.3151614665985107,-13.13852596282959,-1.2937324047088623,3.6119654178619385,-12.841811180114746,-2.388920783996582,3.5952389240264893,-13.134530067443848,-2.8716256618499756,1.3018214702606201,-2.182502269744873,2.05464243888855,2.3385279178619385,-13.08055591583252,1.1113169193267822,2.9553050994873047,-13.292377471923828,-0.8553845882415771,3.5828564167022705,-10.943595886230469,-4.15927791595459,3.5111682415008545,-9.712912559509277,-4.456423759460449,1.5347261428833008,-0.4173448085784912,0.9686191082000732,1.7969894409179688,1.7644376754760742,-0.9945740699768066,1.1459403038024902,-5.492432117462158,3.5204598903656006,0.9923288822174072,-4.480933666229248,3.1221375465393066,2.6911299228668213,-13.182917594909668,-0.022989168763160706,3.4064810276031494,-13.497002601623535,-2.2233495712280273,3.620361089706421,-12.531384468078613,-3.8084490299224854,2.9509189128875732,-1.1264264583587646,-5.07749605178833,3.1115682125091553,-2.018481969833374,-4.909916877746582,1.5252470970153809,-11.718448638916016,4.76864767074585,3.120485782623291,-4.085507392883301,-5.127915382385254,1.6594792604446411,0.705482006072998,0.08619382977485657,2.1521642208099365,2.5046184062957764,-3.0207324028015137,1.5018023252487183,-11.305617332458496,5.250975608825684,1.6938986778259277,-12.403191566467285,3.767906665802002,2.994990825653076,-3.2675533294677734,-5.543751239776611,3.3130576610565186,-8.220890045166016,-5.002197742462158,1.3766536712646484,-4.036924839019775,2.7143115997314453,0.7959911823272705,-8.999910354614258,5.309347629547119,3.599336624145508,-13.281717300415039,-3.465768814086914,2.71517276763916,0.46398302912712097,-4.689797401428223,2.8219964504241943,-13.832240104675293,-1.3703604936599731,3.480978488922119,-13.765624046325684,-3.1293888092041016,3.516225576400757,-11.938196182250977,-4.180018901824951,1.0338150262832642,-11.136063575744629,5.8992791175842285,1.3008934259414673,1.7334704399108887,-0.054627031087875366,1.7234916687011719,2.7771549224853516,-1.738917589187622,1.0755151510238647,-6.040816307067871,3.8208088874816895,3.081186532974243,-5.7113142013549805,-5.447577953338623,2.822967767715454,-2.2212257385253906,-5.9133782386779785,1.845917820930481,-12.775096893310547,2.6701786518096924,1.1025569438934326,-0.9891261458396912,1.7623182535171509,3.137817621231079,-9.751431465148926,-5.101916313171387,2.1027023792266846,-13.5725679397583,0.2484387904405594,3.2553255558013916,-9.178977012634277,-4.953824043273926,0.9121493697166443,-10.069063186645508,5.658214092254639,0.817380964756012,-6.414911270141602,4.1285176277160645,0.7795118689537048,0.5815187096595764,1.3417364358901978,1.3930917978286743,-12.447457313537598,4.211957931518555,0.7712485790252686,-12.16599178314209,5.7317118644714355,0.7530927658081055,-10.60032844543457,5.992638111114502,1.3184306621551514,-12.034127235412598,4.942626476287842,3.0368099212646484,-14.127426147460938,-2.2074694633483887,2.2443645000457764,2.6193723678588867,-4.712043762207031,2.7000932693481445,-0.1996607780456543,-5.614605903625488,1.6037322282791138,3.487715244293213,-2.02842378616333,0.7203015685081482,-3.5251100063323975,2.9559497833251953,2.4023995399475098,-13.811080932617188,-0.7270053029060364,2.355159044265747,1.8394263982772827,-5.80092716217041,3.3560190200805664,-13.265825271606445,-4.305194854736328,3.494765520095825,-13.835561752319336,-3.7325422763824463,3.205878496170044,-11.059842109680176,-4.965213775634766,3.1734440326690674,-10.39873218536377,-4.975597858428955,0.804186224937439,1.0922566652297974,1.0463353395462036,0.8781722784042358,1.743835210800171,0.5447549223899841,0.8018603324890137,-11.840404510498047,6.100621223449707,1.5258619785308838,-13.079268455505371,2.2261457443237305,1.7894176244735718,-13.247121810913086,1.605078935623169,0.8527137041091919,-7.173151969909668,4.49545955657959,3.3626434803009033,-12.659820556640625,-4.349281311035156,0.9623715877532959,-12.519098281860352,4.809952259063721,1.375801682472229,-12.92681884765625,3.1437692642211914,0.9927725791931152,3.113912582397461,-0.3974406123161316,1.7187576293945312,3.9174835681915283,-3.5797834396362305,2.735797882080078,-1.149278163909912,-5.975916862487793,0.5444044470787048,-8.323326110839844,4.989859580993652,0.7766715288162231,-12.324028015136719,5.361649990081787,3.190819263458252,-14.7825288772583,-3.8149750232696533,2.5756547451019287,-0.5913142561912537,-6.307578086853027,0.7082585096359253,-1.4346541166305542,2.232192039489746,0.568188488483429,-0.4423213303089142,1.9554624557495117,1.9139167070388794,-13.733570098876953,-0.32285016775131226,2.361358404159546,0.9194334149360657,-6.5686564445495605,2.906888484954834,-14.701058387756348,-2.9368882179260254,0.4819197654724121,-7.7172088623046875,4.886539459228516,2.8413946628570557,-4.104830741882324,-5.696883678436279,1.111865758895874,4.801192760467529,-2.173384666442871,0.571848452091217,-2.6765244007110596,2.763475179672241,2.6171348094940186,-4.889445781707764,-6.020432472229004,0.575507402420044,-10.997030258178711,6.437609672546387,0.6246487498283386,-5.153829574584961,3.703272819519043,2.326347827911377,-14.416650772094727,-1.5756434202194214,3.3050153255462646,-14.294099807739258,-3.88169002532959,3.253110885620117,-14.256421089172363,-4.473878860473633,3.468425989151001,-13.645087242126465,-4.244610786437988,2.6148743629455566,-8.050259590148926,-5.904446601867676,0.3617975115776062,-11.564596176147461,6.704929351806641,1.0030736923217773,4.181136608123779,-1.0988105535507202,0.9646316170692444,-12.981979370117188,3.6940999031066895,3.0604333877563477,-12.009247779846191,-4.960707187652588,2.8259754180908203,-7.3749494552612305,-5.693820953369141,2.6657516956329346,-6.120354652404785,-6.080994606018066,2.6211507320404053,-2.9395833015441895,-6.286571025848389,1.6559364795684814,-13.567527770996094,0.9197360277175903,2.1189160346984863,2.822322130203247,-6.018458366394043,0.3130802810192108,-12.275056838989258,6.423354148864746,0.32029956579208374,-9.451436996459961,5.833983421325684,0.29537248611450195,2.7657742500305176,0.7661490440368652,0.3152849078178406,-6.714086532592773,4.557178974151611,3.0792300701141357,-12.606069564819336,-4.958911895751953,1.7801764011383057,3.889040231704712,-5.573139190673828,0.2588590383529663,-1.478955864906311,2.527226686477661,0.18769679963588715,0.5294805765151978,1.856725811958313,2.400538444519043,-1.304761290550232,-6.760082721710205,2.627060651779175,-8.948081016540527,-5.770283222198486,0.44438526034355164,-12.97861099243164,4.5347490310668945,2.320788860321045,0.03967374563217163,-6.9840617179870605,0.04046487808227539,-10.250182151794434,6.227906227111816,1.1810483932495117,-13.143941879272461,2.697974920272827,2.9516892433166504,-13.485108375549316,-5.006241321563721,2.712653636932373,-10.131845474243164,-5.489099025726318,1.4397547245025635,4.523405075073242,-4.1379594802856445,0.1697506159543991,-4.564416885375977,3.632214307785034,-0.17041364312171936,-0.1822684109210968,2.244966745376587,0.20131559669971466,-8.704120635986328,5.420323848724365,0.5526465177536011,5.13035774230957,-0.7693199515342712,2.4738168716430664,-3.841993570327759,-6.383363246917725,0.14714883267879486,-3.5583462715148926,3.189568281173706,0.06255444884300232,1.8447550535202026,1.382480263710022,0.08194825053215027,-11.142402648925781,6.914709568023682,3.086951494216919,-15.009255409240723,-4.672120571136475,2.1705098152160645,-1.8084752559661865,-7.08603048324585,0.2808903455734253,4.018548965454102,0.1374300718307495,0.279624879360199,-12.443408966064453,5.900425910949707,0.7601603865623474,5.469058513641357,-3.0494308471679688,2.5849335193634033,-15.394566535949707,-3.539466381072998,-0.06406714022159576,4.872896194458008,0.15769916772842407,0.19096583127975464,-5.556000709533691,4.0444560050964355,2.163046360015869,1.7319037914276123,-7.02781867980957,2.2407360076904297,-2.298210859298706,-6.850132942199707,2.3366029262542725,-15.006881713867188,-2.502246618270874,1.5765225887298584,-13.783820152282715,0.23665454983711243,2.4907643795013428,-10.725360870361328,-5.670352935791016,2.3381736278533936,-6.74158239364624,-6.3418707847595215,1.7937517166137695,-14.000165939331055,-0.589486837387085,0.03974255919456482,-7.647450923919678,5.017960548400879,0.311824768781662,6.025317192077637,-1.5156381130218506,1.8130725622177124,3.622631311416626,-6.7975687980651855,1.0530061721801758,5.0578131675720215,-4.812656879425049,2.504721164703369,-11.937125205993652,-5.619500637054443,1.9491273164749146,2.467815399169922,-7.588658809661865,0.06698429584503174,1.320193886756897,1.6261671781539917,-0.4385684132575989,-8.90141773223877,5.764811038970947,2.8613815307617188,-14.593132019042969,-4.887704372406006,-0.17599791288375854,-2.793146848678589,3.1420485973358154,-0.2109604775905609,-8.347305297851562,5.159145355224609,2.588587522506714,-14.224218368530273,-5.341071605682373,2.3724639415740967,-9.732707023620605,-5.854608535766602,-0.1932309865951538,-1.819077491760254,2.829780340194702,2.0807440280914307,-0.4579615592956543,-7.498013973236084,2.4940497875213623,-13.158255577087402,-5.499712944030762,2.9153077602386475,-15.262001991271973,-4.975000381469727,2.273726224899292,-11.40845775604248,-5.668401718139648,1.2231199741363525,-13.960447311401367,-0.2121717631816864,1.581878423690796,-14.380486488342285,-0.94166100025177,0.596306324005127,-13.185066223144531,3.7698440551757812,1.081924319267273,-13.718118667602539,1.0864646434783936,2.1761341094970703,-5.186635494232178,-6.623497486114502,-0.41690418124198914,-12.015247344970703,7.389865398406982,2.6288111209869385,-15.726713180541992,-4.115901947021484,-0.20146973431110382,-9.723806381225586,6.1654276847839355,-0.043819770216941833,5.868090629577637,-0.2823738157749176,-0.06357207149267197,6.376416206359863,-0.7985059022903442,0.17691385746002197,-12.511101722717285,6.605707168579102,-0.665968656539917,-10.154414176940918,6.531579494476318,1.3243237733840942,4.708308696746826,-5.756392955780029,-0.33034244179725647,-0.5542460083961487,2.508338212966919,-0.20448891818523407,3.7003426551818848,0.7836935520172119,-0.2630245089530945,-6.515236854553223,4.629532814025879,1.919130563735962,-7.474332332611084,-6.564733028411865,0.23749323189258575,6.042238235473633,-2.552678108215332,-0.1685156673192978,-12.397890090942383,7.175637722015381,-0.3082396686077118,-12.80488395690918,6.692028522491455,1.0957132577896118,-13.884679794311523,0.521814227104187,0.47853580117225647,-13.364656448364258,3.0567591190338135,1.8734580278396606,-14.875391006469727,-1.9551899433135986,2.6807103157043457,-15.966026306152344,-4.588778495788574,1.8612340688705444,-4.344486236572266,-6.965241432189941,2.0549404621124268,-3.2374515533447266,-6.987195014953613,1.7765226364135742,0.8729792833328247,-8.272363662719727,-0.043168820440769196,-12.888617515563965,5.323990345001221,-0.5735563635826111,-10.969544410705566,6.992205619812012,1.877398133277893,1.5292174816131592,-8.054920196533203,-0.36322423815727234,-11.199603080749512,7.010193347930908,2.002732515335083,-15.626070976257324,-3.2300148010253906,-0.18995144963264465,-7.4650654792785645,4.928532600402832,-0.5022799372673035,-4.265416145324707,3.7357568740844727,0.6963940262794495,-13.47848892211914,2.468853235244751,0.46271783113479614,5.700455665588379,-4.419314861297607,0.8220282196998596,-13.63170337677002,1.3810346126556396,1.7535525560379028,-15.214241981506348,-2.4513797760009766,-0.5002774000167847,1.2675001621246338,1.9950438737869263,-0.5446483492851257,5.02648401260376,0.5498090982437134,1.6453132629394531,-14.675403594970703,-1.5350143909454346,-0.6939214468002319,0.5924923419952393,2.2533183097839355,-0.35949885845184326,2.587130069732666,1.3687180280685425,0.5386639833450317,-13.454880714416504,2.08447003364563,-0.3970595598220825,-5.459230422973633,4.1186347007751465,-0.7178057432174683,-4.67064094543457,3.989495038986206,1.252630591392517,4.676582336425781,-7.068074703216553,-0.24223895370960236,-12.659530639648438,5.975675582885742,-0.524922251701355,-3.590728282928467,3.390366315841675,1.8905104398727417,-8.24703311920166,-6.456146240234375,-0.8024240732192993,-12.439194679260254,7.801861763000488,-0.7663717865943909,-0.8239966630935669,2.703951835632324,0.036812976002693176,-13.121779441833496,4.388957500457764,-0.5300001502037048,6.680909156799316,-0.11514165997505188,-0.7854502201080322,-11.685568809509277,7.668921947479248,-0.6274481415748596,-9.640182495117188,6.261016845703125,1.5641769170761108,-0.028630614280700684,-8.352983474731445,-0.5941110849380493,-7.314123153686523,5.116065979003906,2.0081279277801514,-10.991090774536133,-5.942887306213379,1.9075160026550293,-5.833874702453613,-6.903568744659424,1.6438137292861938,3.7058699131011963,-7.673422813415527,2.099320888519287,-15.756324768066406,-3.7145888805389404,-0.6686204075813293,-1.224284052848816,2.810331106185913,1.7552735805511475,-1.0894464254379272,-7.842839241027832,0.0803225040435791,-13.20075511932373,3.7850801944732666,-0.8362230062484741,-8.237268447875977,5.254809856414795,2.5626206398010254,-15.477326393127441,-5.508843898773193,-0.626100480556488,-1.972369909286499,2.9686644077301025,1.9098823070526123,-14.978433609008789,-5.514164447784424,1.503691554069519,3.4383883476257324,-8.642032623291016,1.6066105365753174,2.43122935295105,-8.544992446899414,-0.09475630521774292,6.25955867767334,-3.815577507019043,-0.6530410647392273,-2.8974108695983887,3.270489454269409,1.2262433767318726,-14.170106887817383,-0.5347522497177124,1.024497389793396,-13.905136108398438,-0.35793769359588623,1.587745189666748,-1.946347951889038,-7.84344482421875,-0.312765508890152,6.753374099731445,-1.6827623844146729,0.7201483249664307,5.329545021057129,-5.7930145263671875,-0.35499340295791626,6.424794673919678,-3.1915173530578613,1.8960411548614502,-12.129433631896973,-5.94849967956543,1.7837191820144653,-9.607308387756348,-6.19970703125,-1.0147011280059814,2.0458052158355713,1.8962883949279785,0.2966993749141693,-13.266454696655273,3.325925827026367,2.2071352005004883,-16.41373634338379,-4.651304721832275,1.7473965883255005,-15.431174278259277,-3.0302634239196777,-0.9912866353988647,6.200293064117432,0.41708076000213623,2.537184715270996,-16.35049057006836,-5.456316947937012,-0.6253939867019653,-12.855900764465332,5.554250240325928,0.6371700167655945,5.353942394256592,-5.029078483581543,-0.8115034699440002,-12.088616371154785,7.205907821655273,1.9797401428222656,-14.170957565307617,-5.740707874298096,1.1250061988830566,4.491292953491211,-7.829615116119385,-0.8839626312255859,-6.135965824127197,4.541411876678467,-1.1517770290374756,2.8253886699676514,1.6889539957046509,-0.8725876808166504,3.5939998626708984,1.2544984817504883,1.6905733346939087,-6.377075672149658,-6.885015487670898,-1.0900578498840332,-11.692220687866211,7.213674068450928,-1.0041508674621582,-0.07286238670349121,2.454023599624634,-0.9595659971237183,-12.591458320617676,6.5125250816345215,1.4161617755889893,-2.509989023208618,-7.718163013458252,-0.3375307321548462,-12.990309715270996,5.01993465423584,-0.8453419208526611,7.362894058227539,-0.4521743059158325,1.3654000759124756,-14.626391410827637,-1.550400972366333,1.5562419891357422,-7.000930309295654,-6.86662483215332,0.84038245677948,-13.916969299316406,0.10865536332130432,2.101860523223877,-16.019559860229492,-4.0853962898254395,1.1691137552261353,-14.255227088928223,-0.8940242528915405,-1.2338862419128418,7.285289287567139,0.3458303213119507,0.43276792764663696,-13.592694282531738,1.5109336376190186,1.4536712169647217,-11.251029968261719,-6.121413707733154,1.275797963142395,4.0370869636535645,-8.564764976501465,0.603737473487854,-13.841073989868164,0.749056875705719,1.4713612794876099,-3.0511021614074707,-7.586250305175781,-0.0011098869144916534,-13.388212203979492,2.566420316696167,-0.9872512817382812,4.517650604248047,1.0337227582931519,-0.7835994958877563,7.330010890960693,-1.0279293060302734,1.6176117658615112,-5.094409465789795,-7.141606330871582,1.531950831413269,-3.86963152885437,-7.228315353393555,1.5841001272201538,-15.154064178466797,-2.7339751720428467,0.3485567569732666,5.474819183349609,-6.480768203735352,1.3682039976119995,1.5949852466583252,-8.926044464111328,-1.203452229499817,-10.329757690429688,6.537471771240234,2.2587101459503174,-16.741865158081055,-5.5247979164123535,1.657685399055481,-12.735915184020996,-6.0320844650268555,1.846675157546997,-13.431462287902832,-5.8860697746276855,-1.089284896850586,-12.21196174621582,6.887479782104492,2.2307965755462646,-15.94975757598877,-5.799992084503174,-1.1132572889328003,-5.33394718170166,4.120614528656006,-1.1345903873443604,-3.519695520401001,3.4947643280029297,1.2725666761398315,2.9345598220825195,-9.190858840942383,-1.1520992517471313,-1.5683767795562744,2.9572763442993164,-1.1520771980285645,-9.672295570373535,6.125262260437012,-0.3390468657016754,-13.266227722167969,3.9956629276275635,-1.3790781497955322,7.811428070068359,0.11206626892089844,-1.0078359842300415,-12.679069519042969,6.098426818847656,-0.24922718107700348,-13.330883979797363,3.2546768188476562,0.09376513957977295,-13.485228538513184,2.022446632385254,-1.2180404663085938,-7.984514236450195,5.1648101806640625,-1.0151968002319336,-2.297689914703369,3.096799850463867,0.944358229637146,-14.480148315429688,-1.208603024482727,0.8764984607696533,-14.239798545837402,-0.6995439529418945,1.507099986076355,-15.77284049987793,-3.983611822128296,1.3208770751953125,-15.030397415161133,-2.1246449947357178,-0.24097080528736115,5.963352203369141,-5.113816261291504,-1.4398181438446045,3.5244712829589844,1.4960955381393433,1.2241493463516235,-9.019498825073242,-6.489221572875977,-0.9666245579719543,7.067826747894287,-2.655470848083496,0.8593092560768127,4.981286525726318,-7.352529525756836,0.9412299990653992,-0.9155768156051636,-8.742304801940918,0.9673846364021301,-14.862464904785156,-1.9199283123016357,1.4656330347061157,-15.774683952331543,-3.562303066253662,-1.2808598279953003,-7.0442214012146,4.843319416046143,0.3659151792526245,-13.902141571044922,0.3759032189846039,-1.354069471359253,-0.8114606142044067,2.776493549346924,1.1622318029403687,-15.334842681884766,-2.8588271141052246,1.1133427619934082,-15.11971664428711,-2.4516682624816895,-1.2830498218536377,-11.69851303100586,6.981735706329346,1.7904760837554932,-15.62558650970459,-5.685434818267822,0.8027487993240356,-3.72053861618042,-7.760125160217285,0.30866193771362305,-14.006732940673828,-0.37427741289138794,1.18020761013031,-4.589985370635986,-7.519608497619629,-1.2824429273605347,0.8460155725479126,2.3275530338287354,-1.4521586894989014,5.772559642791748,0.7821197509765625,0.6677783727645874,-14.664034843444824,-1.672998309135437,-0.7883368730545044,-13.044109344482422,4.558900356292725,1.3224833011627197,-10.498327255249023,-6.251395225524902,-1.3047595024108887,-2.253368854522705,3.1782054901123047,-1.6835871934890747,2.5905046463012695,1.8667449951171875,-0.15519733726978302,-13.542006492614746,1.6896233558654785,-1.4208725690841675,-3.0646920204162598,3.3775033950805664,-0.32144176959991455,6.217503547668457,-4.556539535522461,1.8628051280975342,-15.839326858520508,-5.319863796234131,1.4475778341293335,-11.896475791931152,-5.916026592254639,0.9601713418960571,-7.73400354385376,-6.926188945770264,1.2704566717147827,-15.486396789550781,-3.3521716594696045,-1.7152225971221924,4.459223747253418,1.3563439846038818,1.7855725288391113,-16.016990661621094,-4.746435642242432,-1.7149542570114136,5.277036666870117,1.0765738487243652,0.3089370131492615,-13.441439628601074,1.3192158937454224,-1.4476492404937744,-5.555829048156738,4.2230658531188965,1.1489299535751343,2.1466166973114014,-9.347841262817383,0.7736028432846069,4.681058406829834,-8.51881217956543,-1.2252296209335327,-12.662787437438965,4.909926414489746,1.0195362567901611,1.0738525390625,-9.249961853027344,1.010278582572937,4.123616695404053,-9.606218338012695,-1.5726008415222168,-8.982976913452148,5.516271591186523,-0.09020291268825531,-13.65928840637207,1.2764928340911865,-1.701637864112854,1.3797820806503296,2.191762924194336,-1.3179627656936646,7.789979934692383,-1.4434871673583984,1.5387146472930908,-16.013059616088867,-4.674535274505615,-1.8414745330810547,7.302979946136475,0.5494629144668579,1.0154731273651123,3.519632577896118,-9.732111930847168,0.8857884407043457,4.44582462310791,-9.280908584594727,-1.193398118019104,-12.669103622436523,5.385860443115234,-1.4753429889678955,-4.5463738441467285,3.938751220703125,1.1518800258636475,-6.2502760887146,-7.204134464263916,-1.5151208639144897,-11.325593948364258,6.572883129119873,-1.8129796981811523,-6.3759307861328125,4.385021209716797,1.3205054998397827,-9.557229995727539,-6.427701473236084,0.009952467866241932,-13.873018264770508,0.5915595293045044,0.9926847815513611,-5.2622294425964355,-7.540315628051758,-1.4286658763885498,-12.216466903686523,6.260748863220215,-1.5690691471099854,-3.7485547065734863,3.607638120651245,-0.7727922201156616,6.518975257873535,-4.190040588378906,-1.6265554428100586,0.04615146666765213,2.4729065895080566,-1.673805832862854,7.675771236419678,-2.100680112838745,0.6983165144920349,-2.091029167175293,-8.482068061828613,0.4674254357814789,-14.171845436096191,-0.8585376739501953,-1.630050778388977,-10.249752044677734,6.048917770385742,-1.9169676303863525,6.203814506530762,0.8303430676460266,1.2421355247497559,-14.542917251586914,-5.756000518798828,-1.4658228158950806,7.869745254516602,-1.0151053667068481,-0.8965023159980774,-13.230609893798828,3.7102742195129395,-0.6801437735557556,-13.122653007507324,2.6551551818847656,-0.7161572575569153,-13.274927139282227,2.272359848022461,-2.1536033153533936,8.413756370544434,0.5628107190132141,0.976774275302887,-8.391938209533691,-6.766938209533691,-0.12154887616634369,5.684906959533691,-6.707399368286133,-0.5953232645988464,5.876300811767578,-6.158995151519775,-0.06512413918972015,5.3785080909729,-7.196407318115234,-2.0140881538391113,3.7557430267333984,1.5646528005599976,0.046029381453990936,5.406557559967041,-7.746030330657959,1.2022531032562256,-13.492557525634766,-5.941366195678711,-2.017840623855591,-7.731619834899902,4.612948417663574,-1.9192173480987549,3.1241369247436523,1.7300325632095337,0.9586842060089111,-15.63132381439209,-4.258175849914551,0.28765103220939636,-14.473153114318848,-1.5001888275146484,0.7899383306503296,-1.5465986728668213,-8.624573707580566,0.7095171809196472,0.34156501293182373,-9.240618705749512,-1.724531888961792,-2.255638599395752,3.098942995071411,-1.8248387575149536,7.9273457527160645,-0.5212187767028809,-0.369483083486557,-13.967413902282715,-0.460129976272583,1.1961570978164673,-15.61862564086914,-5.218324184417725,-1.8332750797271729,-8.347280502319336,4.915180683135986,-2.002478837966919,-0.8017349243164062,2.6933231353759766,-1.6291773319244385,-12.163158416748047,5.719379425048828,-1.4896827936172485,-12.627017974853516,4.210039138793945,-0.23074916005134583,-13.926936149597168,-0.9470241069793701,-0.041544437408447266,5.292705535888672,-8.95281982421875,-1.2977213859558105,6.907304286956787,-3.494269609451294,-1.9052598476409912,-11.485437393188477,5.876554012298584,0.45931702852249146,4.559971332550049,-10.576546669006348,-2.335533618927002,1.9557315111160278,1.9656996726989746,-2.0721986293792725,-3.7231361865997314,3.4796359539031982,0.36597543954849243,-14.97115707397461,-3.1423237323760986,0.4179784655570984,-2.897906541824341,-8.274316787719727,-0.09554222226142883,5.151359558105469,-9.791857719421387,-1.2494819164276123,6.396277904510498,-4.946482181549072,-2.1721506118774414,-5.325550556182861,3.926072835922241,1.0229437351226807,-15.236628532409668,-5.558859825134277,-0.7413294315338135,-13.433823585510254,1.5561424493789673,-0.575353741645813,-13.681147575378418,0.2692992389202118,-2.1189539432525635,-7.163157939910889,4.294995307922363,0.37202247977256775,2.7865896224975586,-10.375771522521973,0.5954574346542358,3.940249443054199,-10.430041313171387,-0.13911385834217072,-14.181806564331055,-1.245276927947998,0.8311236500740051,-11.90605354309082,-5.9871721267700195,0.5098346471786499,1.6678831577301025,-9.937630653381348,-2.078809976577759,-2.7743473052978516,3.20023250579834,-2.372312307357788,4.579413414001465,1.3163756132125854,-2.329946517944336,8.21001148223877,-0.1962405890226364,-1.4245411157608032,6.551437854766846,-4.134811878204346,-1.3999533653259277,-12.831108093261719,2.2824838161468506,-2.2711708545684814,5.7002434730529785,1.0439229011535645,0.7419633269309998,-10.03891372680664,-6.43861198425293,-2.292032480239868,-6.271989822387695,4.007541656494141,0.6459243297576904,-7.258590221405029,-7.079573631286621,-2.1299502849578857,-1.9212584495544434,2.9293606281280518,-2.5504236221313477,2.527334213256836,1.74899160861969,-2.2125136852264404,-9.799318313598633,5.130990982055664,0.7174298167228699,-10.808320045471191,-6.256331920623779,-0.7628600001335144,6.2056498527526855,-5.426367282867432,-1.3523318767547607,-12.938582420349121,3.1447625160217285,-1.0067378282546997,5.930461883544922,-6.606271743774414,-2.2210278511047363,0.523466944694519,2.2902796268463135,0.5003514289855957,0.9019687175750732,-9.645453453063965,-2.4219396114349365,6.899448871612549,0.7612558007240295,-1.5852047204971313,7.347025394439697,-2.80570125579834,-0.25748562812805176,-14.34443473815918,-2.0361971855163574,0.45632028579711914,-13.377723693847656,-5.728922367095947,0.3204335570335388,-12.197846412658691,-5.935356140136719,-2.134398937225342,-8.826040267944336,4.957114219665527,-0.6605724096298218,5.609105587005615,-6.9664225578308105,-2.4687092304229736,7.895005702972412,0.5268272161483765,-2.1695642471313477,9.66562271118164,0.4602179229259491,-2.402815818786621,9.38381290435791,0.611400306224823,-2.6702561378479004,8.734298706054688,0.4298592805862427,-0.23148202896118164,5.229819297790527,-10.178116798400879,-2.051954507827759,8.440024375915527,-0.9461549520492554,0.13943885266780853,-4.943132400512695,-7.801956653594971,-2.3228955268859863,8.755328178405762,0.18560387194156647,0.4610024392604828,3.317840576171875,-10.311915397644043,-2.551218271255493,8.921929359436035,-0.35913798213005066,-2.4578230381011963,9.383875846862793,-0.10198427736759186,-2.039689064025879,-11.720154762268066,5.087681293487549,0.6817204356193542,-15.173051834106445,-5.186350345611572,0.4325939416885376,-8.999770164489746,-6.636435508728027,-2.2789206504821777,-11.107585906982422,5.008941650390625,-2.3291256427764893,-10.432001113891602,5.041409969329834,0.4175451397895813,-6.46526575088501,-7.263760089874268,-1.999949336051941,7.049532890319824,-3.7305638790130615,0.2413194328546524,-0.2607138156890869,-9.318615913391113,-0.4275078773498535,5.571768760681152,-8.114212036132812,0.2606019377708435,-14.976001739501953,-4.158761024475098,-2.443033218383789,8.096480369567871,-1.6329677104949951,-0.06630407273769379,-1.6138181686401367,-8.964365005493164,-2.8186497688293457,4.839117527008057,1.1722956895828247,-2.8398966789245605,6.115538597106934,0.902376651763916,-2.7844161987304688,0.46600648760795593,2.0839781761169434,-0.6000033617019653,5.6451215744018555,-7.499688625335693,-2.588021755218506,-8.871917724609375,4.431790351867676,0.025408849120140076,-10.86049747467041,-6.175225257873535,0.16248086094856262,-8.09007453918457,-6.865811347961426,-0.07773728668689728,-3.7452969551086426,-8.0827054977417,-1.2862666845321655,6.071682929992676,-6.205639362335205,-0.5221139192581177,5.490860939025879,-9.05334758758545,0.07934744656085968,-5.936899662017822,-7.534130573272705,-2.3850409984588623,-11.813161849975586,3.5229275226593018,-1.682847261428833,-12.844619750976562,1.5899114608764648,-1.1792784929275513,-13.335725784301758,0.4606948494911194,0.04301060736179352,3.9151060581207275,-10.808706283569336,-2.719860792160034,-1.4984426498413086,2.602015256881714,-2.821075916290283,3.5268192291259766,1.4565867185592651,-2.410417318344116,8.601975440979004,-1.0403379201889038,-2.76277756690979,9.014200210571289,0.13735021650791168,0.2160218358039856,-14.091838836669922,-5.239396095275879,-3.102365732192993,6.523691177368164,0.8060554265975952,-2.1911096572875977,7.380446910858154,-3.0784013271331787,-1.2168835401535034,-13.524901390075684,-0.3848898410797119,-0.0724976509809494,4.771275043487549,-11.21079158782959,-2.878006935119629,-3.782839298248291,3.098550319671631,-2.692365884780884,-5.363121509552002,3.571211338043213,-2.6426033973693848,-2.491145610809326,2.871819019317627,0.12772983312606812,-10.236631393432617,-6.377173900604248,-0.07530894875526428,-14.420382499694824,-4.694739818572998,-3.1379501819610596,5.4531331062316895,0.9261223077774048,-3.0268306732177734,7.183692455291748,0.6847745180130005,-2.2750446796417236,7.718499183654785,-2.4678421020507812,-2.029066801071167,-12.14095687866211,3.1150968074798584,-0.15950804948806763,-6.843149185180664,-7.217756271362305,-3.095585346221924,7.463232040405273,0.3694092929363251,-0.6450455188751221,5.470742225646973,-8.28146743774414,-0.6011814475059509,-14.140439987182617,-2.727599620819092,-1.7769941091537476,6.362968921661377,-5.398463726043701,-0.12276113033294678,1.7316656112670898,-10.327094078063965,-2.77547025680542,-7.55643367767334,3.755265235900879,-2.346989154815674,-11.380474090576172,4.455742835998535,-1.072756290435791,-13.585851669311523,-0.8644474744796753,0.028018131852149963,-9.327441215515137,-6.566418647766113,-0.3455261290073395,0.027864396572113037,-9.61551284790039,-0.2711286246776581,3.668703556060791,-11.199731826782227,-0.10172922909259796,-11.450815200805664,-5.922633171081543,-0.15944994986057281,-2.257866382598877,-8.68751335144043,-2.2455296516418457,-11.690500259399414,4.015446186065674,-3.14865779876709,-0.9044837951660156,2.142812967300415,-3.145232677459717,1.9398671388626099,1.5988738536834717,-3.0469939708709717,8.557313919067383,0.007337972521781921,-1.115609884262085,5.736958026885986,-7.600904941558838,-0.9611389636993408,5.640650749206543,-8.175079345703125,-0.7805620431900024,-13.878549575805664,-3.3264923095703125,-0.44729840755462646,-6.251742362976074,-7.338708400726318,-1.1338826417922974,-13.661211013793945,-1.3869880437850952,-0.5044593811035156,-2.8357808589935303,-8.552807807922363,-3.151968002319336,8.446642875671387,-0.4055311679840088,-3.3395447731018066,5.854303359985352,0.7254801392555237,-2.9641106128692627,8.175848960876465,-1.1785309314727783,-2.0878119468688965,6.629441738128662,-4.218019962310791,-0.5790439248085022,4.956113338470459,-11.044090270996094,-3.456530809402466,4.34631872177124,0.9209410548210144,-3.282787322998047,3.752997636795044,1.153374195098877,-0.1869288980960846,-12.143433570861816,-5.79258918762207,-1.008531928062439,5.441343784332275,-9.583009719848633,-0.31951451301574707,-12.993831634521484,-5.373284339904785,-0.4979390501976013,-8.484810829162598,-6.610172748565674,-2.670654058456421,-10.51951789855957,4.158641815185547,-0.7101861834526062,-13.773209571838379,-4.170326232910156,-2.3407955169677734,-12.017407417297363,2.124903917312622,-0.2833276391029358,2.969066858291626,-10.902430534362793,-0.691479504108429,0.6811052560806274,-9.974431991577148,-1.7777128219604492,6.050468444824219,-6.232803821563721,-1.5211588144302368,5.7160563468933105,-7.860516548156738,-3.3874082565307617,8.317462921142578,0.08011867851018906,-1.0970582962036133,5.559749603271484,-8.806234359741211,-2.7411813735961914,7.536317348480225,-2.4554214477539062,-0.5424023270606995,-7.114969730377197,-7.017834186553955,-0.7685195207595825,-4.2123122215271,-8.004417419433594,-3.038328170776367,-6.573184013366699,3.37020206451416,-0.6681011319160461,5.295235633850098,-10.846914291381836,-3.4599692821502686,0.9293041229248047,1.5548806190490723,-3.3348567485809326,-0.29588234424591064,1.8749805688858032,-3.247875452041626,7.877638816833496,0.12643010914325714,-0.7494150400161743,-0.7208777666091919,-9.278804779052734,-1.3491928577423096,5.723323345184326,-8.455012321472168,-0.6064205765724182,2.6357030868530273,-10.86966323852539,-0.4998186230659485,4.8884992599487305,-11.482810020446777,-2.687711000442505,-11.078892707824707,3.6912941932678223,-1.957248330116272,-12.746864318847656,0.13910546898841858,-0.6669199466705322,-10.640902519226074,-5.97314453125,-2.880876064300537,6.908740043640137,-3.489567279815674,-0.5621386766433716,-9.543977737426758,-6.371172904968262,-0.6813281774520874,4.519095420837402,-11.66071605682373,-0.8020694851875305,-1.734743595123291,-8.897971153259277,-2.8973543643951416,-9.69924545288086,3.8200016021728516,-3.4213221073150635,-2.310053825378418,2.282491445541382,-0.5974771976470947,-5.638896942138672,-7.56029748916626,-3.6660714149475098,7.170614719390869,-0.014468075707554817,-1.6077020168304443,5.705533027648926,-6.984288692474365,-2.624168634414673,6.614642143249512,-4.0842742919921875,-1.1573320627212524,5.549814224243164,-10.145094871520996,-3.3170554637908936,-3.6971890926361084,2.745910167694092,-1.0198559761047363,0.9639671444892883,-10.108997344970703,-2.5054240226745605,6.166058540344238,-5.022650718688965,-0.7821579575538635,-3.381080150604248,-8.29841423034668,-3.752676248550415,2.8338003158569336,0.9746437668800354,-2.9916861057281494,-8.518465042114258,3.5464985370635986,-1.0031638145446777,-7.493231773376465,-6.817930221557617,-0.9018946290016174,-2.2172088623046875,-8.723979949951172,-1.207780122756958,-8.08632755279541,-6.453711986541748,-0.7188887000083923,1.5498014688491821,-10.394369125366211,-3.1811883449554443,7.559828281402588,-2.146287441253662,-3.2170019149780273,-5.429104804992676,3.0253233909606934,-1.852429986000061,-12.795492172241211,-2.0487735271453857,-3.462606430053711,-7.750533103942871,2.7375779151916504,-0.7355175614356995,3.6202235221862793,-11.333415031433105,-3.383012294769287,7.717849254608154,-1.5614421367645264,-2.919363498687744,-10.888200759887695,2.4399447441101074,-1.1650054454803467,0.12680470943450928,-9.663167953491211,-2.090635299682617,5.490097522735596,-6.777612686157227,-1.002874732017517,-5.017238616943359,-7.6964240074157715,-3.0374691486358643,-10.207204818725586,3.399416923522949,-1.2832918167114258,5.5325703620910645,-9.5687255859375,-3.6549453735351562,7.451578617095947,-1.1861642599105835,-2.0604519844055176,-12.679888725280762,-1.1312429904937744,-3.7684261798858643,7.824828147888184,-0.5004915595054626,-1.0095092058181763,5.42196798324585,-11.379851341247559,-0.8138525485992432,5.02297306060791,-11.955751419067383,-1.0550265312194824,-12.855094909667969,-4.601325511932373,-3.102888345718384,-10.588162422180176,2.911731719970703,-1.0518975257873535,-11.35240364074707,-5.3843994140625,-3.221492052078247,7.042999267578125,-3.010284662246704,-1.3734527826309204,-0.22234460711479187,-9.493261337280273,-2.0809326171875,5.899126052856445,-6.273167610168457,-3.821897506713867,5.085068225860596,0.40812408924102783,-1.3371014595031738,-12.099088668823242,-4.783980846405029,-1.0509546995162964,-6.749432563781738,-7.053623676300049,-3.8623337745666504,1.4164481163024902,1.0889840126037598,-2.658116340637207,-11.667963027954102,1.5701264142990112,-1.3353034257888794,-5.7401957511901855,-7.31992769241333,-3.893515110015869,-1.5018467903137207,1.6172536611557007,-2.146554946899414,5.624645233154297,-7.544386863708496,-1.531046748161316,5.504451751708984,-9.096168518066406,-3.18521785736084,-8.928317070007324,3.0603790283203125,-3.6446642875671387,-4.396212100982666,2.43070387840271,-0.6794798374176025,5.267997741699219,-12.140761375427246,-1.979293704032898,5.478925704956055,-8.420223236083984,-1.106661319732666,2.2085485458374023,-10.662446975708008,-2.556035280227661,5.918851375579834,-5.972165107727051,-1.4354078769683838,-12.87990951538086,-3.7114975452423096,-2.46413254737854,-12.087994575500488,0.023310720920562744,-1.237021803855896,-9.39639663696289,-6.034409999847412,-4.11970853805542,6.125484943389893,-0.2318638563156128,-3.653233528137207,-6.625396728515625,2.409963846206665,-1.8853960037231445,-12.362284660339355,-3.3543739318847656,-1.5416278839111328,-2.332984685897827,-8.592540740966797,-1.5036622285842896,-0.8575290441513062,-9.1210355758667,-1.073164463043213,3.713698387145996,-11.278889656066895,-1.4001076221466064,5.369194984436035,-10.659626007080078,-3.375758171081543,-9.299559593200684,2.9943418502807617,-3.8569090366363525,-3.027080774307251,1.9557580947875977,-2.880436658859253,6.359330177307129,-4.355063438415527,-4.096129417419434,2.01082706451416,0.7532912492752075,-2.5743625164031982,5.453827381134033,-6.599133014678955,-3.5658016204833984,7.153070449829102,-2.2377567291259766,-3.8434858322143555,-0.07452338933944702,1.3247467279434204,-3.2024519443511963,-10.195496559143066,2.176297903060913,-1.3027780055999756,2.8651814460754395,-10.899226188659668,-1.215240716934204,5.062834739685059,-11.754069328308105,-1.5194053649902344,-11.233174324035645,-4.997910022735596,-1.392459511756897,1.5679523944854736,-10.26204776763916,-3.0631117820739746,5.821439743041992,-5.0918121337890625,-1.5760120153427124,-3.01605486869812,-8.30589771270752,-1.6956218481063843,5.366866588592529,-10.024967193603516,-1.1521430015563965,5.428779125213623,-11.908931732177734,-4.155770778656006,6.997681617736816,-0.846163272857666,-1.6649203300476074,-3.9538815021514893,-7.9276299476623535,-1.592598557472229,-1.4731343984603882,-8.76542854309082,-2.2518415451049805,5.4224724769592285,-7.865211009979248,-1.101828694343567,5.250020980834961,-12.585247039794922,-3.0917789936065674,-10.8484525680542,0.9394370317459106,-1.7691783905029297,-4.9059739112854,-7.510719299316406,-1.6402308940887451,4.787471294403076,-11.046350479125977,-4.4252424240112305,3.8100311756134033,-0.06232364475727081,-3.221039295196533,6.186053276062012,-4.596851825714111,-1.387982964515686,4.415587425231934,-11.296550750732422,-3.8773739337921143,6.689076900482178,-2.692770481109619,-4.210843086242676,6.684619426727295,-0.7069803476333618,-3.446234703063965,6.349435806274414,-3.9062161445617676,-1.3542181253433228,5.469211578369141,-12.384093284606934,-2.595869541168213,5.462519645690918,-7.063996315002441,-1.7801029682159424,5.05303430557251,-10.728187561035156,-1.507745385169983,5.117642402648926,-11.40911865234375,-3.7744717597961426,-7.637969493865967,2.4793288707733154,-4.435370922088623,4.914721488952637,-0.35773205757141113,-3.392594575881958,-9.271724700927734,2.0273497104644775,-2.145571708679199,5.100480079650879,-9.672783851623535,-4.0861101150512695,6.578512668609619,-1.8119972944259644,-2.7194228172302246,-11.624439239501953,-0.6344084143638611,-3.6154000759124756,-8.680084228515625,2.3984177112579346,-1.985822081565857,-10.481461524963379,-4.8542327880859375,-1.941177248954773,-9.250960350036621,-5.529759407043457,-1.7412457466125488,-8.474495887756348,-6.0153398513793945,-2.3718910217285156,-11.948957443237305,-2.1944570541381836,-1.6445801258087158,0.7474610805511475,-9.787272453308105,-3.2463669776916504,5.263866424560547,-6.121987342834473,-1.9939996004104614,-11.376574516296387,-4.296900272369385,-1.8676708936691284,2.656132698059082,-10.625992774963379,-1.9354530572891235,3.583406686782837,-10.800106048583984,-3.9523072242736816,-4.929125785827637,1.7960880994796753,-2.0525660514831543,-6.619677543640137,-6.607796669006348,-4.486431121826172,2.9067273139953613,-0.01661001145839691,-2.2357540130615234,5.2387003898620605,-8.851509094238281,-2.6781556606292725,5.295233726501465,-7.487336158752441,-3.3607876300811768,-9.963583946228027,1.4092187881469727,-4.170819282531738,-0.3465694785118103,0.8526662588119507,-1.8497092723846436,4.718551158905029,-11.346880912780762,-4.1295671463012695,-5.562182426452637,1.8701505661010742,-4.410079002380371,-2.6163907051086426,1.0991159677505493,-3.3921875953674316,-10.129804611206055,0.4795827865600586,-2.5292508602142334,5.122523307800293,-8.350663185119629,-4.206160545349121,6.178253650665283,-1.4842854738235474,-3.908865213394165,-7.904458999633789,2.035416841506958,-2.0818300247192383,-7.837118148803711,-5.995218753814697,-4.665177822113037,0.588496208190918,0.022159874439239502,-4.556220531463623,5.662594795227051,-0.7999056577682495,-2.2668561935424805,1.9954456090927124,-10.092912673950195,-4.0372700691223145,5.9794745445251465,-3.211379289627075,-2.654533624649048,-11.288604736328125,-2.700284004211426,-3.1601717472076416,-10.6967134475708,-0.3749154508113861,-2.248713970184326,0.1140982061624527,-9.263422966003418,-1.9642778635025024,0.5004345178604126,-9.569177627563477,-3.189023017883301,5.182712554931641,-6.7430100440979,-3.8206186294555664,-8.15474796295166,1.4600012302398682,-3.8297765254974365,-8.6193208694458,0.8418780565261841,-3.723371982574463,5.683359622955322,-4.615248203277588,-2.1792783737182617,-0.8250153064727783,-8.90908145904541,-3.6275007724761963,-9.321932792663574,0.8292027711868286,-3.0770132541656494,-10.84451675415039,-1.1916563510894775,-4.115837574005127,-6.496465682983398,1.7289881706237793,-4.553533554077148,5.531416893005371,-1.2551651000976562,-2.2136690616607666,-3.2308778762817383,-7.975818157196045,-2.3633575439453125,-2.4936373233795166,-8.135879516601562,-4.776961326599121,1.6598860025405884,-0.24524477124214172,-3.669137477874756,5.018863201141357,-5.522639751434326,-4.429330348968506,-0.5639338493347168,0.3182757794857025,-4.363674640655518,5.491338729858398,-2.3837695121765137,-2.359846353530884,4.838696479797363,-10.153382301330566,-2.631920576095581,-10.539039611816406,-3.635727643966675,-2.5395493507385254,-5.637874126434326,-6.621672630310059,-2.4684784412384033,-1.6840907335281372,-8.20777416229248,-2.3920674324035645,1.3797292709350586,-9.74204158782959,-2.534268856048584,-9.484487533569336,-4.669139385223389,-4.366327285766602,-4.377711296081543,1.566017508506775,-4.8532395362854,3.8330109119415283,-0.8812739849090576,-2.691805362701416,4.6639723777771,-9.750057220458984,-2.273771047592163,4.391533374786377,-10.31045913696289,-2.280095100402832,4.241724967956543,-10.815360069274902,-3.5474555492401123,-9.655323028564453,-0.9297056198120117,-3.0945990085601807,4.929110050201416,-7.601207256317139,-4.0269012451171875,-7.71028470993042,0.8493853211402893,-3.1450793743133545,-10.376031875610352,-2.1045188903808594,-4.15623664855957,-6.028477191925049,1.1867140531539917,-3.6621201038360596,-9.284463882446289,-0.02380061149597168,-2.856436014175415,4.699277877807617,-8.842391014099121,-2.627335786819458,-4.0337233543396,-7.39773416519165,-2.5960171222686768,-8.12277603149414,-5.357570648193359,-2.719994306564331,-7.203692436218262,-5.596016883850098,-2.3717739582061768,3.123135566711426,-10.482050895690918,-2.2624893188476562,3.6611499786376953,-10.86076545715332,-2.734205484390259,-9.537586212158203,-4.2977190017700195,-4.705703258514404,-2.48537540435791,0.9189978837966919,-4.9597249031066895,4.769925594329834,-1.7090579271316528,-4.598114013671875,-3.9169762134552,0.8421165347099304,-4.968440532684326,4.394647121429443,-1.194832444190979,-4.205421447753906,5.449315071105957,-3.73093581199646,-4.449651718139648,5.173915863037109,-3.192420482635498,-3.2802982330322266,4.308011054992676,-8.491877555847168,-4.147182941436768,5.025141716003418,-4.6583662033081055,-4.23621940612793,-5.205633163452148,0.7886079549789429,-3.094700574874878,-6.080185890197754,-5.765567779541016,-3.840441942214966,-8.670943260192871,-0.48784589767456055,-3.1410515308380127,-9.44878101348877,-3.348806381225586,-4.226178169250488,-6.692605972290039,0.3862762451171875,-4.369205474853516,-5.473310947418213,0.28137272596359253,-3.114471673965454,-1.2480087280273438,-7.95029878616333,-4.06823205947876,-7.78244686126709,0.06856846809387207,-3.0586767196655273,1.795192837715149,-9.36513900756836,-2.6637766361236572,3.96506404876709,-9.906575202941895,-4.722872257232666,-0.7128939032554626,0.3681137263774872,-3.9314515590667725,4.615713596343994,-6.056056976318359,-4.820348262786865,4.55638313293457,-2.3187477588653564,-2.8781442642211914,-0.24200183153152466,-8.624835014343262,-2.9129903316497803,2.6588330268859863,-9.94058609008789,-3.5350024700164795,-9.347375869750977,-1.9517176151275635,-3.1637542247772217,-8.62587833404541,-4.046338081359863,-2.719120740890503,3.550182580947876,-10.454826354980469,-2.981407642364502,-1.9154165983200073,-7.720276832580566,-3.479921579360962,-9.002352714538574,-2.757967710494995,-5.00488805770874,1.2566170692443848,-0.24570688605308533,-4.259156227111816,-6.922328948974609,-0.5136603116989136,-3.788191080093384,-8.765910148620605,-1.3469908237457275,-3.755943536758423,4.041235446929932,-7.5089616775512695,-3.412450075149536,-7.301013469696045,-4.403582572937012,-3.026791572570801,0.5669819712638855,-8.849239349365234,-3.9357032775878906,4.127087593078613,-6.842052936553955,-4.816814422607422,-1.501816987991333,0.1429535448551178,-4.884237766265869,-0.1828474998474121,-0.163712739944458,-5.035800933837891,2.9382903575897217,-0.7224150896072388,-4.829090595245361,4.30248498916626,-2.9811127185821533,-4.824066638946533,-2.9099085330963135,0.4095882475376129,-4.4346184730529785,4.476160526275635,-4.602070331573486,-4.376330375671387,-6.1302266120910645,-0.6227944493293762,-3.158442497253418,-4.756108283996582,-6.511661052703857,-4.037951469421387,-7.994784355163574,-1.0303306579589844,-3.3930511474609375,-6.472774982452393,-4.985141277313232,-3.2815752029418945,-3.197295904159546,-7.079235553741455,-4.495500564575195,-5.303793907165527,-0.3610646724700928,-3.363431215286255,3.77177095413208,-9.044471740722656,-4.339168548583984,4.074594020843506,-5.056575298309326,-3.75040602684021,-8.228948593139648,-2.6368908882141113,-3.6163856983184814,-7.967441082000732,-3.317600727081299,-4.618343830108643,-4.447360038757324,-0.38385653495788574,-3.1682868003845215,3.3448638916015625,-9.271389961242676,-4.807685852050781,-2.2779572010040283,-0.22066229581832886,-4.74643611907959,-0.6659020185470581,-0.6006499528884888,-3.918774366378784,-8.063511848449707,-1.9687745571136475,-4.926877975463867,-1.530747890472412,-1.238452672958374,-5.177565574645996,1.300478219985962,-0.8060311079025269,-4.765040397644043,-3.39616060256958,-0.3556654453277588,-3.239105463027954,2.702226161956787,-9.514993667602539,-4.237739562988281,-7.077561855316162,-1.4308912754058838,-5.138577461242676,3.5970892906188965,-1.551974892616272,-4.269439220428467,3.8759636878967285,-6.2230329513549805,-4.660983085632324,-4.434950828552246,-0.8638633489608765,-4.998499393463135,-0.4230872392654419,-1.3141429424285889,-4.8282647132873535,3.8796463012695312,-3.545893907546997,-3.8653197288513184,-6.972919940948486,-3.463007926940918,-4.157689094543457,-6.924345016479492,-2.1244263648986816,-4.40517520904541,-5.930943965911865,-1.3213756084442139,-3.456665277481079,1.6677676439285278,-8.850442886352539,-3.702331781387329,3.6737723350524902,-8.2033109664917,-5.047366142272949,2.5164425373077393,-1.5246003866195679,-5.1247076988220215,0.7234843373298645,-1.3993772268295288,-3.984032392501831,-7.210412979125977,-2.6945440769195557,-3.5786867141723633,-4.596086502075195,-5.989105701446533,-3.6589603424072266,-1.898202896118164,-7.011890411376953,-4.540818691253662,-4.993978977203369,-1.7671897411346436,-4.0901198387146,-5.87234354019165,-3.7034974098205566,-3.751802921295166,-5.696966171264648,-4.78005313873291,-5.0709075927734375,3.4734411239624023,-2.4168639183044434,-3.372411012649536,-0.08149251341819763,-8.208986282348633,-4.537847518920898,3.525456666946411,-5.378972053527832,-4.890511989593506,-2.7439239025115967,-1.2772448062896729,-4.728797912597656,3.7354629039764404,-4.311366081237793,-4.175732135772705,-6.242847442626953,-2.949512481689453,-4.479644298553467,-5.420905113220215,-2.0798890590667725,-3.646371364593506,2.457934856414795,-8.58261775970459,-5.116219997406006,1.243410348892212,-1.333263874053955,-3.739737033843994,3.1894733905792236,-8.395602226257324,-5.044638633728027,-0.8883707523345947,-1.9694089889526367,-4.742620468139648,-3.916027307510376,-1.6178362369537354,-4.31789493560791,-6.039422512054443,-2.3123016357421875,-5.148377895355225,2.184821128845215,-2.050506591796875,-3.75095272064209,0.79355388879776,-8.022415161132812,-5.142069339752197,0.13365504145622253,-1.8923492431640625,-3.728991746902466,-0.7970681190490723,-7.435323715209961,-4.400533676147461,3.394420862197876,-6.123459815979004,-4.1581926345825195,3.32623553276062,-7.069089412689209,-3.942514419555664,-4.755273342132568,-5.124364852905273,-4.066738605499268,-2.15432071685791,-6.270422458648682,-4.6412529945373535,-4.1322479248046875,-2.5794451236724854,-5.052517890930176,2.863436222076416,-3.7794301509857178,-4.157329082489014,-4.9609575271606445,-4.249512195587158,-5.167080879211426,2.1835365295410156,-3.2766823768615723,-3.8670918941497803,-4.094914436340332,-5.759284496307373,-3.974825859069824,-3.2106142044067383,-5.997030735015869,-3.9991071224212646,-0.15236496925354004,-7.306586742401123,-4.018743515014648,2.8571794033050537,-7.853001594543457,-4.770633697509766,-3.482206106185913,-2.246089458465576,-4.420816898345947,-4.928801536560059,-3.150346517562866,-5.203345775604248,1.7848477363586426,-2.5624356269836426,-4.879568576812744,2.8749732971191406,-4.664524555206299,-3.977060079574585,1.8419053554534912,-7.952756881713867,-4.931568622589111,-2.33237624168396,-2.1284384727478027,-5.206934452056885,0.8145542144775391,-2.572101354598999,-4.987211227416992,-1.5648212432861328,-2.6881296634674072,-4.465284824371338,-4.138178825378418,-3.8231101036071777,-4.2547430992126465,-4.124533176422119,-4.7201337814331055,-4.657039165496826,2.575563907623291,-5.907156467437744,-4.440306186676025,2.5649032592773438,-6.701066493988037,-4.743308067321777,-3.375185251235962,-2.8723771572113037,-4.188237190246582,0.8532617092132568,-7.241694450378418,-4.216933727264404,-1.1119108200073242,-6.518797397613525,-4.337320327758789,-2.9460785388946533,-5.220005035400391,-4.31768274307251,1.9391142129898071,-7.225124835968018,-5.148529529571533,-0.06744536757469177,-2.9369473457336426,-5.1836419105529785,0.4683084487915039,-3.3241586685180664,-4.961496829986572,2.3087103366851807,-4.776139259338379,-5.194193363189697,1.1402229070663452,-3.5024940967559814,-4.789510726928711,-2.4294774532318115,-3.499297857284546,-4.5363569259643555,-3.087388038635254,-4.297459602355957,-4.57294225692749,0.25150614976882935,-6.139957427978516,-5.032102108001709,-1.0595667362213135,-3.168173313140869,-4.743658065795898,-1.9471102952957153,-4.283430099487305,-4.493420600891113,-1.5269379615783691,-5.648567199707031,-4.631899356842041,1.2985116243362427,-6.248919486999512,-4.6570515632629395,-0.7222000360488892,-5.526458740234375,-5.110017776489258,1.3692686557769775,-4.321651458740234,-4.672976016998291,-1.582462191581726,-4.938144207000732,-5.011680603027344,-0.7750356793403625,-3.9381654262542725,-4.9354119300842285,1.2941516637802124,-5.198939323425293,-5.038361549377441,0.2905178368091583,-4.494457244873047
