/home/arvardaz/SFT_with_CNN/output2/1489510020.6319168_2125.png,0.8591422438621521,1.183793544769287,14.896317481994629,1.1284401416778564,1.29586660861969,14.962860107421875,1.06892991065979,1.2087138891220093,14.622162818908691,0.9308100938796997,1.2293837070465088,15.0902099609375,1.26961088180542,1.3100467920303345,14.796998023986816,1.4748289585113525,1.3826162815093994,14.84095287322998,1.3731660842895508,1.387921690940857,15.070504188537598,1.5931068658828735,1.4331004619598389,14.982799530029297,1.3879923820495605,1.3218039274215698,14.696107864379883,0.8233920335769653,1.1275523900985718,14.683645248413086,1.2036291360855103,1.340989351272583,15.192362785339355,0.8035486936569214,1.0506647825241089,14.481407165527344,1.629372477531433,1.4160023927688599,14.8677978515625,1.297860026359558,1.1927258968353271,14.41772747039795,0.6723240613937378,1.0805140733718872,14.801623344421387,1.1037315130233765,1.297217607498169,15.371114730834961,1.5223710536956787,1.4392634630203247,15.229641914367676,1.06076180934906,1.1035734415054321,14.375629425048828,1.638283371925354,1.3322131633758545,14.55634880065918,1.520435094833374,1.3188061714172363,14.589020729064941,1.4728655815124512,1.2563387155532837,14.452143669128418,0.6081292033195496,1.071657657623291,15.102176666259766,1.4323195219039917,1.41958749294281,15.374435424804688,1.7867777347564697,1.3865705728530884,14.650870323181152,0.4635109305381775,0.971489429473877,14.838519096374512,0.8814778327941895,1.1935771703720093,15.415590286254883,0.5920481085777283,0.9857435822486877,14.584488868713379,1.822935700416565,1.467960000038147,15.070576667785645,1.8697388172149658,1.4632433652877808,14.974747657775879,1.915860891342163,1.4448683261871338,14.836883544921875,0.7436047792434692,0.9615007638931274,14.33456802368164,1.701977014541626,1.4707303047180176,15.30981731414795,0.5650407671928406,1.035056710243225,15.301628112792969,1.3429253101348877,1.386781096458435,15.52587604522705,1.2477107048034668,1.097172737121582,14.266450881958008,0.9665399789810181,0.9933220744132996,14.230846405029297,1.84849214553833,1.4715036153793335,15.206062316894531,1.816381812095642,1.3428869247436523,14.525691986083984,0.32511427998542786,0.8489499092102051,14.558357238769531,1.6302800178527832,1.2503494024276733,14.36673355102539,1.6083139181137085,1.1848056316375732,14.251489639282227,1.017988920211792,1.2337099313735962,15.560510635375977,1.781561255455017,1.4828696250915527,15.47095012664795,1.5743749141693115,1.4509624242782593,15.572437286376953,0.4018608331680298,0.8059719800949097,14.33912181854248,1.785024881362915,1.2983635663986206,14.419967651367188,1.8789368867874146,1.4895908832550049,15.316534042358398,1.968868613243103,1.450245976448059,15.001448631286621,0.21302129328250885,0.8621229529380798,14.970382690429688,0.15694300830364227,0.8103110790252686,14.730210304260254,1.927060604095459,1.391581654548645,14.661579132080078,0.626039981842041,1.0401808023452759,15.412044525146484,0.8105407953262329,0.8425996899604797,14.098158836364746,1.1681090593338013,1.2943620681762695,15.63911247253418,1.4061757326126099,1.3849064111709595,15.668059349060059,0.11085913330316544,0.7434970736503601,14.50971794128418,1.392048716545105,1.0750513076782227,14.170283317565918,0.33985134959220886,0.9150516986846924,15.231393814086914,0.6426539421081543,0.8496927618980408,14.220537185668945,1.954768180847168,1.4822120666503906,15.129993438720703,1.1091217994689941,0.9451573491096497,14.090688705444336,2.128113269805908,1.409077763557434,14.720486640930176,1.9748761653900146,1.3830161094665527,14.581501007080078,0.15142780542373657,0.6835877895355225,14.28641414642334,1.7966225147247314,1.4875211715698242,15.658475875854492,1.5212287902832031,1.4209744930267334,15.777322769165039,2.039459228515625,1.4553433656692505,14.981831550598145,0.37309175729751587,0.6902016997337341,14.132094383239746,0.09360501170158386,0.7945333123207092,15.236495018005371,-0.04600599408149719,0.7352080345153809,14.916238784790039,-0.1536315679550171,0.6377522349357605,14.578088760375977,-0.06989362835884094,0.6073325276374817,14.342937469482422,1.9555742740631104,1.3031182289123535,14.38058853149414,1.8545427322387695,1.2253968715667725,14.266733169555664,1.2524912357330322,0.9557181000709534,14.050901412963867,1.8415117263793945,1.503509521484375,15.800591468811035,2.083784341812134,1.3874702453613281,14.623002052307129,-0.3101499378681183,0.5840672254562378,14.725824356079102,1.9802783727645874,1.489772915840149,15.491207122802734,0.59371018409729,0.7167845964431763,14.051912307739258,2.0559580326080322,1.4679490327835083,15.268811225891113,2.128307819366455,1.4552831649780273,15.186322212219238,1.2606165409088135,1.2928035259246826,15.810821533203125,2.202263832092285,1.4241951704025269,15.058014869689941,2.0442049503326416,1.2545740604400635,14.239653587341309,2.1545448303222656,1.3401511907577515,14.39343547821045,-0.21789482235908508,0.6478182673454285,15.022439002990723,0.7330140471458435,1.080902099609375,15.539666175842285,1.5523681640625,1.3962721824645996,15.910212516784668,-0.3449549674987793,0.43304523825645447,14.257787704467773,0.9634717106819153,0.7529952526092529,13.932249069213867,1.9081848859786987,1.1587870121002197,14.13460636138916,1.6362513303756714,1.099529504776001,14.116923332214355,2.2072315216064453,1.3582090139389038,14.511476516723633,0.4173606038093567,0.9199672341346741,15.46949291229248,2.17339825630188,1.4180772304534912,14.795671463012695,0.028146840631961823,0.5322452783584595,14.089421272277832,-0.508254885673523,0.46364372968673706,14.657319068908691,0.26262563467025757,0.7978523373603821,15.513934135437012,-0.11671658605337143,0.6741056442260742,15.280095100402832,0.9062319397926331,1.0979409217834473,15.753238677978516,-0.4296224117279053,0.4510917067527771,14.41579818725586,1.8486170768737793,1.4966280460357666,15.940255165100098,1.3339059352874756,1.253174066543579,15.971061706542969,2.033691644668579,1.488121747970581,15.741571426391602,2.157086133956909,1.292542576789856,14.279524803161621,-0.4359378218650818,0.5259640216827393,14.915763854980469,-0.23075635731220245,0.4229174852371216,14.126120567321777,1.1075589656829834,1.1642134189605713,15.871614456176758,1.9360014200210571,1.4721688032150269,15.833552360534668,2.126380681991577,1.4508405923843384,15.532159805297852,1.4513185024261475,0.8993862271308899,13.95064640045166,0.31714004278182983,0.5790228247642517,13.990514755249023,1.7030848264694214,1.421579122543335,16.023113250732422,2.204375982284546,1.4181442260742188,15.354522705078125,0.6927446126937866,0.6386683583259583,13.935233116149902,1.137281894683838,0.7862387895584106,13.923622131347656,-0.6159809827804565,0.29396286606788635,14.265995025634766,0.6652559638023376,0.9788767695426941,15.667106628417969,-0.7590678334236145,0.3013489246368408,14.564335823059082,2.301070213317871,1.364137887954712,14.599763870239258,2.24267840385437,1.313207983970642,14.359747886657715,2.3125689029693604,1.284268856048584,14.264745712280273,0.05626985803246498,0.7008817195892334,15.481493949890137,2.2969677448272705,1.3775761127471924,15.157913208007812,2.3435215950012207,1.3402694463729858,14.716381072998047,1.876875400543213,1.0609980821609497,14.021805763244629,1.6282768249511719,0.9591820240020752,13.97489070892334,-0.3057936429977417,0.5632959008216858,15.25532341003418,-0.7418400049209595,0.33594709634780884,14.855612754821777,0.7308984398841858,0.9643668532371521,15.76900863647461,0.5337293744087219,0.8495903015136719,15.708212852478027,2.3198342323303223,1.3544472455978394,14.903614044189453,2.3867852687835693,1.3214901685714722,14.40710735321045,2.200826644897461,1.1791071891784668,14.080644607543945,-0.1271888017654419,0.3598897457122803,13.938915252685547,0.04849546030163765,0.4504186809062958,13.954163551330566,1.991949439048767,1.4611023664474487,15.954651832580566,0.4832827150821686,0.5396091341972351,13.901212692260742,-0.5318083167076111,0.4551369845867157,15.075703620910645,-0.8803473114967346,0.19488100707530975,14.429080963134766,1.8989417552947998,1.4761826992034912,16.053565979003906,2.143195867538452,1.4439383745193481,15.739880561828613,0.32544681429862976,0.43863990902900696,13.833686828613281,1.3353636264801025,0.7988453507423401,13.891000747680664,0.4289926290512085,0.8658451437950134,15.59680461883545,1.4509190320968628,1.2281641960144043,16.135986328125,2.3528902530670166,1.242447853088379,14.14664077758789,-0.45418620109558105,0.2661047875881195,14.042669296264648,2.471235513687134,1.2989959716796875,14.623930931091309,2.4541685581207275,1.2730156183242798,14.22094440460205,2.088155508041382,1.0974681377410889,14.01900577545166,1.8756743669509888,1.4328105449676514,16.222293853759766,-0.7266683578491211,0.32209092378616333,15.083337783813477,-0.9374706149101257,0.20720988512039185,14.719745635986328,0.8438974022865295,1.0043531656265259,15.831807136535645,0.8299605250358582,0.5884067416191101,13.834336280822754,0.12142983824014664,0.3209835886955261,13.78028392791748,2.2315242290496826,1.3993858098983765,15.508817672729492,-0.1783982217311859,0.5770127773284912,15.446321487426758,1.6651535034179688,0.8353558778762817,13.879573822021484,2.4254181385040283,1.2849057912826538,15.005916595458984,1.5374469757080078,0.84097820520401,13.901220321655273,1.6627686023712158,1.3345651626586914,16.189992904663086,0.9295319318771362,1.0001739263534546,15.912956237792969,-0.4837000072002411,0.3993474245071411,15.398187637329102,2.1597909927368164,1.426218032836914,15.85303783416748,2.106302261352539,1.4212685823440552,16.207229614257812,1.7759523391723633,1.359618902206421,16.267196655273438,2.0650861263275146,1.452447772026062,16.005298614501953,2.5361902713775635,1.2845048904418945,14.439181327819824,-0.8809490203857422,0.06387585401535034,14.08834171295166,-0.2996387779712677,0.21916931867599487,13.858738899230957,-1.0752407312393188,0.12349935621023178,14.67614459991455,0.3501363694667816,0.7346355319023132,15.703091621398926,2.476677894592285,1.27205228805542,14.786863327026367,-0.7055500149726868,0.03309691324830055,13.86074447631836,2.3752601146698,1.1243081092834473,14.002175331115723,2.478034734725952,1.228327989578247,14.100576400756836,1.932802677154541,0.9269195795059204,13.8948335647583,1.7965037822723389,0.8859811425209045,13.898521423339844,-0.5866884589195251,0.35296738147735596,15.340126991271973,-0.7180955410003662,0.29139190912246704,15.237824440002441,2.030745506286621,1.4415724277496338,16.278759002685547,2.317957878112793,1.3163515329360962,15.447443008422852,2.350388288497925,1.3228822946548462,15.301651954650879,1.0800999402999878,1.0767334699630737,15.97885799407959,2.2491188049316406,1.0908094644546509,13.995620727539062,2.185900926589966,1.3980746269226074,16.007572174072266,2.2783265113830566,1.3573198318481445,15.641861915588379,-0.9942601919174194,0.1635832041501999,15.04840087890625,-1.1450408697128296,-0.007470876909792423,14.362432479858398,-0.09713174402713776,0.24414178729057312,13.780227661132812,1.3271647691726685,1.1184804439544678,16.09764862060547,2.1451337337493896,1.3991680145263672,16.13312530517578,2.6919548511505127,1.2118163108825684,14.106215476989746,-0.20037418603897095,0.15697632730007172,13.731107711791992,-0.0738799124956131,0.5641670823097229,15.570809364318848,-0.2697094976902008,0.46322110295295715,15.532729148864746,2.4776508808135986,1.2088745832443237,14.908823013305664,-0.5010968446731567,0.01661498099565506,13.704800605773926,2.6743226051330566,1.2275100946426392,14.304025650024414,1.2053444385528564,1.0667752027511597,16.085357666015625,0.5102953314781189,0.4392644762992859,13.812966346740723,-1.3231499195098877,-0.049981411546468735,14.695686340332031,0.183344766497612,0.6465623378753662,15.681694030761719,0.6903993487358093,0.4093100130558014,13.764963150024414,1.8601197004318237,1.3835697174072266,16.368379592895508,0.6825963258743286,0.8628665208816528,15.85132884979248,2.620816707611084,1.216922640800476,14.623442649841309,2.585493326187134,1.202980875968933,14.08543586730957,2.589909076690674,1.1411570310592651,13.97335147857666,2.4479782581329346,1.1703224182128906,14.002767562866211,1.348632574081421,0.5805822610855103,13.773917198181152,1.9846534729003906,1.394378900527954,16.4368896484375,-1.2060657739639282,0.0516885444521904,14.914047241210938,2.3008270263671875,1.3280444145202637,15.785396575927734,2.1380720138549805,0.9481493234634399,13.903980255126953,1.1938549280166626,0.6040921211242676,13.800307273864746,0.9460619688034058,0.4765404760837555,13.743361473083496,0.287421315908432,0.28773242235183716,13.720864295959473,2.4350905418395996,1.255955696105957,15.176618576049805,-0.8956952691078186,-0.080741748213768,13.842550277709961,2.1400229930877686,1.3977023363113403,16.38241195678711,1.5597566366195679,1.2046983242034912,16.278230667114258,-0.9067269563674927,0.1463930755853653,15.336079597473145,1.009424090385437,0.9557598829269409,16.039234161376953,2.2617533206939697,0.9824645519256592,13.900055885314941,-1.1092644929885864,-0.16251249611377716,13.964171409606934,-0.04757794365286827,0.505486011505127,15.66736125946045,-0.4524623155593872,0.3324202001094818,15.550289154052734,-0.03540344163775444,0.12188033014535904,13.653786659240723,1.5333093404769897,0.6402248740196228,13.795307159423828,2.3116414546966553,1.299435019493103,15.995779991149902,-0.30856773257255554,0.01887272298336029,13.622490882873535,1.7337039709091187,1.2254027128219604,16.3763427734375,2.3405027389526367,1.293614387512207,15.569764137268066,2.4523096084594727,0.9991349577903748,13.8977632522583,1.7716957330703735,0.7409460544586182,13.838091850280762,-1.2487719058990479,-0.1389162838459015,14.279094696044922,0.5828647613525391,0.7397758364677429,15.879029273986816,-0.2927719056606293,0.3332352936267853,15.65439224243164,1.4163182973861694,1.1087753772735596,16.21025848388672,-1.3877471685409546,-0.05517474189400673,15.021910667419434,0.4846378266811371,0.2976447343826294,13.710419654846191,0.38117220997810364,0.6465636491775513,15.798219680786133,-0.7132022380828857,0.2011132538318634,15.47343921661377,1.9066802263259888,1.336996078491211,16.5041561126709,2.7584805488586426,1.1312484741210938,13.945195198059082,0.08636405318975449,0.07623182237148285,13.607060432434082,-1.1572670936584473,0.026390712708234787,15.219000816345215,2.1854214668273926,1.355802059173584,16.28147315979004,-1.4310365915298462,-0.22531555593013763,14.556221961975098,2.844759941101074,1.1506764888763428,14.209829330444336,-1.3191853761672974,-0.08156178146600723,15.256438255310059,0.7821008563041687,0.8294150829315186,15.95403003692627,-0.6535238027572632,-0.10163996368646622,13.634966850280762,0.18132032454013824,0.13464322686195374,13.645334243774414,2.7588284015655518,1.170914888381958,14.437310218811035,2.495378255844116,1.1942152976989746,15.047850608825684,1.9094356298446655,0.7136642336845398,13.818782806396484,1.0960522890090942,0.42376843094825745,13.717314720153809,2.5435709953308105,1.1770726442337036,14.865406036376953,1.2101714611053467,0.9898229241371155,16.149553298950195,-1.550596833229065,-0.21001121401786804,14.89950180053711,-1.035070776939392,-0.24591852724552155,13.718841552734375,-1.3303979635238647,-0.29711559414863586,14.181727409362793,2.1609549522399902,0.7826958894729614,13.822199821472168,-0.7875288128852844,-0.2275359332561493,13.54609203338623,-0.6078944802284241,0.24939686059951782,15.518746376037598,1.4830400943756104,1.0257165431976318,16.332239151000977,2.6861348152160645,1.0486464500427246,13.92393970489502,0.23792250454425812,0.5416233539581299,15.820026397705078,1.3662110567092896,0.9896960854530334,16.195791244506836,2.6298656463623047,0.9393737316131592,13.859667778015137,1.7109544277191162,0.6246649026870728,13.79705810546875,0.04050314426422119,0.4620795249938965,15.764307975769043,-0.18448489904403687,-0.04486748203635216,13.539599418640137,2.414496421813965,0.8533202409744263,13.841277122497559,2.824615240097046,1.0858441591262817,13.89911937713623,2.0626273155212402,0.7073597311973572,13.834763526916504,2.5568830966949463,1.097872257232666,14.988964080810547,2.6391191482543945,1.1263577938079834,14.812501907348633,2.3599445819854736,1.274477481842041,15.831058502197266,2.4917755126953125,1.1680859327316284,15.258113861083984,0.7838906049728394,0.2893916070461273,13.682665824890137,2.105440855026245,1.3265122175216675,16.636760711669922,2.9214727878570557,1.1274240016937256,14.090972900390625,1.6366119384765625,1.1469480991363525,16.387157440185547,-1.5207383632659912,-0.1658140867948532,15.172407150268555,-1.6174216270446777,-0.2391863912343979,15.074650764465332,2.192948579788208,1.3991714715957642,16.42899513244629,1.743145227432251,1.1111739873886108,16.49730110168457,-1.2550992965698242,-0.30702894926071167,13.970867156982422,-0.2116365134716034,0.3439657688140869,15.718376159667969,-1.0777997970581055,0.004509449936449528,15.386643409729004,0.994903564453125,0.841204047203064,16.10405921936035,1.2731637954711914,0.3624444603919983,13.706119537353516,-1.5334259271621704,-0.3126002252101898,14.701578140258789,2.176762104034424,1.3754839897155762,16.571496963500977,2.276526927947998,1.3288259506225586,16.486371994018555,2.535183906555176,1.131597876548767,15.144903182983398,2.4149329662323,1.2009974718093872,15.699835777282715,2.744940757751465,1.1218726634979248,14.58549690246582,2.976703643798828,1.1096885204315186,13.992250442504883,0.6290165781974792,0.15725359320640564,13.646120071411133,0.38876593112945557,0.13569605350494385,13.630091667175293,-0.4348229169845581,-0.2365146279335022,13.419057846069336,2.3036208152770996,1.2682952880859375,16.1936092376709,1.901267170906067,1.2094584703445435,16.576509475708008,-0.5803564190864563,-0.2325088381767273,13.45617389678955,1.9387563467025757,1.262941837310791,16.560958862304688,2.9163901805877686,1.0774325132369995,14.319796562194824,1.1847575902938843,0.9290536046028137,16.1524715423584,0.5514872074127197,0.6048178672790527,15.958497047424316,2.4377641677856445,1.198830008506775,15.56474781036377,-1.442292332649231,-0.40960371494293213,14.312822341918945,2.4815497398376465,1.1388708353042603,15.338879585266113,2.829716682434082,1.074448585510254,14.49649429321289,-0.5753100514411926,0.17486228048801422,15.639938354492188,-1.3342851400375366,-0.14814364910125732,15.37568473815918,2.7073826789855957,1.1035064458847046,14.688796997070312,-0.42916974425315857,0.1942451298236847,15.704463005065918,-0.8474197387695312,0.08129682391881943,15.510293006896973,2.446855306625366,1.135048508644104,15.502645492553711,0.7893404960632324,0.718386173248291,16.01959228515625,0.6424337029457092,0.6058179140090942,16.025211334228516,-1.2233753204345703,-0.4298006296157837,13.718372344970703,2.2547552585601807,1.2735308408737183,16.340167999267578,0.4173930585384369,0.536781370639801,15.895380973815918,1.434124231338501,0.4057236313819885,13.726531982421875,2.2059788703918457,1.3093531131744385,16.749183654785156,-0.1372719705104828,0.29099735617637634,15.793181419372559,2.363809585571289,1.2166049480438232,16.001419067382812,-1.6695196628570557,-0.28621453046798706,15.25075626373291,2.0499703884124756,1.2627713680267334,16.72488784790039,1.6383428573608398,1.0693559646606445,16.442962646484375,-0.23487047851085663,-0.23769783973693848,13.417387008666992,1.1698535680770874,0.8599405884742737,16.224822998046875,1.9929437637329102,0.6120760440826416,13.805343627929688,0.936754584312439,0.24759531021118164,13.647655487060547,-1.0297749042510986,-0.3564354181289673,13.561135292053223,2.9468612670898438,1.0616602897644043,14.215415954589844,-0.06020287424325943,0.3391542136669159,15.803964614868164,-0.031072525307536125,-0.10379672050476074,13.496781349182129,2.3881261348724365,1.1779974699020386,15.878314018249512,1.3721414804458618,0.8726874589920044,16.268848419189453,2.895565986633301,0.9844453930854797,13.823244094848633,0.09132970869541168,0.3989611864089966,15.828180313110352,2.8232991695404053,0.8337458968162537,13.880491256713867,-0.9511351585388184,-0.4512481093406677,13.381081581115723,-0.7474384903907776,-0.3718049228191376,13.386873245239258,-1.5418072938919067,-0.49378666281700134,14.48219108581543,0.28083691000938416,0.4666733145713806,15.885852813720703,2.6058242321014404,1.0819846391677856,14.924184799194336,2.557417392730713,1.0447934865951538,14.977543830871582,0.15604092180728912,-0.09195555746555328,13.507230758666992,-1.6694244146347046,-0.38072845339775085,14.923463821411133,-1.3547651767730713,-0.45736077427864075,14.018320083618164,-1.5739027261734009,-0.49929648637771606,14.628274917602539,2.2362067699432373,0.6485027074813843,13.808788299560547,1.719156265258789,0.47664663195610046,13.78017807006836,-0.7111275792121887,0.028386712074279785,15.668136596679688,2.3988583087921143,1.1839474439620972,15.768942832946777,3.0943124294281006,1.0368773937225342,14.018610000610352,2.88485050201416,1.035529375076294,14.381966590881348,-1.5554357767105103,-0.3047974705696106,15.393128395080566,3.078272581100464,1.0287480354309082,13.831886291503906,2.3213820457458496,1.174828290939331,16.28915023803711,-1.368396520614624,-0.409988671541214,14.176116943359375,2.1430299282073975,1.2393637895584106,16.634075164794922,2.6550099849700928,0.7866074442863464,13.833443641662598,-1.1659184694290161,-0.5089605450630188,13.578421592712402,0.9474302530288696,0.6957184076309204,16.141719818115234,-0.8638202548027039,-0.05523240566253662,15.642526626586914,-1.030775785446167,-0.07793719321489334,15.536348342895508,1.0604559183120728,0.23554380238056183,13.667523384094238,2.0737080574035645,1.1665005683898926,16.66130256652832,-0.27841290831565857,0.18600326776504517,15.767701148986816,2.2666707038879395,1.1783186197280884,16.50789451599121,0.28004100918769836,-0.08528732508420944,13.544146537780762,2.344214677810669,1.19161057472229,16.158517837524414,-1.7910054922103882,-0.40983447432518005,15.214461326599121,2.711048126220703,1.046224594116211,14.710027694702148,1.1969736814498901,0.243391752243042,13.67990493774414,2.561180353164673,1.049606442451477,15.085265159606934,3.007812976837158,1.044334888458252,14.140942573547363,2.6323013305664062,1.0451101064682007,14.857905387878418,-1.76900053024292,-0.4127350449562073,15.404765129089355,2.4902427196502686,1.0734742879867554,15.398092269897461,2.077195644378662,0.5044054985046387,13.816627502441406,-1.06631600856781,-0.5189313888549805,13.418556213378906,2.546321392059326,1.0545588731765747,15.232144355773926,0.38817140460014343,-0.035890620201826096,13.56298828125,2.4513118267059326,1.0691936016082764,15.644294738769531,-1.214423418045044,-0.16578933596611023,15.506806373596191,-1.777666449546814,-0.4449465870857239,15.095539093017578,0.8003959655761719,0.1342446655035019,13.62894344329834,0.5502452850341797,0.04782232642173767,13.624676704406738,2.830066442489624,1.015144944190979,14.455623626708984,-1.3556571006774902,-0.5938321948051453,13.915343284606934,-0.5549167394638062,-0.40667060017585754,13.328521728515625,1.805867314338684,1.0179760456085205,16.54384994506836,3.174703359603882,0.9898194670677185,13.840564727783203,2.375847816467285,0.6269825100898743,13.810084342956543,2.5094714164733887,0.7110388278961182,13.819524765014648,2.1875739097595215,1.1657429933547974,16.594629287719727,3.015190601348877,0.9206852912902832,13.79226016998291,0.7980641722679138,0.5753177404403687,16.082063674926758,0.43056440353393555,0.42548668384552,15.968644142150879,-0.8256193995475769,-0.5159106254577637,13.290522575378418,0.03280073404312134,0.27682220935821533,15.87292194366455,1.6728626489639282,0.9593226909637451,16.461130142211914,2.4187750816345215,1.1190104484558105,15.955549240112305,-1.8679389953613281,-0.48715201020240784,15.373513221740723,2.2941391468048096,1.1386371850967407,16.430038452148438,2.4401016235351562,1.0769445896148682,15.801507949829102,2.475904703140259,1.0463783740997314,15.52850341796875,1.3394591808319092,0.779204785823822,16.285036087036133,0.1761215180158615,0.35210981965065,15.885406494140625,2.6954081058502197,0.9871470332145691,14.814210891723633,2.6401429176330566,1.0048339366912842,14.921439170837402,2.983614683151245,0.9266678094863892,14.213193893432617,2.807039976119995,1.0099509954452515,14.598875045776367,-1.4514431953430176,-0.6161118149757385,14.237566947937012,-0.9925815463066101,-0.16234546899795532,15.632378578186035,1.6284610033035278,0.31520572304725647,13.773808479309082,-1.6871886253356934,-0.6038379073143005,14.789328575134277,-1.2631417512893677,-0.5445534586906433,13.697456359863281,-0.012877465225756168,-0.344123899936676,13.390213012695312,2.7858352661132812,0.9510969519615173,14.67033576965332,2.979081630706787,0.954397976398468,14.29978084564209,1.1514675617218018,0.6919040679931641,16.231264114379883,2.5768144130706787,0.9807623624801636,15.17875862121582,-0.11243212968111038,0.18420791625976562,15.858017921447754,2.8904404640197754,0.9332777261734009,14.466449737548828,2.841196060180664,0.9472808241844177,14.55185317993164,2.0882511138916016,1.1103804111480713,16.632139205932617,2.967078685760498,0.8296315670013428,13.854106903076172,0.5634225010871887,-0.14399948716163635,13.583168029785156,2.6138014793395996,0.9118707180023193,15.035361289978027,0.7226141691207886,-0.007055360823869705,13.594268798828125,-0.4546394348144531,0.0750962346792221,15.77077865600586,-1.4496604204177856,-0.3401201665401459,15.502753257751465,2.7549397945404053,0.9045376181602478,14.745623588562012,2.385021448135376,1.0693378448486328,16.106138229370117,1.928554892539978,0.4298165738582611,13.805636405944824,0.17964334785938263,0.30139368772506714,15.926521301269531,-0.7917730808258057,-0.12978869676589966,15.722201347351074,2.505380630493164,0.9736376404762268,15.484042167663574,0.3514401316642761,0.3375929892063141,15.97215461730957,-1.5097702741622925,-0.5974712371826172,14.355443954467773,3.002163887023926,0.8852506875991821,13.918988227844238,2.208890438079834,0.5536389350891113,13.854750633239746,1.3800939321517944,0.16204796731472015,13.71609878540039,2.9249370098114014,0.9200792908668518,14.359247207641602,-1.1720452308654785,-0.27463504672050476,15.632662773132324,3.0335841178894043,0.9279929399490356,14.037843704223633,-1.3382244110107422,-0.34008851647377014,15.581149101257324,2.4678525924682617,1.0258901119232178,15.371620178222656,0.8590118288993835,0.5314508676528931,16.129989624023438,-0.652470052242279,-0.5124146342277527,13.26668930053711,-1.1770615577697754,-0.6439769268035889,13.473624229431152,2.3209128379821777,0.9959688186645508,16.21455192565918,-0.4237615466117859,-0.47391924262046814,13.292309761047363,-1.0542868375778198,-0.6619814038276672,13.236496925354004,1.5594533681869507,0.7922812700271606,16.380306243896484,2.5335066318511963,0.9571952223777771,15.396514892578125,-0.5434256196022034,-0.04378672316670418,15.782405853271484,-1.8408193588256836,-0.6056612730026245,15.061593055725098,3.043614149093628,0.886701762676239,14.073237419128418,-1.7464265823364258,-0.5125247836112976,15.497169494628906,-0.926344096660614,-0.6406744718551636,13.208544731140137,-1.120858073234558,-0.6748136878013611,13.312740325927734,2.3128414154052734,1.042540192604065,16.305587768554688,0.654253363609314,0.4504549205303192,16.08083724975586,1.0654971599578857,0.09920753538608551,13.651470184326172,2.0284276008605957,1.012438416481018,16.57316017150879,1.0454072952270508,0.5173396468162537,16.189632415771484,1.7350373268127441,0.36635062098503113,13.775257110595703,2.5845351219177246,0.9294708967208862,15.251968383789062,0.8724738359451294,-0.010189486667513847,13.603297233581543,2.2153830528259277,1.0482468605041504,16.500242233276367,0.49767765402793884,0.3637365698814392,16.027189254760742,-1.5567541122436523,-0.6682063937187195,14.467790603637695,-0.2732313275337219,0.06260067969560623,15.825417518615723,-1.7887977361679077,-0.7232529520988464,14.962127685546875,0.2401348203420639,-0.30835196375846863,13.457124710083008,2.648515462875366,0.9097883701324463,14.925546646118164,1.818006157875061,0.891150951385498,16.48456573486328,-1.5178465843200684,-0.44693583250045776,15.554108619689941,2.7688941955566406,0.663464367389679,13.892131805419922,-1.8573219776153564,-0.601840078830719,15.159076690673828,2.443215847015381,0.9866079092025757,15.947347640991211,2.427502393722534,0.9333611726760864,15.721296310424805,2.467360734939575,0.9019754528999329,15.648268699645996,-1.9633787870407104,-0.6279255747795105,15.531566619873047,1.5140498876571655,0.21236319839954376,13.743124008178711,-1.3728750944137573,-0.7135267853736877,13.911996841430664,-1.398775577545166,-0.7675542235374451,14.061629295349121,-1.3035904169082642,-0.7283227443695068,13.809407234191895,-1.014006495475769,-0.2781110107898712,15.69625186920166,-1.3058143854141235,-0.7549116015434265,13.691662788391113,2.554558038711548,0.586395800113678,13.863710403442383,1.3347328901290894,0.5668873190879822,16.246103286743164,-0.88946533203125,-0.21367570757865906,15.717878341674805,2.9853217601776123,0.7914811372756958,14.206822395324707,2.7307662963867188,0.8367273211479187,14.813186645507812,0.12432780861854553,-0.3307647109031677,13.42359733581543,-0.2558862268924713,-0.49484238028526306,13.31751537322998,0.20188821852207184,0.2146303504705429,15.946948051452637,-1.859981656074524,-0.6316920518875122,15.287510871887207,2.6400673389434814,0.7730630040168762,15.07686996459961,2.9869070053100586,0.7551631331443787,13.997249603271484,1.4493173360824585,0.6591902375221252,16.287067413330078,-0.08148078620433807,0.05282307043671608,15.897368431091309,2.2229437828063965,0.9615221619606018,16.411008834838867,2.3378639221191406,0.8845497965812683,16.099491119384766,2.6328701972961426,0.7564003467559814,14.969173431396484,-1.2578942775726318,-0.867657482624054,13.460838317871094,-1.6237112283706665,-0.7296568751335144,14.651740074157715,2.0922951698303223,0.8873293995857239,16.468725204467773,-1.1025621891021729,-0.871478259563446,13.094533920288086,-0.629065990447998,-0.21346376836299896,15.794875144958496,0.5190078616142273,0.25551706552505493,16.04529571533203,2.8579862117767334,0.738610565662384,14.480597496032715,0.4188700020313263,-0.30303892493247986,13.518550872802734,-1.211927056312561,-0.9415438175201416,13.299485206604004,-1.4954335689544678,-0.8168252110481262,14.359108924865723,0.8511396646499634,0.3561858534812927,16.134719848632812,2.9211928844451904,0.6737657189369202,13.9467191696167,2.513564348220825,0.844860315322876,15.508566856384277,2.578312635421753,0.7806317806243896,15.23958969116211,1.2261947393417358,0.49161696434020996,16.19466209411621,-0.7313001155853271,-0.7803663611412048,13.133692741394043,-0.9822037816047668,-0.8013601303100586,13.108949661254883,2.6865363121032715,0.7617902755737305,14.901384353637695,2.242116689682007,0.43036195635795593,13.89363956451416,-0.511630117893219,-0.6597551703453064,13.203214645385742,0.32580816745758057,0.18207108974456787,15.995030403137207,-1.1644492149353027,-0.4096907079219818,15.681766510009766,-1.899733066558838,-0.7152374386787415,15.396208763122559,-1.5326671600341797,-0.7897135615348816,14.534806251525879,2.4078543186187744,0.7494671940803528,15.710982322692871,-1.3989413976669312,-0.4707792103290558,15.624381065368652,1.864007592201233,0.27958348393440247,13.82065486907959,1.05327570438385,0.38864243030548096,16.15685272216797,1.2986661195755005,0.06471803784370422,13.714983940124512,0.15462256968021393,0.105740986764431,15.949843406677246,-0.7343807816505432,-0.30208486318588257,15.773174285888672,1.7674634456634521,0.6793385148048401,16.355701446533203,2.022867202758789,0.3296941816806793,13.855254173278809,-1.471447467803955,-0.7545999884605408,14.221879959106445,2.413773536682129,0.8368428349494934,15.87635326385498,-1.382659912109375,-0.8866711258888245,14.009061813354492,-0.3409125506877899,-0.09082694351673126,15.842618942260742,-0.35604315996170044,-0.5976736545562744,13.258196830749512,-1.6373507976531982,-0.5848668813705444,15.5869722366333,-1.7128574848175049,-0.7489883303642273,14.814102172851562,2.7392938137054443,0.6807571649551392,14.754949569702148,2.5634467601776123,0.45594513416290283,13.97016716003418,2.3270928859710693,0.3521241247653961,13.946418762207031,1.5632811784744263,0.6297293901443481,16.319063186645508,-1.3265008926391602,-0.8344755172729492,13.906911849975586,-1.8390991687774658,-0.6645844578742981,15.54922866821289,-2.222322463989258,-0.7037612199783325,15.518302917480469,-2.1545932292938232,-0.7211243510246277,15.566878318786621,-2.0029349327087402,-0.7542638778686523,15.551175117492676,-1.2153211832046509,-1.0041306018829346,13.235386848449707,-1.9489665031433105,-0.7372040152549744,15.22555923461914,0.8517488837242126,-0.211615189909935,13.626449584960938,-2.020237922668457,-0.7095984220504761,15.47329044342041,-0.8476240634918213,-0.7851928472518921,13.141002655029297,-2.0349233150482178,-0.8077239990234375,15.386286735534668,-2.1401755809783936,-0.7918428778648376,15.43100643157959,2.1608550548553467,0.8070951700210571,16.32375144958496,2.918417453765869,0.636762261390686,14.04973030090332,1.6653571128845215,0.15055759251117706,13.812877655029297,2.045900821685791,0.7233688235282898,16.331514358520508,1.9067389965057373,0.681911289691925,16.34524154663086,1.1471741199493408,-0.03509346395730972,13.7018404006958,-1.6152830123901367,-0.8910336494445801,14.666126251220703,-0.1060091033577919,-0.560014009475708,13.339675903320312,-1.3111623525619507,-0.8849092721939087,13.660513877868652,2.880876064300537,0.6329453587532043,14.289304733276367,-1.8468499183654785,-0.8522790670394897,15.122261047363281,0.1857059895992279,-0.5195689797401428,13.429882049560547,-1.1945463418960571,-0.5204190611839294,15.692869186401367,-1.455604076385498,-0.6126437783241272,15.647192001342773,-0.29804861545562744,-0.2129201889038086,15.850099563598633,-1.3281915187835693,-0.8697554469108582,13.796771049499512,1.603629469871521,0.501087486743927,16.25429344177246,2.0661654472351074,0.20701350271701813,13.930452346801758,1.492343783378601,0.03299848362803459,13.79493236541748,0.6168323159217834,-0.33815720677375793,13.595117568969727,-1.4051203727722168,-0.9134925007820129,14.112661361694336,-1.2741870880126953,-0.9780968427658081,13.483190536499023,1.0577833652496338,-0.14958453178405762,13.679963111877441,2.2228853702545166,0.61382657289505,16.044612884521484,2.4358747005462646,0.6376670598983765,15.598727226257324,2.532473564147949,0.6637210249900818,15.330729484558105,-0.94378262758255,-0.937565803527832,13.081664085388184,0.10048305243253708,-0.05623713880777359,15.937888145446777,-0.9250794649124146,-0.42966580390930176,15.743253707885742,-1.9637566804885864,-0.821927011013031,15.23851203918457,-2.0520546436309814,-0.8109632730484009,15.50272274017334,2.716219425201416,0.4879356622695923,14.084102630615234,-1.526450514793396,-0.6918212175369263,15.652575492858887,-1.685805082321167,-0.889462947845459,14.812554359436035,2.587737560272217,0.5948633551597595,15.166464805603027,-1.1103122234344482,-1.0374239683151245,13.01616096496582,0.5770373940467834,0.0724775493144989,16.039142608642578,0.8901921510696411,0.22878330945968628,16.10930061340332,0.2995663583278656,0.03214404359459877,15.979997634887695,1.934228777885437,0.17755863070487976,13.884645462036133,2.790058135986328,0.4950786828994751,14.215005874633789,-1.3031413555145264,-0.6336458325386047,15.674518585205078,-1.6659554243087769,-0.7214364409446716,15.625128746032715,-1.7623604536056519,-0.8712852597236633,14.941603660583496,2.2806973457336426,0.6642014980316162,15.932196617126465,1.253459095954895,-0.12208977341651917,13.758790016174316,-1.7157816886901855,-0.7755059599876404,15.570127487182617,-1.2767058610916138,-0.9354066252708435,13.64578628540039,2.7248401641845703,0.5462985038757324,14.649118423461914,-1.4553152322769165,-0.9540364742279053,14.31519603729248,-0.4876922369003296,-0.8167387247085571,13.181081771850586,1.3492144346237183,0.3407954275608063,16.142929077148438,2.11531400680542,0.6776570081710815,16.22711944580078,2.60133695602417,0.585046112537384,15.059298515319824,1.7523521184921265,0.09596452862024307,13.859969139099121,-0.13276804983615875,-0.7119606137275696,13.332858085632324,-0.8705741763114929,-1.0179553031921387,13.030484199523926,2.191472053527832,0.23428349196910858,13.98852252960205,0.32017606496810913,-0.4810055196285248,13.48957347869873,2.1823580265045166,0.675761342048645,16.1302433013916,0.0049233203753829,-0.20733267068862915,15.886870384216309,-0.5802356004714966,-0.3982888460159302,15.792061805725098,-1.9406508207321167,-0.8528261780738831,15.499475479125977,-1.320563793182373,-0.981499969959259,13.821523666381836,-1.2985272407531738,-0.995515763759613,13.694664001464844,2.6887621879577637,0.44807109236717224,14.547663688659668,1.1459858417510986,-0.21757051348686218,13.762310981750488,2.628659725189209,0.5331286191940308,14.96122932434082,0.45545634627342224,-0.505940854549408,13.543179512023926,-1.9056226015090942,-0.9020553231239319,15.426628112792969,-1.3737802505493164,-0.7096405029296875,15.654083251953125,-1.845503330230713,-0.917535126209259,15.256937026977539,-1.5152485370635986,-0.9274381995201111,14.575730323791504,-1.126958966255188,-1.1295905113220215,13.093351364135742,-1.0564022064208984,-0.6382447481155396,15.695927619934082,-0.9448053240776062,-0.5550442934036255,15.724164962768555,2.3381152153015137,0.2644622027873993,14.018380165100098,-1.2314088344573975,-1.113183617591858,13.420365333557129,2.5152506828308105,0.3180844783782959,14.108614921569824,1.6027593612670898,-0.05136745795607567,13.900283813476562,1.9562047719955444,0.5466490387916565,16.20020866394043,2.677232265472412,0.38490280508995056,14.375782012939453,2.286404609680176,0.5147536993026733,15.764373779296875,-0.728779137134552,-0.959355354309082,13.087004661560059,-0.2463986575603485,-0.8418030142784119,13.294753074645996,-1.3762831687927246,-1.0085809230804443,14.149428367614746,-1.2921512126922607,-1.0798125267028809,13.805102348327637,-1.8751673698425293,-0.8994278311729431,15.541990280151367,-1.2646117210388184,-1.070603609085083,13.581587791442871,-1.7017961740493774,-0.9499519467353821,14.983281135559082,1.3255947828292847,-0.16443832218647003,13.829870223999023,0.7467420101165771,-0.43958887457847595,13.667801856994629,1.1630524396896362,0.20771485567092896,16.094005584716797,-1.1966794729232788,-1.1473339796066284,13.141375541687012,-0.3531434237957001,-0.41035982966423035,15.805920600891113,-0.10867486149072647,-0.2966826558113098,15.852794647216797,-1.7908903360366821,-0.8463336825370789,15.537169456481934,0.03772800788283348,-0.7223449349403381,13.430572509765625,-1.2922612428665161,-1.0975068807601929,13.673196792602539,-0.6439551115036011,-1.0012341737747192,13.119729995727539,-1.109476923942566,-1.1480185985565186,12.99977970123291,2.081540584564209,0.5326027274131775,16.107070922851562,2.45273494720459,0.45779722929000854,15.336803436279297,2.0507354736328125,0.08056198805570602,14.030731201171875,-1.5469037294387817,-1.0317680835723877,14.788667678833008,1.8231256008148193,0.010795550420880318,13.948177337646484,-1.0205589532852173,-1.1787846088409424,12.97866153717041,0.24573493003845215,-0.64832603931427,13.505630493164062,1.801547646522522,0.4327426254749298,16.156600952148438,0.30942338705062866,-0.17563045024871826,15.931550979614258,1.0289844274520874,-0.2963544428348541,13.734273910522461,-1.6205421686172485,-0.9018961191177368,15.542170524597168,-1.3001657724380493,-1.0218560695648193,13.985179901123047,-1.4882116317749023,-1.0178542137145996,14.648097038269043,-1.2375470399856567,-1.1946038007736206,13.322853088378906,0.5863653421401978,-0.045544106513261795,16.007740020751953,-0.2872391939163208,-0.9303805232048035,13.29770278930664,-1.3848730325698853,-1.0513865947723389,14.450957298278809,0.5786736607551575,-0.5095872282981873,13.614739418029785,-0.7270082831382751,-0.6128056645393372,15.725203514099121,1.564083456993103,0.33115291595458984,16.116065979003906,1.4237537384033203,-0.2162109911441803,13.907159805297852,0.34848350286483765,-0.627997100353241,13.546343803405762,1.5515793561935425,-0.194178506731987,13.993873596191406,-0.4195447862148285,-0.9269800782203674,13.218219757080078,-1.690345287322998,-1.009122610092163,15.082107543945312,0.9385401606559753,0.08586950600147247,16.046485900878906,2.493813991546631,0.29566308856010437,14.896387100219727,1.440008282661438,0.13358396291732788,16.000520706176758,-0.8356077075004578,-1.1154680252075195,13.04381275177002,-1.7231355905532837,-1.0064135789871216,15.215413093566895,2.073625326156616,0.3729721009731293,15.881199836730957,-0.11269117146730423,-0.8775981068611145,13.394302368164062,-1.235037922859192,-1.085633635520935,14.066435813903809,0.921177864074707,-0.41713210940361023,13.745043754577637,1.9213765859603882,0.39650100469589233,16.083480834960938,-1.2372981309890747,-1.1691393852233887,13.447190284729004,-1.6604560613632202,-1.0130500793457031,15.311546325683594,2.4647040367126465,0.3274383544921875,15.095602989196777,-1.7441587448120117,-0.995980441570282,15.458093643188477,-1.1977208852767944,-1.264024257659912,13.06623363494873,-1.114457130432129,-1.2548127174377441,12.9341459274292,2.5094246864318848,0.23562109470367432,14.324556350708008,2.0121490955352783,0.3623601496219635,15.991284370422363,2.208381414413452,0.09315378963947296,14.176658630371094,-1.566226840019226,-1.0632649660110474,14.912983894348145,-0.03241855651140213,-0.8851933479309082,13.444136619567871,-1.3292317390441895,-1.0621596574783325,14.166845321655273,-1.1844067573547363,-0.789164662361145,15.62954044342041,2.368318557739258,0.1275930404663086,14.316160202026367,1.2746472358703613,-0.283333957195282,13.868131637573242,-0.42757701873779297,-0.5514991879463196,15.750835418701172,2.2380423545837402,0.389413446187973,15.683853149414062,1.0821501016616821,-0.4118276834487915,13.844575881958008,0.17463327944278717,-0.3633793890476227,15.844610214233398,-1.247779369354248,-1.1679211854934692,13.920720100402832,-1.227130651473999,-1.1751461029052734,13.561479568481445,1.6671096086502075,0.2741505205631256,16.035057067871094,0.7534971237182617,-0.09892231971025467,15.970641136169434,-1.1691269874572754,-1.2573083639144897,12.88723373413086,-1.211079478263855,-1.2024214267730713,13.733088493347168,-0.5337820649147034,-1.057426929473877,13.201634407043457,-1.31514573097229,-1.1285268068313599,14.267066955566406,2.518496036529541,0.23932474851608276,14.532491683959961,2.341771125793457,0.3174417018890381,15.36046314239502,1.819664716720581,-0.09726797789335251,14.073179244995117,-1.3766038417816162,-0.9533651471138,15.533631324768066,1.219750165939331,0.011882051825523376,15.957345008850098,2.4264636039733887,0.15698662400245667,14.643836975097656,0.401684045791626,-0.7331835031509399,13.626686096191406,0.10043659061193466,-0.8461153507232666,13.525847434997559,-0.8395636081695557,-1.1801561117172241,13.083979606628418,-1.179519772529602,-1.2751537561416626,13.241496086120605,1.7550086975097656,0.25119495391845703,16.036754608154297,0.4857690930366516,-0.2496865689754486,15.901375770568848,-1.4179439544677734,-1.0765849351882935,14.61560344696045,-0.5347663760185242,-0.6549404263496399,15.70741081237793,-1.2068207263946533,-1.1611202955245972,14.143001556396484,-1.5851491689682007,-1.0694795846939087,15.095304489135742,-0.12103798240423203,-0.4516245126724243,15.789031028747559,1.9471203088760376,0.2611576020717621,15.856646537780762,-0.6574368476867676,-1.1485117673873901,13.174744606018066,-1.1065337657928467,-1.316511631011963,13.008552551269531,2.199911117553711,0.030354848131537437,14.2935209274292,-0.3926753103733063,-1.0454165935516357,13.302239418029785,-1.2845823764801025,-1.146106481552124,14.483694076538086,0.5412761569023132,-0.680569589138031,13.683085441589355,-1.175079345703125,-1.277924656867981,13.391951560974121,-1.1834750175476074,-1.336272954940796,12.9742431640625,-1.546857476234436,-1.0567777156829834,15.419549942016602,0.7352157235145569,-0.617588996887207,13.761088371276855,0.22746481001377106,-0.8015581369400024,13.600826263427734,-1.195144772529602,-1.204754114151001,13.865633010864258,-1.137460708618164,-1.374583125114441,12.835832595825195,2.0984444618225098,0.21136169135570526,15.60046100616455,0.9322451949119568,-0.5535480976104736,13.847965240478516,-1.039969801902771,-1.3238639831542969,13.183310508728027,-0.8809926509857178,-0.8788126111030579,15.582962036132812,-1.3611724376678467,-1.153180718421936,14.596435546875,-0.9704904556274414,-1.2777427434921265,13.110672950744629,-1.4655742645263672,-1.1436331272125244,15.030323028564453,-1.4810922145843506,-1.0395150184631348,15.450316429138184,-1.3956855535507202,-1.1462830305099487,14.7526216506958,-1.1742403507232666,-1.4170491695404053,12.8981351852417,-1.199931025505066,-1.204906702041626,14.05327033996582,-1.0938444137573242,-1.3373359441757202,13.259215354919434,-1.1093987226486206,-1.346084475517273,13.101907730102539,1.4359607696533203,0.04644573852419853,15.976914405822754,-1.106311559677124,-0.9622679352760315,15.530539512634277,1.7659438848495483,0.1649424135684967,15.847744941711426,-1.1033164262771606,-1.3205114603042603,13.498825073242188,-1.4468166828155518,-1.103510856628418,15.221346855163574,2.26825213432312,0.1894180327653885,15.254834175109863,1.6471502780914307,0.12338846921920776,15.942655563354492,2.0633137226104736,-0.0851273164153099,14.365255355834961,1.8153132200241089,-0.1966439187526703,14.233774185180664,1.6514238119125366,-0.23920676112174988,14.12436294555664,2.3447678089141846,0.14076939225196838,14.916072845458984,-0.21686963737010956,-1.011480450630188,13.413806915283203,-1.1422491073608398,-1.2394952774047852,14.293917655944824,2.241448402404785,0.006200051866471767,14.471806526184082,-0.5907436609268188,-1.2226561307907104,13.2761869430542,-0.7782024145126343,-1.2977995872497559,13.2518310546875,0.8902303576469421,-0.18395256996154785,15.869617462158203,1.28904128074646,-0.4436951279640198,14.04261589050293,-0.6901369690895081,-0.8403708934783936,15.5931978225708,-1.141309142112732,-1.2755070924758911,13.669048309326172,-1.1540144681930542,-1.247784972190857,13.97615909576416,1.9190460443496704,0.15429183840751648,15.72010326385498,-0.04049595445394516,-0.5400620698928833,15.722895622253418,-1.0104148387908936,-1.3857145309448242,13.141767501831055,1.0298455953598022,-0.17913542687892914,15.89661693572998,0.441087931394577,-0.4486953020095825,15.78189468383789,1.9705979824066162,0.07835032790899277,15.53884220123291,-1.1109899282455444,-1.2833536863327026,13.792449951171875,-1.362779974937439,-1.078283429145813,15.29446029663086,1.505472183227539,-0.0030411039479076862,15.899782180786133,1.5346020460128784,-0.3352218568325043,14.160428047180176,-0.1979736089706421,-0.75249183177948,15.605853080749512,-1.249306559562683,-1.06098210811615,15.457110404968262,-0.44209903478622437,-1.2200795412063599,13.412591934204102,-1.3010601997375488,-1.1815968751907349,14.93868350982666,2.2289857864379883,0.010258507914841175,14.843606948852539,2.091740608215332,0.07959737628698349,15.34797477722168,-0.06378696858882904,-1.050234079360962,13.566120147705078,-0.15329208970069885,-1.0414925813674927,13.48315143585205,-1.117870569229126,-1.2767951488494873,14.16623592376709,1.5629116296768188,-0.02192460186779499,15.777679443359375,1.6705498695373535,-0.05204308032989502,15.654572486877441,-1.231407642364502,-1.2249443531036377,14.633718490600586,0.12309535592794418,-0.9589576721191406,13.625802040100098,1.8076146841049194,0.02152041345834732,15.631564140319824,2.132002592086792,0.034124404191970825,15.179205894470215,1.2265957593917847,-0.1405666023492813,15.863449096679688,-1.2145473957061768,-1.0921709537506104,15.366570472717285,0.6117871403694153,-0.7635213732719421,13.80195426940918,0.4677721858024597,-0.8433911204338074,13.7865571975708,-0.41184455156326294,-0.8512970805168152,15.567533493041992,-1.0803486108779907,-1.2571250200271606,14.44726276397705,0.02629864402115345,-0.6234121322631836,15.638812065124512,-1.19684636592865,-1.149098515510559,15.127652168273926,-1.0302895307540894,-1.3885948657989502,13.421344757080078,2.0867679119110107,-0.10276693105697632,14.66064739227295,1.1079950332641602,-0.5881900787353516,14.086091995239258,0.30503377318382263,-0.9110097289085388,13.785028457641602,-0.3132007420063019,-1.1828460693359375,13.489751815795898,1.8788186311721802,-0.22534850239753723,14.453293800354004,0.7990590929985046,-0.31070756912231445,15.862298011779785,-0.8514367938041687,-1.030867338180542,15.458427429199219,-0.9842627048492432,-1.409021019935608,13.528569221496582,-0.9385239481925964,-1.3625022172927856,13.380998611450195,-0.8986169695854187,-1.3986480236053467,13.281365394592285,1.9022992849349976,-0.09455545246601105,15.276548385620117,-1.0553820133209229,-1.31819486618042,13.9878568649292,1.4902138710021973,-0.1356329768896103,15.67703914642334,2.052527904510498,-0.07991882413625717,15.007231712341309,1.1397730112075806,-0.21802327036857605,15.762133598327637,1.8155269622802734,-0.05900257080793381,15.466591835021973,-0.9985582232475281,-1.365675449371338,13.721755981445312,0.7900817394256592,-0.7526305317878723,13.947839736938477,1.608818531036377,-0.3650003671646118,14.32899284362793,1.42686927318573,-0.45588889718055725,14.296749114990234,-0.6660557985305786,-1.3307307958602905,13.34994125366211,-0.777492105960846,-1.3693768978118896,13.268314361572266,1.8935372829437256,-0.22947679460048676,14.543431282043457,0.431109219789505,-0.5270820260047913,15.772375106811523,-1.0282554626464844,-1.1690658330917358,15.308610916137695,0.726073145866394,-0.43968239426612854,15.741595268249512,-0.9579353332519531,-1.1081081628799438,15.409031867980957,-1.1735984086990356,-1.230409860610962,14.848366737365723,-1.113052248954773,-1.2175098657608032,14.974250793457031,-0.9019632339477539,-1.3970221281051636,13.82550048828125,-1.0725877285003662,-1.2758275270462036,14.658689498901367,0.9784047603607178,-0.3090520203113556,15.694214820861816,1.2133225202560425,-0.5993320941925049,14.300531387329102,1.7037498950958252,-0.1636597216129303,15.393190383911133,1.8791989088058472,-0.2316618710756302,14.765791893005371,1.2950477600097656,-0.26491767168045044,15.607425689697266,1.0491386651992798,-0.36355337500572205,15.604475975036621,0.24122628569602966,-1.0350245237350464,13.893209457397461,1.5201579332351685,-0.20572982728481293,15.526381492614746,-0.37366506457328796,-1.29966402053833,13.623148918151855,-0.8371070623397827,-1.3810737133026123,13.492197036743164,0.07089405506849289,-0.6676511168479919,15.673185348510742,-0.9745895266532898,-1.3316020965576172,14.362870216369629,-0.9804175496101379,-1.1829568147659302,15.175525665283203,0.0307423435151577,-1.0983400344848633,13.744455337524414,-0.5516331791877747,-1.3646389245986938,13.50107479095459,1.8542202711105347,-0.1942051649093628,15.075429916381836,1.719957947731018,-0.33702173829078674,14.633940696716309,-0.7387446761131287,-1.4166638851165771,13.387048721313477,0.3703170716762543,-0.9560033679008484,13.924135208129883,1.7927671670913696,-0.2694013714790344,14.913337707519531,-0.3165152072906494,-0.8742197751998901,15.585222244262695,1.3594481945037842,-0.33540111780166626,15.431870460510254,1.735183596611023,-0.22132185101509094,15.218954086303711,-0.8392553925514221,-1.391265869140625,14.05888557434082,1.4613118171691895,-0.48254838585853577,14.59080696105957,-0.12724459171295166,-1.1871163845062256,13.716606140136719,-0.8594028353691101,-1.373719334602356,14.206148147583008,0.24392352998256683,-0.6641867756843567,15.633360862731934,-0.02316250652074814,-0.7705137133598328,15.584596633911133,-0.6583191752433777,-1.0065027475357056,15.501426696777344,-0.9160637855529785,-1.2275216579437256,15.044602394104004,0.5339198112487793,-0.5709383487701416,15.680252075195312,-0.9448645114898682,-1.2978640794754028,14.69202709197998,1.201553225517273,-0.40757161378860474,15.42396068572998,0.9522278308868408,-0.7423034906387329,14.164870262145996,1.5811206102371216,-0.28181102871894836,15.306257247924805,1.2969939708709717,-0.5703511834144592,14.478219032287598,0.6420718431472778,-0.893578290939331,14.070541381835938,1.030478835105896,-0.4505828022956848,15.489465713500977,-0.7768322825431824,-1.4320709705352783,13.721342086791992,-0.858178436756134,-1.2974179983139038,14.592460632324219,1.6424598693847656,-0.3504728674888611,14.963885307312012,1.5925298929214478,-0.3957156538963318,14.819381713867188,0.8580050468444824,-0.519845187664032,15.499347686767578,-0.6934633851051331,-1.392074465751648,13.657952308654785,0.4115389883518219,-0.6533719301223755,15.557451248168945,0.07818619906902313,-0.7563201189041138,15.484491348266602,1.6051182746887207,-0.33472466468811035,15.110760688781738,0.2780829966068268,-0.8003157377243042,15.37043285369873,-0.3080267906188965,-0.9567429423332214,15.48982048034668,0.6451839208602905,-0.5993381142616272,15.522193908691406,-0.5518044829368591,-1.393242359161377,13.6131591796875,1.405925989151001,-0.4007683992385864,15.248566627502441,-0.7772144675254822,-1.1298956871032715,15.349701881408691,-0.8008884787559509,-1.3723666667938232,14.355694770812988,0.8653983473777771,-0.5691370368003845,15.408463478088379,0.051522403955459595,-0.8771271109580994,15.366609573364258,-0.8185058236122131,-1.2533690929412842,14.93133544921875,1.3993875980377197,-0.5064870715141296,14.816544532775879,1.3814518451690674,-0.4518565237522125,15.10568904876709,1.1728514432907104,-0.48224779963493347,15.289648056030273,-0.33613014221191406,-1.3257269859313965,13.758206367492676,-0.7537002563476562,-1.4208009243011475,13.915796279907227,-0.5564541220664978,-1.0548038482666016,15.34244155883789,-0.18034465610980988,-0.9671644568443298,15.365766525268555,1.4421112537384033,-0.4521441161632538,14.977134704589844,0.9306945204734802,-0.7866796255111694,14.304671287536621,0.38808849453926086,-1.026534914970398,14.122026443481445,0.991152822971344,-0.5937822461128235,15.21761703491211,1.1844888925552368,-0.6261059641838074,14.793367385864258,1.1491039991378784,-0.6613174080848694,14.552916526794434,-0.7404484152793884,-1.1836278438568115,15.172881126403809,0.01447383128106594,-1.1658878326416016,13.869585990905762,-0.728512167930603,-1.3344509601593018,14.543539047241211,0.5302812457084656,-0.734496533870697,15.354251861572266,-0.7806395888328552,-1.291584849357605,14.771286010742188,1.2536121606826782,-0.5598478317260742,14.947668075561523,1.082470178604126,-0.5866168737411499,15.148829460144043,-0.4962925314903259,-1.3798407316207886,13.830811500549316,-0.2904170751571655,-0.986596941947937,15.380386352539062,-0.6475796103477478,-1.419366717338562,13.878952026367188,0.16172362864017487,-0.9174082279205322,15.239354133605957,0.7734362483024597,-0.674947202205658,15.269195556640625,1.2075694799423218,-0.5436482429504395,15.086370468139648,-0.4736189842224121,-1.1014975309371948,15.245991706848145,-0.1528691202402115,-1.2672804594039917,13.942776679992676,-0.048212356865406036,-0.9818715453147888,15.267470359802246,0.16854038834571838,-1.1320561170578003,14.049501419067383,-0.6955822110176086,-1.3643391132354736,14.384431838989258,-0.6775844693183899,-1.394358515739441,14.176941871643066,0.9674308896064758,-0.7750473022460938,14.505640029907227,0.44923916459083557,-1.0287374258041382,14.302042961120605,0.8294830322265625,-0.7256626486778259,15.070005416870117,-0.5915235280990601,-1.263862133026123,14.900039672851562,1.0064451694488525,-0.7317132949829102,14.695595741271973,-0.4522439241409302,-1.2084888219833374,15.005931854248047,0.8363165855407715,-0.8480510711669922,14.376974105834961,0.6608273386955261,-0.93399578332901,14.343317985534668,0.04496422037482262,-1.2058175802230835,14.100953102111816,-0.5735246539115906,-1.409850835800171,14.008374214172363,0.6945599317550659,-0.7555434703826904,15.149717330932617,0.9944728016853333,-0.6909297704696655,14.9350004196167,-0.37898656725883484,-1.134713888168335,15.148036003112793,-0.5877864360809326,-1.3061131238937378,14.710797309875488,-0.36190685629844666,-1.3582983016967773,13.98060417175293,0.4603640139102936,-0.8352592587471008,15.191858291625977,-0.1760379672050476,-1.0865110158920288,15.142110824584961,0.312016099691391,-0.932443380355835,15.089755058288574,0.8426255583763123,-0.7967036366462708,14.8097562789917,0.8442856669425964,-0.8328876495361328,14.614941596984863,-0.5156474709510803,-1.3531379699707031,14.445444107055664,-0.5109123587608337,-1.3781918287277222,14.27031135559082,0.6811952590942383,-0.8086621761322021,15.02441692352295,-0.15687648952007294,-1.2879847288131714,14.13447380065918,0.24297873675823212,-1.1317896842956543,14.270645141601562,0.6104629039764404,-0.9512172341346741,14.528776168823242,-0.37758365273475647,-1.366938591003418,14.153702735900879,0.011300889775156975,-1.0609641075134277,15.061254501342773,-0.09248486161231995,-1.1277955770492554,14.990346908569336,-0.46370890736579895,-1.3021762371063232,14.69331169128418,-0.22934038937091827,-1.1792811155319214,14.95910358428955,0.49629291892051697,-0.9188427329063416,14.90904712677002,0.634479820728302,-0.9041416645050049,14.727062225341797,-0.0306096114218235,-1.2376682758331299,14.38197135925293,0.2166053205728531,-1.0074149370193481,15.001255989074707,0.4062454402446747,-1.0009706020355225,14.752720832824707,0.3287903964519501,-1.0899033546447754,14.464052200317383,-0.2445736974477768,-1.3117610216140747,14.370231628417969,0.16671374440193176,-1.1520802974700928,14.50576400756836,-0.26778143644332886,-1.2440677881240845,14.791451454162598,0.33743807673454285,-1.0614032745361328,14.619241714477539,0.16887643933296204,-1.083073616027832,14.849018096923828,-0.24615901708602905,-1.2809040546417236,14.603218078613281,-0.043166905641555786,-1.189703345298767,14.746426582336426
