1490011070.7204158_6635.png,3.9197769165039062,3.9626030921936035,-43.10115432739258,4.722936630249023,3.287257432937622,-44.0145378112793,3.1379358768463135,3.52828049659729,-44.439178466796875,4.851739406585693,3.680781841278076,-42.95656204223633,4.262664318084717,2.9717600345611572,-44.86231231689453,4.818238735198975,2.4252681732177734,-45.53976821899414,5.611958980560303,2.605231285095215,-44.70246505737305,5.60923433303833,2.0376148223876953,-45.66901779174805,4.024003505706787,2.674675464630127,-45.47946548461914,2.9274842739105225,4.102766990661621,-43.365196228027344,5.795089244842529,2.961737632751465,-43.79166030883789,1.9432599544525146,4.117850303649902,-43.59273147583008,5.162132740020752,1.9568145275115967,-46.00709915161133,2.5487165451049805,2.8483998775482178,-45.54958724975586,3.114630699157715,4.397276401519775,-42.51637268066406,6.278199195861816,3.034733772277832,-42.94941711425781,6.504059314727783,2.0967812538146973,-44.88017272949219,1.927838921546936,3.456958770751953,-44.73113250732422,3.769474506378174,1.9424529075622559,-46.56496810913086,3.741140842437744,2.2902143001556396,-46.11161804199219,3.0147271156311035,2.389991044998169,-46.13953399658203,4.188321590423584,4.344354629516602,-41.57382583618164,6.923205375671387,2.2341597080230713,-44.21498107910156,4.418243885040283,1.4996651411056519,-46.90687561035156,2.781524181365967,4.781829833984375,-41.53127670288086,5.973113536834717,3.475918769836426,-41.92210006713867,1.9675008058547974,4.5851311683654785,-42.558719635009766,6.270609378814697,1.2574659585952759,-46.20655822753906,5.937894344329834,1.1596803665161133,-46.56172561645508,5.409688472747803,1.059712290763855,-46.980384826660156,1.1022762060165405,4.191470623016357,-43.53664016723633,7.075658798217773,1.489725112915039,-45.283485412597656,4.827634811401367,4.221123695373535,-40.86293411254883,7.3376569747924805,2.3252487182617188,-43.49951934814453,1.6856803894042969,2.872627019882202,-45.514869689941406,1.0091655254364014,3.5877439975738525,-44.5143928527832,6.829273700714111,1.0639986991882324,-45.9580192565918,3.8619611263275146,1.3731224536895752,-47.178104400634766,1.2644948959350586,5.145900249481201,-41.485694885253906,2.8346080780029297,1.8907344341278076,-46.7818717956543,2.2112231254577637,1.8732811212539673,-46.8216552734375,6.770512580871582,2.9912941455841064,-42.0676383972168,7.810121536254883,1.1098172664642334,-45.150146484375,7.9108123779296875,1.6597892045974731,-44.22263717651367,0.3955281674861908,4.934741020202637,-42.123558044433594,3.315310001373291,1.4421465396881104,-47.22525405883789,7.330769062042236,0.9169005155563354,-45.82437515258789,6.113699436187744,0.750612735748291,-46.74421691894531,2.7711880207061768,5.232071876525879,-40.19393539428711,1.6618963479995728,5.479804039001465,-40.47923278808594,4.617765426635742,1.0119754076004028,-47.295318603515625,5.330107688903809,3.9287211894989014,-40.78130340576172,-0.022935301065444946,3.807284355163574,-43.98086166381836,7.374336242675781,2.5745849609375,-42.47032928466797,7.9486918449401855,1.977748155593872,-43.3275146484375,0.6035935878753662,5.6319708824157715,-40.70394515991211,1.412176251411438,2.381239175796509,-46.10203170776367,4.03743839263916,4.72126579284668,-40.062950134277344,0.2917557656764984,4.31550407409668,-43.221221923828125,6.6714372634887695,0.7855432629585266,-46.47702407836914,0.5021957755088806,3.0633883476257324,-45.13288116455078,5.096477508544922,0.3065396547317505,-47.77372741699219,4.337870121002197,0.8861297369003296,-47.604347229003906,-0.35888588428497314,5.501962184906006,-41.20206832885742,8.5615873336792,0.9127309322357178,-44.74740219116211,8.576285362243652,1.5866942405700684,-43.487796783447266,6.123555660247803,0.5337672829627991,-47.00786209106445,-0.708513617515564,4.8715620040893555,-42.23097610473633,3.5152249336242676,5.23059606552124,-39.017181396484375,1.9915434122085571,5.817477226257324,-39.23900604248047,0.3418368101119995,6.195441722869873,-39.491737365722656,-0.551641583442688,6.009800910949707,-40.222835540771484,3.3522086143493652,0.8893943428993225,-47.821956634521484,2.6229336261749268,1.1132206916809082,-47.599082946777344,0.5229122638702393,2.623538017272949,-45.66878128051758,9.195475578308105,0.6820858716964722,-44.57193374633789,4.622369766235352,0.4812489151954651,-47.8263053894043,0.6225779056549072,6.464659690856934,-38.53640365600586,8.111953735351562,0.41413217782974243,-45.68742370605469,-0.7254579067230225,4.240869522094727,-43.13022994995117,7.279712200164795,0.2712329030036926,-46.38780212402344,7.006377696990967,0.049146950244903564,-46.761634826660156,8.130739212036133,2.100287914276123,-42.31061553955078,6.5140557289123535,-0.1939118504524231,-47.20170974731445,2.7850780487060547,0.5543144941329956,-48.2871208190918,3.6969566345214844,0.287140429019928,-48.460453033447266,2.015979290008545,6.077140808105469,-38.2491455078125,6.031239032745361,3.5642426013946533,-40.88633728027344,9.063908576965332,1.2931948900222778,-43.184326171875,-1.5799254179000854,6.539169788360596,-39.168365478515625,-0.7166903018951416,3.147036075592041,-44.578582763671875,2.0106163024902344,0.8409579992294312,-47.893314361572266,1.5185086727142334,1.6388940811157227,-46.99734878540039,4.2508320808410645,0.05537015199661255,-48.37179183959961,5.0501017570495605,4.262802600860596,-39.71574401855469,5.455567359924316,0.11036232113838196,-47.743927001953125,-1.6068649291992188,5.658713340759277,-40.91757583618164,-0.13368794322013855,6.866876602172852,-37.80845260620117,4.771576404571533,4.412559986114502,-38.830963134765625,3.1794779300689697,5.581476211547852,-37.98020553588867,7.077596664428711,2.825273275375366,-40.90578079223633,-1.0148307085037231,6.756785869598389,-38.589393615722656,9.72637939453125,0.5195111036300659,-44.23194122314453,8.732696533203125,1.5919133424758911,-42.019920349121094,9.131357192993164,0.010895371437072754,-45.22340774536133,3.1467196941375732,0.2348165512084961,-48.616058349609375,1.088019609451294,6.577393054962158,-37.553627014160156,-1.9936769008636475,6.218696594238281,-39.788978576660156,7.901836395263672,2.211461067199707,-41.37294006347656,9.347236633300781,0.23043930530548096,-44.675697326660156,8.330460548400879,-0.24793541431427002,-45.89839172363281,0.2094850242137909,1.8439463376998901,-46.328121185302734,-1.5770952701568604,4.862355709075928,-42.113243103027344,9.717287063598633,0.7422006130218506,-43.40821838378906,7.647891998291016,-0.4684121012687683,-46.46622848510742,-1.2579635381698608,3.762341022491455,-43.48495864868164,-0.49013423919677734,2.640244960784912,-45.18731689453125,-2.1598944664001465,7.0787553787231445,-37.99342346191406,6.2117204666137695,3.3970532417297363,-40.10212326049805,-1.138587474822998,7.352622032165527,-36.87522888183594,4.703926086425781,-0.33155494928359985,-48.4403190612793,3.5949130058288574,-0.0732414722442627,-48.72103500366211,3.2321510314941406,-0.3237299919128418,-49.073936462402344,4.201584339141846,4.882027626037598,-38.05537796020508,6.8885931968688965,-0.7472780346870422,-47.100643157958984,5.142422676086426,-0.6487088799476624,-48.21125030517578,1.31063973903656,0.7600345611572266,-47.812252044677734,0.6291888952255249,1.3760671615600586,-46.93808364868164,2.624394178390503,5.943269729614258,-37.19741439819336,0.08697256445884705,7.1482086181640625,-36.306880950927734,6.639673709869385,3.0380778312683105,-40.00089645385742,5.9275407791137695,3.4470293521881104,-39.27220916748047,5.874891757965088,-0.6814314126968384,-47.724525451660156,3.94781494140625,-0.5956416726112366,-49.03973388671875,2.1552951335906982,-0.08338284492492676,-48.917171478271484,-2.7583281993865967,5.827658653259277,-40.370357513427734,-2.302003860473633,5.461678504943848,-41.082706451416016,9.84742259979248,-0.10052037239074707,-44.509239196777344,-1.8422441482543945,4.2379560470581055,-42.69865036010742,1.4386062622070312,6.5729498863220215,-36.69491195678711,-2.0396997928619385,7.581607818603516,-36.568206787109375,10.16840934753418,0.18745684623718262,-44.04281234741211,9.134468078613281,-0.5019567012786865,-45.4196891784668,-2.5067031383514404,4.554612636566162,-42.1365852355957,-0.37983179092407227,2.007941961288452,-45.86765670776367,5.426210403442383,3.95658540725708,-39.28972244262695,9.432937622070312,0.9685802459716797,-41.88270950317383,2.7187905311584473,-0.48846638202667236,-49.363590240478516,-2.9202144145965576,6.616152763366699,-38.925697326660156,4.820636749267578,-1.140756368637085,-48.6894416809082,3.1838951110839844,-0.8177576065063477,-49.55494689941406,1.6064194440841675,0.12600529193878174,-48.522647857666016,10.693625450134277,0.0005679130554199219,-43.44517517089844,0.9501266479492188,6.862811088562012,-35.755558013916016,-0.9467277526855469,7.574071884155273,-35.72797393798828,7.094814777374268,2.704784393310547,-40.279632568359375,-1.623753547668457,3.217705011367798,-43.98638153076172,-3.2042195796966553,4.973007678985596,-41.36238098144531,8.228142738342285,-0.7485001683235168,-46.115264892578125,3.527867317199707,5.374718189239502,-37.13201141357422,0.006279796361923218,0.9645219445228577,-46.937950134277344,6.2158308029174805,-1.3420994281768799,-47.58599853515625,-0.029925242066383362,1.4118609428405762,-46.53541946411133,10.114327430725098,0.48922407627105713,-42.64704513549805,7.487850189208984,2.3231630325317383,-40.31453323364258,2.603116035461426,5.969426155090332,-35.89137268066406,9.54718017578125,-0.7072980403900146,-45.141990661621094,10.848581314086914,-0.8315603733062744,-44.10957336425781,10.590008735656738,0.09950411319732666,-42.850257873535156,10.098947525024414,-0.42562007904052734,-44.57076644897461,4.140052318572998,-1.2561638355255127,-49.28717803955078,-3.66719126701355,7.487290382385254,-37.04140090942383,-3.5809707641601562,6.090127944946289,-39.68876647949219,-1.456958532333374,7.850499629974365,-35.21194839477539,5.4443135261535645,3.7608911991119385,-38.44571304321289,5.392267227172852,-1.3757082223892212,-48.23294448852539,-4.436746597290039,6.971900939941406,-38.015010833740234,1.9042553901672363,-0.7910327911376953,-49.45771789550781,2.637843608856201,-0.9311023950576782,-49.79527282714844,0.560990571975708,0.2781449556350708,-47.915931701660156,0.3362571895122528,0.6346772909164429,-47.40543746948242,2.1615922451019287,6.244839191436768,-35.612178802490234,1.483494758605957,6.61297607421875,-35.318389892578125,11.094283103942871,-0.5666471719741821,-43.774261474609375,7.884599685668945,-1.2436041831970215,-46.285316467285156,7.370413303375244,-1.2159435749053955,-46.752323150634766,8.080697059631348,1.9620659351348877,-40.793052673339844,1.6681303977966309,-0.43985676765441895,-49.021644592285156,10.105063438415527,-1.0113719701766968,-44.76181411743164,8.691606521606445,-1.1479747295379639,-45.8087043762207,0.16102662682533264,7.369815826416016,-34.6428108215332,-3.0520710945129395,7.97690486907959,-35.421390533447266,-3.6141536235809326,5.517012596130371,-40.52777099609375,8.896209716796875,1.1153525114059448,-41.322853088378906,10.550383567810059,-0.9704082012176514,-44.341312408447266,2.8436365127563477,-1.7364155054092407,-50.34770965576172,-4.117888927459717,5.666557312011719,-40.114471435546875,4.087582588195801,4.864899635314941,-37.091217041015625,3.497363328933716,5.290470123291016,-36.348636627197266,5.715151309967041,-1.6664159297943115,-47.76478576660156,-4.865243911743164,6.335867404937744,-38.935550689697266,3.626884698867798,-1.7948951721191406,-49.85657501220703,8.599337577819824,1.4029278755187988,-40.86336898803711,-2.392556667327881,3.923807144165039,-42.71724319458008,-2.0504109859466553,8.198688507080078,-33.9813117980957,4.979307651519775,4.107949256896973,-37.7805290222168,-2.461148262023926,3.243227958679199,-43.26743698120117,11.125494956970215,-0.211564302444458,-42.908897399902344,6.667299747467041,2.8419547080993652,-39.3840446472168,4.780533790588379,-1.9063345193862915,-48.89371871948242,2.631410837173462,-1.3703763484954834,-50.07009506225586,2.056546688079834,-1.4723864793777466,-50.187721252441406,2.091244697570801,-0.9127283096313477,-49.789913177490234,-1.3349297046661377,1.4216252565383911,-45.595054626464844,11.545707702636719,-0.6755322217941284,-43.126853942871094,-0.8438360691070557,7.9005303382873535,-34.06002426147461,9.200536727905273,-1.4334166049957275,-45.442012786865234,0.8606182336807251,-0.38935208320617676,-48.538265228271484,-1.3387057781219482,2.012472629547119,-45.1524658203125,-2.11897349357605,2.558865785598755,-44.23475646972656,-3.339449405670166,4.342022895812988,-41.89113998413086,6.8171515464782715,-1.6043269634246826,-47.11711120605469,-4.974687099456787,7.323062896728516,-37.204803466796875,11.505033493041992,-1.1663864850997925,-43.71318054199219,10.040660858154297,0.3975867033004761,-41.781803131103516,1.3234583139419556,6.769771575927734,-34.14258575439453,7.954116344451904,1.806143045425415,-40.11266326904297,1.0556124448776245,-0.7206764221191406,-48.99516296386719,-4.920815467834473,7.732760429382324,-36.0734748840332,4.34932279586792,4.519632339477539,-36.76986312866211,3.065178155899048,5.535971641540527,-35.42575454711914,-4.327739238739014,5.048826217651367,-40.67904281616211,-0.9185713529586792,0.9285551309585571,-46.23363494873047,9.957216262817383,-1.7320375442504883,-44.88029861450195,-4.977253437042236,5.734625816345215,-39.693214416503906,10.650215148925781,-0.2361229658126831,-42.095664978027344,8.32706069946289,-1.4922457933425903,-45.988494873046875,1.2848961353302002,-1.3401411771774292,-49.5909538269043,-0.2663269639015198,0.3487105369567871,-47.085723876953125,-3.7933340072631836,8.027485847473145,-34.96928787231445,6.379119873046875,2.8095076084136963,-38.69472122192383,3.6359639167785645,4.889211654663086,-35.62983703613281,9.401432037353516,0.6787385940551758,-41.27577590942383,-0.8692566156387329,8.136300086975098,-32.984859466552734,-3.1507182121276855,3.686234712600708,-42.50741958618164,5.635945796966553,3.3142452239990234,-38.061004638671875,2.185600757598877,6.1336565017700195,-34.50944137573242,11.588603973388672,-0.6256687641143799,-42.582637786865234,2.100062131881714,-2.0704925060272217,-50.71124267578125,-4.489362716674805,4.526443004608154,-41.0164794921875,0.3257865011692047,7.398472785949707,-33.38469314575195,11.063127517700195,-1.3636491298675537,-43.97515869140625,-3.116767168045044,8.182772636413574,-33.53455352783203,3.258763313293457,-2.539684772491455,-50.3639030456543,0.04621449112892151,7.620785713195801,-32.53522491455078,7.088832378387451,2.3078465461730957,-39.32584762573242,-5.573884963989258,6.584906578063965,-38.34732437133789,-4.104217529296875,4.331093788146973,-41.3539924621582,4.096217155456543,-2.369643449783325,-49.617454528808594,6.236267566680908,-1.8885457515716553,-47.4354362487793,-0.26187631487846375,-0.19920408725738525,-47.451995849609375,-2.1881003379821777,1.8990111351013184,-44.58281326293945,5.540844917297363,-1.9546997547149658,-47.972381591796875,8.670402526855469,1.1069767475128174,-40.50979232788086,-1.878510594367981,8.359256744384766,-32.39537048339844,-5.988951683044434,7.434329509735107,-36.65730285644531,-4.629064559936523,7.933908939361572,-34.541507720947266,0.17693915963172913,-0.884774923324585,-48.35122299194336,-6.354981899261475,6.762833118438721,-37.83740997314453,2.584754705429077,5.866378307342529,-34.83164978027344,9.745911598205566,0.09866797924041748,-40.94111251831055,1.7470332384109497,-2.0396976470947266,-50.33059310913086,5.322553634643555,3.492861270904541,-37.31134796142578,9.011514663696289,0.5189718008041382,-40.842350006103516,1.1814117431640625,-2.1072354316711426,-50.028141021728516,-0.7633810639381409,0.25686371326446533,-46.69450759887695,4.7131500244140625,4.001431465148926,-36.665870666503906,-5.319042682647705,5.1816253662109375,-40.07622528076172,0.6821515560150146,-1.5859689712524414,-49.222293853759766,1.8835195302963257,-2.3970651626586914,-50.88875961303711,-0.05528858304023743,-0.7698071002960205,-47.83349609375,5.8448615074157715,-2.3369882106781006,-47.49176788330078,5.3160176277160645,-2.394491672515869,-48.23613739013672,9.311912536621094,-1.8363322019577026,-45.35285949707031,6.983319282531738,-2.1291160583496094,-46.83959197998047,-2.965463161468506,2.6330623626708984,-43.407962799072266,12.283547401428223,-1.4668301343917847,-42.79779815673828,2.8243768215179443,-2.777479648590088,-50.8101806640625,10.405142784118652,-0.13314807415008545,-41.577213287353516,-0.6880689859390259,8.15394115447998,-31.93428611755371,-1.3403044939041138,8.361650466918945,-31.696369171142578,11.743732452392578,-1.3873932361602783,-43.75456237792969,10.857272148132324,-0.7050254344940186,-41.51456069946289,-5.388941764831543,7.817469120025635,-35.24516296386719,3.9932453632354736,4.581440448760986,-35.734615325927734,1.0047881603240967,6.914036750793457,-33.14208221435547,7.918459892272949,1.4677642583847046,-39.59943771362305,-2.1917812824249268,1.106285810470581,-44.94868469238281,-2.8682773113250732,8.16540241241455,-32.647865295410156,12.221551895141602,-1.5195767879486084,-43.295108795166016,11.88619327545166,-1.9352396726608276,-43.660789489746094,6.504710674285889,-2.2932324409484863,-47.140689849853516,8.688241958618164,-2.134176254272461,-45.629940032958984,4.538415908813477,-2.5888235569000244,-49.08134460449219,2.458461284637451,-2.940530300140381,-51.160911560058594,-3.580848217010498,2.822119951248169,-42.693389892578125,-3.944321393966675,3.617464303970337,-41.98700714111328,-6.499408721923828,5.603062629699707,-39.13148498535156,10.639751434326172,-1.9612606763839722,-44.28852844238281,11.56082534790039,-1.0403614044189453,-42.04153823852539,-6.498236179351807,6.095355033874512,-38.63575744628906,11.666367530822754,-1.002755880355835,-42.33293914794922,3.5851569175720215,-3.0982179641723633,-50.0994758605957,8.51140022277832,1.0162255764007568,-40.26386260986328,6.3342132568359375,2.458441734313965,-38.041725158691406,8.184825897216797,-2.1071863174438477,-46.019561767578125,-4.505239963531494,7.888273239135742,-33.59361267089844,7.2156782150268555,-2.246500253677368,-46.53300857543945,4.170624732971191,-2.9507508277893066,-49.41157531738281,2.9107675552368164,5.431942462921143,-34.42465591430664,0.333796888589859,7.378931045532227,-32.018455505371094,4.855030536651611,-2.5973196029663086,-48.67121505737305,3.358393907546997,4.920408725738525,-34.737548828125,1.9045841693878174,6.224359512329102,-33.7081298828125,7.803383827209473,-2.2734034061431885,-46.022987365722656,7.0870680809021,1.9026333093643188,-38.882652282714844,6.689250469207764,2.085423469543457,-38.141265869140625,-6.622197151184082,7.559326171875,-35.617496490478516,11.167609214782715,-1.8973727226257324,-43.804847717285156,5.789471626281738,2.78418231010437,-37.62678146362305,-1.8426485061645508,0.6496007442474365,-45.47713088989258,12.782276153564453,-1.965116024017334,-42.76333999633789,4.234572410583496,4.102143287658691,-35.61941146850586,9.837428092956543,-2.162409782409668,-44.78912353515625,-0.8252846002578735,8.259254455566406,-30.988300323486328,12.415483474731445,-1.5322338342666626,-42.249507904052734,10.439034461975098,-0.41302454471588135,-41.233558654785156,-6.300161838531494,4.897831916809082,-39.70378494262695,8.611954689025879,0.805724561214447,-39.85539245605469,-0.4671025574207306,-0.7785848379135132,-47.445743560791016,-3.0402655601501465,2.0027315616607666,-43.816158294677734,-6.854427814483643,7.2252302169799805,-36.75585174560547,3.1762032508850098,-3.1636996269226074,-50.398651123046875,4.47055196762085,3.962838649749756,-35.94498062133789,-5.463987827301025,4.505840301513672,-40.45823669433594,9.295656204223633,-2.257261276245117,-45.05405044555664,9.023197174072266,0.09457600116729736,-40.36073684692383,1.424339771270752,-2.879218101501465,-50.99980163574219,4.8636603355407715,3.5844318866729736,-36.48237609863281,1.213668942451477,-3.1138198375701904,-50.241233825683594,-7.6926374435424805,6.82291316986084,-37.16159439086914,-7.269881725311279,6.333966255187988,-37.94681167602539,-4.153613090515137,7.849666595458984,-32.6649055480957,5.444375038146973,3.0674514770507812,-37.068111419677734,5.607944011688232,-2.5010690689086914,-47.74658203125,5.675694942474365,-2.4844489097595215,-47.37608337402344,-5.200475215911865,3.873648166656494,-40.99982833862305,-2.313734769821167,8.257863998413086,-31.530385971069336,-5.665168762207031,7.688535213470459,-34.433250427246094,-3.6355278491973877,7.823561191558838,-32.20093536376953,-0.11393901705741882,-1.530469536781311,-48.23215866088867,-1.1702899932861328,-0.19053888320922852,-46.35449981689453,2.5315520763397217,5.457611083984375,-33.56704330444336,8.898222923278809,-2.1856188774108887,-45.368412017822266,2.5106961727142334,-3.589172840118408,-51.23349380493164,3.6934025287628174,-3.162105083465576,-49.74275588989258,-0.20004567503929138,7.6839799880981445,-30.915428161621094,1.7530826330184937,-3.3994874954223633,-51.621971130371094,10.806367874145508,-2.377345561981201,-43.85012435913086,-4.957440376281738,7.742255687713623,-34.13800048828125,12.106161117553711,-1.8515541553497314,-42.67350387573242,0.7448223829269409,-2.6202445030212402,-49.74641418457031,-7.290469169616699,7.243535995483398,-35.90744400024414,7.670287609100342,1.1776857376098633,-38.973873138427734,2.0755043029785156,5.7716522216796875,-32.964630126953125,1.4373290538787842,6.381709098815918,-32.68500900268555,-2.863004684448242,1.5157641172409058,-44.08816146850586,11.966705322265625,-1.843699336051941,-42.20958709716797,3.7404944896698,4.312958240509033,-34.99125289916992,11.602992057800293,-2.3587169647216797,-43.16846466064453,-4.912724018096924,3.426022529602051,-41.28218460083008,10.36501407623291,-2.298706531524658,-44.280670166015625,-1.3847275972366333,8.355587005615234,-30.391826629638672,4.805373668670654,-2.795541524887085,-48.47315216064453,-2.6542282104492188,1.0482020378112793,-44.469505310058594,6.107328414916992,-2.5742087364196777,-47.13661193847656,2.910940408706665,-3.36606764793396,-50.70756530761719,5.292148113250732,-2.6462457180023193,-47.88348388671875,-0.6331523656845093,8.109663009643555,-29.98148536682129,7.298855304718018,-2.518068313598633,-46.23426055908203,-0.590394139289856,-1.3991591930389404,-47.364540100097656,-7.828052043914795,6.998569488525391,-36.555721282958984,6.6712164878845215,-2.6310126781463623,-46.74856185913086,-4.610274314880371,3.1743319034576416,-41.680213928222656,8.199662208557129,-2.600749969482422,-45.50931930541992,0.9237934350967407,6.795540809631348,-31.992168426513672,-1.9135113954544067,8.306041717529297,-30.624713897705078,-3.5229690074920654,2.1666040420532227,-43.162269592285156,-4.004786014556885,2.7972307205200195,-42.22147750854492,3.8727166652679443,-3.0909910202026367,-49.3503532409668,-6.386989116668701,7.379283428192139,-34.309329986572266,-7.377140522003174,5.604063510894775,-38.544368743896484,10.882068634033203,-1.2372318506240845,-41.325172424316406,1.795068621635437,-3.859720230102539,-51.76990509033203,-0.01423606276512146,-2.085554599761963,-48.56923294067383,0.3604680597782135,-2.3176565170288086,-49.15787887573242,11.825967788696289,-2.1902713775634766,-42.69595718383789,1.278469443321228,-3.4602580070495605,-51.243099212646484,6.999090671539307,1.4011268615722656,-38.3636474609375,5.823024749755859,2.3508543968200684,-37.18098068237305,-8.06474781036377,6.268624305725098,-37.56492614746094,4.686557292938232,3.395536184310913,-35.87174606323242,10.284900665283203,-0.8714034557342529,-40.98693084716797,9.486546516418457,-2.6024622917175293,-44.7915153503418,-1.033180832862854,8.266316413879395,-29.571657180786133,11.23684310913086,-2.5058486461639404,-43.32883071899414,8.813915252685547,-2.6708922386169434,-45.11408233642578,7.72381067276001,-2.656550168991089,-45.80033493041992,8.830496788024902,-0.07741773128509521,-39.97214126586914,5.062390327453613,3.101134777069092,-36.45668411254883,5.051932334899902,-3.000886917114258,-48.01218795776367,5.450575351715088,-2.845012664794922,-47.64042282104492,2.8865342140197754,-3.685753583908081,-50.1400146484375,4.390058994293213,-3.145681858062744,-48.920082092285156,-5.294241428375244,7.3799872398376465,-33.186805725097656,1.6485804319381714,5.919841766357422,-32.32857131958008,-1.671459674835205,-0.33823347091674805,-45.66944122314453,-3.378563165664673,7.780853271484375,-31.19753646850586,-7.016012668609619,7.381263732910156,-35.24121856689453,-6.4255170822143555,3.8288474082946777,-40.113677978515625,4.504879474639893,-3.3032870292663574,-48.52383041381836,3.2820663452148438,-3.661566734313965,-49.99116897583008,8.220090866088867,0.37368178367614746,-39.32763671875,6.322077751159668,-2.909099817276001,-46.76445770263672,4.258383274078369,3.6480400562286377,-35.2398796081543,3.7838082313537598,-3.5517680644989014,-49.27257537841797,4.095661163330078,-3.4094767570495605,-48.96131134033203,11.736380577087402,-2.0343918800354004,-42.169002532958984,1.2518905401229858,-3.6092886924743652,-50.70541000366211,-4.605331897735596,2.2249765396118164,-41.83613204956055,5.64343786239624,-3.119986057281494,-47.03240966796875,-4.072412014007568,2.0561885833740234,-42.638397216796875,3.306215763092041,4.605852127075195,-34.17682647705078,0.25035586953163147,7.116524696350098,-30.853111267089844,4.653472900390625,-3.3940794467926025,-48.1241455078125,9.915823936462402,-2.755640983581543,-44.19103240966797,-0.964348316192627,-1.085262656211853,-46.76265335083008,5.1049675941467285,2.905890703201294,-36.22754669189453,2.282155752182007,5.2332940101623535,-32.771873474121094,7.4106011390686035,-2.9354844093322754,-45.79439163208008,5.5461249351501465,2.3691861629486084,-36.705936431884766,-4.855386734008789,7.540463924407959,-32.782867431640625,1.6708306074142456,-3.624630928039551,-50.79912567138672,-0.18924137949943542,-1.7504128217697144,-47.78232192993164,-2.5158634185791016,0.13595831394195557,-44.68194580078125,3.37423038482666,-3.621506452560425,-49.59719467163086,1.1968594789505005,6.222426414489746,-31.507944107055664,2.2640790939331055,-3.7101268768310547,-50.71518325805664,0.6696186065673828,6.658792495727539,-30.97999382019043,7.060608863830566,-2.5561838150024414,-46.104888916015625,7.144080638885498,1.0182291269302368,-38.30070495605469,-7.968034267425537,5.689974784851074,-38.12761306762695,-8.026570320129395,6.97612190246582,-35.76266098022461,10.09437370300293,-2.8358778953552246,-43.54212951660156,-7.539446830749512,4.97667121887207,-38.8238639831543,-8.857603073120117,6.691158294677734,-36.644100189208984,9.459037780761719,-0.8929714560508728,-40.403690338134766,7.062744617462158,-3.008849859237671,-46.043827056884766,2.977287769317627,4.560733795166016,-33.56958770751953,-2.490821123123169,8.086807250976562,-30.087783813476562,2.3136305809020996,-3.895893096923828,-50.544410705566406,-0.48859843611717224,7.660808086395264,-29.54721450805664,-8.781806945800781,6.327023983001709,-37.13636016845703,-8.662712097167969,6.823627471923828,-36.23233413696289,10.547989845275879,-2.7479002475738525,-43.42380905151367,6.548958778381348,1.5428414344787598,-37.61423110961914,-3.242373466491699,1.1129347085952759,-43.76903533935547,11.214317321777344,-2.060753583908081,-41.87443542480469,7.535564422607422,0.2713108956813812,-38.64900207519531,-1.4337152242660522,-0.5647193193435669,-46.11033630371094,6.491711139678955,-3.1477856636047363,-46.46727752685547,-3.8886687755584717,1.5124186277389526,-43.03604507446289,11.212175369262695,-2.552204132080078,-42.68494415283203,5.973174095153809,1.885056734085083,-37.06079864501953,-4.637540817260742,7.404394149780273,-32.180484771728516,3.676985263824463,3.8854026794433594,-34.527523040771484,-3.0992202758789062,7.643718242645264,-30.158123016357422,-5.818446636199951,2.9873855113983154,-40.7709846496582,5.2502946853637695,-3.1557910442352295,-47.39442825317383,10.365520477294922,-1.60085129737854,-41.158042907714844,0.12500157952308655,7.000829219818115,-30.2406063079834,0.7990292310714722,-3.430131673812866,-49.5916862487793,-2.1222305297851562,8.074023246765137,-29.812715530395508,9.16706371307373,-3.0686182975769043,-44.51939010620117,8.151044845581055,-2.978912115097046,-44.881595611572266,7.836104393005371,-3.149418830871582,-45.0882453918457,-0.8549314737319946,8.057439804077148,-28.527530670166016,-2.1526851654052734,-0.21075201034545898,-45.13628387451172,-6.701080322265625,7.0927019119262695,-33.94102478027344,-6.277616024017334,6.899977207183838,-33.353416442871094,-7.060331344604492,6.8920722007751465,-34.34941482543945,1.5991913080215454,5.603003978729248,-31.79463005065918,-7.58062744140625,6.921187877655029,-34.55824661254883,0.2833360731601715,-2.877791404724121,-48.837886810302734,8.17274284362793,-0.648797869682312,-39.47328567504883,1.9650975465774536,5.335227012634277,-32.273868560791016,2.543832778930664,-4.081643104553223,-49.790828704833984,4.728940010070801,-3.564149856567383,-47.70445251464844,-6.121809959411621,3.3573148250579834,-40.4607048034668,-7.316483974456787,4.30393123626709,-39.18480682373047,5.001822471618652,2.5568134784698486,-36.00394058227539,-1.6992589235305786,7.888077735900879,-29.409461975097656,5.5028204917907715,-3.653095245361328,-46.62644577026367,1.6495918035507202,-4.017133712768555,-50.20846939086914,8.66894245147705,-0.8163505792617798,-39.95298767089844,4.131874084472656,3.1219701766967773,-34.87287902832031,10.669992446899414,-2.7572953701019287,-42.687599182128906,9.403735160827637,-3.1244711875915527,-43.5672492980957,5.039664268493652,-3.5859227180480957,-46.82363510131836,-8.689518928527832,6.617172718048096,-34.951297760009766,-4.141824722290039,7.305490493774414,-31.371335983276367,10.581273078918457,-2.563297748565674,-41.97023010253906,-9.952290534973145,6.367828369140625,-36.28041076660156,2.534707546234131,4.3553385734558105,-32.83039855957031,5.80933141708374,1.478420376777649,-36.78158950805664,3.344050884246826,-4.018675804138184,-48.612953186035156,-5.382094860076904,2.3226943016052246,-41.14613723754883,-9.440008163452148,6.375207901000977,-35.2751579284668,-5.345279693603516,6.845644474029541,-32.2150993347168,6.739461421966553,0.5295200943946838,-37.787418365478516,1.1931833028793335,-3.981515407562256,-49.92164611816406,7.209221839904785,-3.3613948822021484,-45.405704498291016,6.085219860076904,-3.5506513118743896,-46.072792053222656,7.6826558113098145,-0.4438999891281128,-39.08305740356445,-9.198237419128418,5.295652389526367,-37.494842529296875,-9.605167388916016,6.137442111968994,-36.78086853027344,4.846384525299072,-3.7018775939941406,-47.15749740600586,-0.29597577452659607,-2.260389804840088,-47.44512176513672,-8.415109634399414,4.817292213439941,-38.28245162963867,5.239829063415527,1.9853910207748413,-36.15150833129883,1.0750048160552979,5.759556293487549,-31.040311813354492,-1.5182875394821167,7.692193031311035,-28.801647186279297,-4.64091682434082,6.908076286315918,-31.753232955932617,7.655585289001465,-3.438783645629883,-44.34783935546875,0.4641629755496979,6.453860282897949,-30.343420028686523,-1.3290765285491943,-1.31013023853302,-46.130680084228516,7.1125712394714355,-0.10505795478820801,-38.39974594116211,-2.8353707790374756,0.13869163393974304,-44.18582534790039,4.706086158752441,2.4022436141967773,-35.56404113769531,2.1313374042510986,4.484852313995361,-32.34015655517578,9.313615798950195,-1.9339959621429443,-40.749515533447266,-0.9111371040344238,-1.751388430595398,-46.637115478515625,-5.703403949737549,7.058636665344238,-32.78932571411133,8.507625579833984,-3.343228816986084,-44.1993293762207,-6.7458176612854,6.539256572723389,-33.20230484008789,3.3098714351654053,3.6603798866271973,-33.87251663208008,-7.893488883972168,4.40540075302124,-38.762428283691406,-0.19895276427268982,6.990184307098389,-29.441570281982422,-3.653019905090332,7.42591667175293,-30.666719436645508,4.1437201499938965,-4.001160621643066,-47.44474792480469,0.3953903019428253,-3.3799824714660645,-48.246307373046875,-0.188503235578537,-2.8323588371276855,-47.345008850097656,8.841730117797852,-1.3301730155944824,-40.119903564453125,-6.958551406860352,6.58027982711792,-33.75528335571289,-0.7438157796859741,7.498352527618408,-28.739295959472656,-1.3556417226791382,8.757509231567383,-27.61255645751953,-1.1383637189865112,8.427705764770508,-27.63987922668457,-1.1193209886550903,7.8106842041015625,-28.021093368530273,-9.839362144470215,6.258072376251221,-35.25104904174805,-2.2811315059661865,7.944635391235352,-29.018123626708984,-4.297387599945068,0.9769279360771179,-42.369449615478516,-1.3326936960220337,8.067627906799316,-28.28420066833496,-9.30270004272461,5.684471130371094,-37.131324768066406,-1.9164320230484009,7.905562400817871,-28.186655044555664,-1.8157750368118286,8.284521102905273,-27.819931030273438,9.90262508392334,-2.917051315307617,-42.30125427246094,1.5008543729782104,-4.1665802001953125,-49.560672760009766,-1.8715590238571167,-0.9822232723236084,-45.22916793823242,9.614659309387207,-2.7641077041625977,-41.72480392456055,9.424504280090332,-2.4074666500091553,-41.18016815185547,-3.280299425125122,0.3906852900981903,-43.512088775634766,-4.459264278411865,6.791937828063965,-30.91899871826172,-7.228756427764893,3.5676777362823486,-39.380767822265625,-8.01417064666748,6.586122512817383,-34.263671875,2.378591537475586,-4.247214317321777,-48.857173919677734,-2.8461551666259766,7.335960388183594,-29.247888565063477,-6.480245113372803,2.584178924560547,-40.10450744628906,0.8245420455932617,5.532328128814697,-30.6243839263916,0.15757694840431213,6.219175815582275,-29.737808227539062,3.0945961475372314,3.146388292312622,-33.64289093017578,-7.469461917877197,6.575714111328125,-33.923282623291016,8.32909870147705,-1.7936952114105225,-40.04184341430664,-0.8656319379806519,-2.3255789279937744,-46.24155044555664,-2.399477481842041,-0.7023959755897522,-44.45713806152344,-4.9628472328186035,1.4594467878341675,-41.428672790527344,-6.432305812835693,6.452694416046143,-32.81147003173828,-8.881426811218262,6.3327813148498535,-34.5481071472168,-3.728956699371338,0.38871264457702637,-42.99705505371094,8.431203842163086,-3.4654760360717773,-42.63258361816406,6.986431121826172,-3.769775629043579,-44.39669418334961,6.113038063049316,-3.8079111576080322,-45.39927673339844,-9.992827415466309,5.627052307128906,-36.5849609375,4.220177173614502,2.1291191577911377,-34.99564743041992,1.5149825811386108,4.80764627456665,-31.51946258544922,-2.446953296661377,7.738051414489746,-28.712526321411133,-1.4919596910476685,7.858407497406006,-27.844146728515625,1.0707207918167114,-3.9195361137390137,-48.4918212890625,-0.0828309953212738,6.232304096221924,-29.305673599243164,-3.9631667137145996,6.92138147354126,-30.363719940185547,5.372888088226318,-4.06541633605957,-45.77057647705078,-10.65590763092041,5.975829124450684,-35.99614334106445,5.4129815101623535,0.7443740963935852,-36.46199417114258,6.380501747131348,0.04107829928398132,-37.61281967163086,4.799633502960205,1.6519813537597656,-35.70331954956055,-1.249939203262329,-1.9091863632202148,-45.89594650268555,1.6705349683761597,-4.268418788909912,-48.40231704711914,0.3724803030490875,5.598620414733887,-30.04929542541504,-0.40444979071617126,6.659402847290039,-28.89310646057129,-3.5012314319610596,7.135210037231445,-29.87910270690918,8.176203727722168,-3.4269535541534424,-43.210411071777344,-3.155209541320801,-0.2853352129459381,-43.4387321472168,-0.796906590461731,6.722805976867676,-28.737342834472656,-8.154640197753906,6.32969856262207,-34.26008224487305,3.4014925956726074,-4.254436492919922,-47.294551849365234,-5.797813892364502,6.340333461761475,-32.06195068359375,-8.847124099731445,4.2927565574646,-37.97574234008789,7.254146099090576,-1.2739686965942383,-39.14873504638672,9.175410270690918,-3.054056406021118,-42.05344772338867,4.9496636390686035,-4.051811218261719,-46.04462432861328,-1.7280182838439941,-1.4873771667480469,-45.213382720947266,-7.642524719238281,3.2232728004455566,-38.905494689941406,-10.304497718811035,5.1776123046875,-36.69951629638672,-0.4460162818431854,-2.7353591918945312,-46.53225326538086,-6.0180840492248535,2.1738290786743164,-40.44831085205078,8.866433143615723,-3.213897228240967,-42.47673416137695,3.5658493041992188,2.0663321018218994,-34.434146881103516,2.1374449729919434,3.6456151008605957,-32.471466064453125,-1.4873915910720825,7.346969127655029,-28.056007385253906,-7.630240440368652,6.201366424560547,-33.579017639160156,-8.130712509155273,6.18958854675293,-33.91385269165039,2.7393524646759033,-4.3294148445129395,-47.170921325683594,-3.479580879211426,-0.18949946761131287,-42.86189270019531,4.476292133331299,-4.217206001281738,-46.22053909301758,-5.72883939743042,1.5800983905792236,-40.635684967041016,-1.8488861322402954,7.141123294830322,-28.199623107910156,0.04002979397773743,5.642043113708496,-29.68958854675293,-2.478651762008667,7.02716588973999,-28.7440185546875,-4.7904558181762695,6.409739017486572,-31.326372146606445,-10.593011856079102,5.699984550476074,-35.5078239440918,0.7016253471374512,4.699459075927734,-30.68954849243164,1.1239851713180542,4.526505470275879,-31.16693878173828,-0.10630294680595398,-3.1879420280456543,-46.96086502075195,-9.399253845214844,5.84023380279541,-34.45460891723633,0.5540214776992798,-3.7299938201904297,-47.393104553222656,-2.0767910480499268,-1.4259610176086426,-44.28443145751953,8.59552001953125,-2.854905605316162,-41.306304931640625,1.9135767221450806,-4.328988075256348,-47.38550567626953,7.179946422576904,-3.7428104877471924,-43.228424072265625,-9.799551010131836,4.802750110626221,-37.126792907714844,-8.215497970581055,3.2753117084503174,-38.318885803222656,-6.485122203826904,6.0423502922058105,-32.54399108886719,-7.896694660186768,5.827825546264648,-33.431556701660156,-1.3650583028793335,6.944677352905273,-28.011781692504883,-8.710030555725098,5.945888996124268,-34.08194351196289,-3.4631361961364746,6.657174587249756,-29.735191345214844,-2.9054791927337646,-0.7226121425628662,-43.35530471801758,-4.786465167999268,0.6449058055877686,-41.344886779785156,6.556061744689941,-0.9672256112098694,-38.3724365234375,-10.522090911865234,5.852903366088867,-35.14263153076172,2.3992433547973633,2.800049304962158,-33.05359649658203,3.104292392730713,2.2332539558410645,-33.94849395751953,-1.170185923576355,6.807584285736084,-28.409605026245117,-7.111659526824951,2.5111427307128906,-39.12545394897461,-8.448465347290039,5.887419700622559,-33.70537567138672,-9.683709144592285,4.354484558105469,-37.1746940612793,-10.980019569396973,5.663326740264893,-35.736183166503906,8.333022117614746,-3.2584104537963867,-41.853824615478516,5.566138744354248,-4.13465690612793,-44.59347915649414,-0.7933584451675415,-2.725358486175537,-45.60651397705078,-4.247351169586182,6.0369415283203125,-30.429994583129883,-1.514823317527771,-2.059462547302246,-44.967098236083984,-11.041716575622559,5.278441429138184,-35.957820892333984,-6.429543495178223,1.93292236328125,-39.738800048828125,7.996203899383545,-2.6073689460754395,-40.65946960449219,4.1310625076293945,1.0506012439727783,-35.281829833984375,-3.8963520526885986,0.015202835202217102,-42.38064193725586,-1.104693055152893,6.041865825653076,-28.732301712036133,-7.0719523429870605,5.873998641967773,-33.12682342529297,-4.696509838104248,5.989446640014648,-30.979480743408203,-9.975167274475098,5.705788612365723,-34.45286178588867,5.022091865539551,0.39292657375335693,-36.24272918701172,-8.456267356872559,3.157484531402588,-37.952754974365234,-5.430004596710205,5.693803787231445,-31.665145874023438,-5.332417011260986,1.0759313106536865,-40.80290222167969,1.218440294265747,3.590827703475952,-31.628917694091797,7.351561546325684,-2.0351991653442383,-39.80213928222656,-2.6269071102142334,-1.2841812372207642,-43.3052978515625,-6.116950035095215,1.5967776775360107,-39.98849105834961,-2.106353759765625,-1.742222785949707,-43.51884460449219,-8.8933687210083,3.6995561122894287,-37.77826690673828,-3.2092459201812744,6.3607892990112305,-29.364492416381836,5.850006103515625,-0.49395081400871277,-37.51381301879883,3.5232179164886475,-4.382728576660156,-45.344398498535156,6.30815315246582,-2.0793051719665527,-39.189842224121094,-10.447245597839355,4.758340835571289,-36.5002326965332,-2.721827983856201,6.371906280517578,-28.952247619628906,7.074116230010986,-3.507307767868042,-41.946990966796875,-7.776028156280518,2.6167211532592773,-38.359737396240234,-6.840901851654053,5.3901567459106445,-32.93989562988281,-4.2529144287109375,0.03215731680393219,-41.715965270996094,7.752806663513184,-3.073230743408203,-41.08162307739258,-9.434118270874023,5.674786567687988,-34.21918869018555,-2.300632953643799,6.051222801208496,-28.87818717956543,4.337979316711426,-4.355007171630859,-44.860992431640625,-1.7811437845230103,6.272232532501221,-28.327327728271484,-11.089680671691895,5.578601837158203,-35.004310607910156,-11.491560935974121,5.423812389373779,-35.590423583984375,1.187404990196228,-4.1322221755981445,-46.622989654541016,7.4103617668151855,-3.414726734161377,-41.47311782836914,-0.03519293665885925,-3.365675449371338,-45.73468780517578,-3.861560821533203,5.908249855041504,-29.984689712524414,-7.517693042755127,2.270305633544922,-38.44654083251953,-6.495517253875732,5.705589294433594,-32.489376068115234,-0.04551216959953308,4.764208793640137,-30.073375701904297,0.7522168159484863,-3.9447696208953857,-45.944862365722656,-3.09204363822937,-0.9232367277145386,-42.79104995727539,1.774789571762085,2.695495843887329,-32.589637756347656,6.52175235748291,-3.8714659214019775,-42.944366455078125,-3.6878345012664795,-0.6021414995193481,-41.94715881347656,3.210270643234253,1.048825979232788,-34.59581756591797,-7.612052917480469,5.316939353942871,-33.03476333618164,-8.996016502380371,5.525343894958496,-33.9523811340332,7.011035442352295,-2.496035099029541,-40.1387939453125,4.926692008972168,-0.31968703866004944,-36.665138244628906,-11.735777854919434,5.648230075836182,-35.542057037353516,-8.380577087402344,5.244819641113281,-33.50408172607422,-9.385236740112305,3.7338624000549316,-37.13565444946289,-6.250517845153809,5.377723217010498,-32.103118896484375,2.009260416030884,-4.328181266784668,-46.150630950927734,5.209779739379883,-4.174679756164551,-43.8347282409668,-1.2910106182098389,-2.468367576599121,-44.35609817504883,-1.0051071643829346,5.040708541870117,-29.309612274169922,5.623661994934082,-1.6242260932922363,-38.33314895629883,2.148810625076294,-4.3389081954956055,-45.39022445678711,-5.999847412109375,1.0345818996429443,-39.65648651123047,-6.970898151397705,1.8486192226409912,-38.73329544067383,-10.449190139770508,4.549343109130859,-36.213836669921875,-10.419676780700684,5.334647178649902,-34.597373962402344,7.054934024810791,-2.8736908435821533,-40.323089599609375,4.023102283477783,0.23930761218070984,-35.6571044921875,-4.887781143188477,5.59795618057251,-31.099163055419922,1.250438928604126,2.8065452575683594,-32.106632232666016,-6.69417142868042,5.00583028793335,-32.626930236816406,-3.191359758377075,5.803282260894775,-29.467836380004883,2.478362560272217,1.8773627281188965,-33.645408630371094,6.582748889923096,-3.368684768676758,-41.339744567871094,-9.833614349365234,3.925034999847412,-36.59894943237305,-11.341714859008789,5.152981758117676,-35.2624397277832,0.25903943181037903,-3.6177804470062256,-45.25303649902344,-8.820859909057617,3.18812894821167,-37.32579040527344,-5.42301607131958,5.036646842956543,-31.612735748291016,-5.511824607849121,0.6500675082206726,-40.061397552490234,-9.840118408203125,5.184387683868408,-34.234615325927734,-11.601300239562988,5.394641876220703,-35.07239532470703,-1.8682242631912231,5.433046340942383,-28.8192081451416,-4.8591084480285645,0.08656740188598633,-40.59715270996094,-6.443236827850342,1.4691057205200195,-39.034847259521484,-7.8572187423706055,5.070484161376953,-33.21916961669922,-12.178898811340332,5.2372283935546875,-35.43757247924805,5.632609844207764,-3.8309664726257324,-42.262451171875,-4.166369915008545,-0.4921616315841675,-41.12294387817383,-10.614290237426758,4.750416278839111,-35.005279541015625,-0.12125656008720398,3.474264144897461,-30.809280395507812,-5.083892345428467,5.190486907958984,-31.098844528198242,-10.713449478149414,4.70201301574707,-35.50756072998047,-3.4932665824890137,5.220625400543213,-29.765701293945312,-1.6398981809616089,5.2263641357421875,-28.979141235351562,-4.499927043914795,5.200663089752197,-30.637184143066406,-12.076937675476074,5.190014839172363,-35.06401062011719,-7.137383937835693,4.929052352905273,-32.74629211425781,-10.408985137939453,4.836648464202881,-34.62887954711914,-11.053872108459473,4.998076915740967,-34.94512939453125,6.006527900695801,-2.2999837398529053,-38.99773025512695,-0.7562752962112427,4.066740989685059,-30.0653133392334,6.131772518157959,-3.0053517818450928,-40.58063507080078,-9.45300579071045,4.717622756958008,-34.06195831298828,-2.6405017375946045,5.111300468444824,-29.46195411682129,4.421968460083008,-4.20159387588501,-43.5328254699707,6.276391983032227,-2.788905620574951,-39.895450592041016,0.1206076443195343,-3.535372257232666,-44.371490478515625,-0.9100053310394287,-2.878678560256958,-43.67927551269531,-1.604461908340454,-2.3347456455230713,-43.362022399902344,3.0773935317993164,-4.327989101409912,-44.44676971435547,-8.126052856445312,2.575253486633301,-37.64823913574219,-6.2290143966674805,4.422677516937256,-32.22817611694336,0.9342453479766846,-3.984424591064453,-44.86978530883789,-9.547444343566895,3.388400077819824,-36.33879470825195,-10.01484489440918,3.848428726196289,-35.65713119506836,4.477643013000488,-0.9641710519790649,-37.07042694091797,-2.782109260559082,-1.5894520282745361,-41.96709442138672,0.20827391743659973,2.906860828399658,-31.43482208251953,-8.728255271911621,4.8396406173706055,-33.66022872924805,-7.488979816436768,4.707070827484131,-32.94881820678711,5.772904396057129,-3.467552423477173,-41.30116271972656,2.0974974632263184,1.3911802768707275,-33.79548263549805,-10.890373229980469,4.500590801239014,-35.0222053527832,4.7389750480651855,-1.463781714439392,-37.416595458984375,3.04386830329895,-0.0849066972732544,-35.27739715576172,4.946435928344727,-3.718421459197998,-41.68404006958008,-8.238279342651367,4.60628604888916,-33.423702239990234,-2.210613250732422,4.828031539916992,-29.592344284057617,5.663819313049316,-2.6242434978485107,-39.24966812133789,-1.8140697479248047,-2.2349660396575928,-42.67743682861328,0.9783123135566711,1.4223501682281494,-33.05074691772461,-1.4227384328842163,4.3427629470825195,-29.56626319885254,-8.859169960021973,2.7584686279296875,-36.43714141845703,-3.765716075897217,4.608156681060791,-30.35613441467285,2.3677968978881836,-4.241440296173096,-43.93619918823242,4.338039875030518,-3.980269432067871,-42.50035095214844,-7.469456672668457,1.7954988479614258,-37.607364654541016,-7.862767219543457,2.205601692199707,-37.578330993652344,-6.785316467285156,4.335280895233154,-32.50804901123047,5.207130432128906,-2.7787556648254395,-39.66073989868164,4.772315502166748,-3.1418023109436035,-40.18701934814453,-4.974287986755371,4.492970943450928,-31.18232536315918,-6.8279595375061035,1.3549530506134033,-38.245121002197266,5.000377178192139,-3.3893957138061523,-40.836143493652344,3.6201672554016113,-4.1128621101379395,-42.903724670410156,4.907205104827881,-2.0150368213653564,-38.16545486450195,-1.810207724571228,4.205488681793213,-29.801698684692383,-5.1751604080200195,0.05959981679916382,-39.74545669555664,-5.573819160461426,0.34549832344055176,-39.15312957763672,0.3734194040298462,1.917827844619751,-32.26304626464844,-5.61353063583374,4.02447509765625,-31.981945037841797,1.6449651718139648,0.9833146929740906,-33.96406555175781,-2.8498196601867676,4.177745819091797,-30.280794143676758,-9.837394714355469,4.3269195556640625,-34.273948669433594,1.244963526725769,-3.9178671836853027,-43.66804504394531,-3.1447534561157227,-1.4117867946624756,-40.948280334472656,-5.90941047668457,0.7213917970657349,-38.50687789916992,-8.338451385498047,2.349133014678955,-36.71867752075195,-0.06329694390296936,-3.370561122894287,-43.245548248291016,4.054379463195801,-1.0079822540283203,-36.481170654296875,-0.9315141439437866,3.030508041381836,-30.782480239868164,-9.423327445983887,4.01515531539917,-34.08747100830078,-9.835899353027344,4.114425182342529,-34.70620346069336,-10.264872550964355,3.952204704284668,-34.965030670166016,3.4523892402648926,-3.763150215148926,-41.65739059448242,-7.507516384124756,4.1445159912109375,-33.00958251953125,4.473324775695801,-2.770900249481201,-39.38813400268555,2.602809429168701,-4.022153854370117,-42.785247802734375,4.24183464050293,-1.8509509563446045,-37.953250885009766,4.18051290512085,-3.5138907432556152,-41.04194641113281,-8.589040756225586,4.029672622680664,-33.692787170410156,-4.399655342102051,-0.6582682132720947,-39.9281005859375,-1.1556668281555176,-2.724799394607544,-42.395973205566406,-1.6850610971450806,-2.323544502258301,-41.70629119873047,-9.596641540527344,3.2752444744110107,-35.64771270751953,-10.11975383758545,3.622798204421997,-35.42314529418945,0.29065200686454773,-3.5102055072784424,-43.05593490600586,2.811203956604004,-0.2709847688674927,-35.057823181152344,-2.021893262863159,3.3742847442626953,-30.265573501586914,3.206610918045044,-1.026872158050537,-36.215049743652344,-1.4162300825119019,3.2207508087158203,-30.38768768310547,-4.097360134124756,4.093159198760986,-30.80777359008789,-3.517184019088745,3.8120765686035156,-30.708293914794922,-8.161527633666992,3.5110726356506348,-33.629478454589844,-4.832561016082764,3.764678955078125,-31.4360408782959,3.5956907272338867,-1.4924800395965576,-37.40923309326172,-2.2325127124786377,-1.995125412940979,-40.69451904296875,3.5326480865478516,-3.3650500774383545,-40.61579895019531,1.1299153566360474,-3.6531882286071777,-42.465301513671875,3.694873332977295,-2.403993606567383,-38.647064208984375,3.1936724185943604,-1.8250977993011475,-37.68177795410156,-5.8512749671936035,0.49222028255462646,-37.72092056274414,3.7564280033111572,-2.954432487487793,-39.65040969848633,-8.162343978881836,2.1080355644226074,-35.90029525756836,-9.344325065612793,3.609950065612793,-34.67338562011719,1.7196425199508667,0.6682355999946594,-33.88650894165039,-6.005634784698486,3.505784273147583,-32.286903381347656,-2.519230365753174,3.2773752212524414,-30.689708709716797,-6.79547119140625,1.1724286079406738,-37.30995178222656,-8.97344970703125,2.6466031074523926,-35.51248550415039,2.389188766479492,-3.716259717941284,-41.739253997802734,0.20499470829963684,-3.290325403213501,-42.04449462890625,-9.732345581054688,3.248420000076294,-35.11427688598633,-5.41016960144043,0.24326467514038086,-38.230308532714844,1.5207332372665405,-3.5836663246154785,-41.754337310791016,0.4869525730609894,1.5006858110427856,-32.4295654296875,2.9167673587799072,-2.6888885498046875,-39.06763458251953,2.7556021213531494,-3.497636079788208,-40.97398376464844,-7.180526256561279,3.1110849380493164,-33.2537956237793,-0.5757402777671814,-2.7699360847473145,-41.012847900390625,-7.277895927429199,1.4918932914733887,-36.68378448486328,-6.590877056121826,3.1093828678131104,-32.884132385253906,1.7543503046035767,0.10336440801620483,-34.48786544799805,1.0358057022094727,0.7727763652801514,-33.55304718017578,-0.5063093304634094,2.386436939239502,-31.295886993408203,-3.0635640621185303,3.0308821201324463,-31.071887969970703,2.4586033821105957,-0.6832799911499023,-35.45697784423828,-4.622674942016602,3.2230467796325684,-31.6593017578125,2.5507917404174805,-2.337967872619629,-38.43838119506836,-3.367357015609741,-1.3808324337005615,-39.889095306396484,2.789241313934326,-3.2061171531677246,-40.154823303222656,-1.3899632692337036,-2.3540894985198975,-40.57843780517578,-4.413264751434326,-0.6530436277389526,-38.8196907043457,2.5238053798675537,-1.9171921014785767,-37.671688079833984,-8.51653003692627,3.0561556816101074,-34.14593505859375,-4.91603422164917,3.0032427310943604,-32.151710510253906,1.36753511428833,-3.3346173763275146,-40.97949981689453,0.6499438285827637,-3.169766902923584,-41.06641387939453,2.2182674407958984,-1.5214639902114868,-36.9652214050293,-8.579955101013184,2.9332237243652344,-34.64855194091797,1.6613445281982422,-0.3906283378601074,-35.18207550048828,0.7881799936294556,0.5420556664466858,-34.12626647949219,1.9335081577301025,-3.2807886600494385,-40.556724548339844,0.4517083466053009,-0.1936221718788147,-34.856143951416016,-0.06816516071557999,1.3098031282424927,-32.46144485473633,1.8965582847595215,-1.024657964706421,-36.08377456665039,-8.608118057250977,2.469308853149414,-35.159732818603516,2.102130651473999,-2.8892784118652344,-39.46991729736328,-1.5086356401443481,2.571408748626709,-30.989673614501953,-5.948688507080078,2.7817800045013428,-32.68941116333008,1.758098840713501,-1.6151371002197266,-37.073787689208984,0.018943190574645996,0.38177090883255005,-34.00796890258789,-3.4607481956481934,2.7074930667877197,-31.556970596313477,0.17548398673534393,-2.8120133876800537,-40.21847915649414,1.4035345315933228,-2.8324055671691895,-39.609622955322266,1.825079321861267,-2.342395067214966,-38.480567932128906,-7.662899017333984,1.7862437963485718,-35.606082916259766,-7.714211940765381,2.8442091941833496,-33.76741027832031,-1.1288249492645264,2.0207080841064453,-31.843671798706055,-0.43912607431411743,0.9346503019332886,-33.101173400878906,0.9692667722702026,-2.938446283340454,-40.096519470214844,-2.9545021057128906,-1.5524290800094604,-39.36439895629883,-4.7937092781066895,-0.19188180565834045,-37.604393005371094,1.0933250188827515,-1.968918800354004,-37.83243179321289,-0.4212014973163605,-2.3865108489990234,-39.333900451660156,-1.4707156419754028,-2.1627840995788574,-39.72441101074219,-2.2808103561401367,2.4337351322174072,-31.38016128540039,-6.488652229309082,0.9269096851348877,-36.7728157043457,-5.057522773742676,2.480118751525879,-32.5406494140625,0.8078848123550415,-0.8744879961013794,-35.79644775390625,-4.130248546600342,2.59721040725708,-31.9520263671875,0.40398937463760376,-2.565655469894409,-39.33535385131836,0.9396487474441528,-2.211251735687256,-38.281192779541016,-7.677339553833008,2.1302127838134766,-34.82286071777344,-0.5433785915374756,1.2526313066482544,-32.69771194458008,-7.742560386657715,2.5061964988708496,-34.164710998535156,-0.4532707929611206,-0.016513973474502563,-34.523921966552734,0.8736007809638977,-1.4839526414871216,-36.86216735839844,0.9303723573684692,-2.4730327129364014,-38.9089241027832,-1.5256906747817993,1.6740047931671143,-32.188560485839844,-6.620181083679199,1.157410979270935,-35.83836364746094,-0.7160427570343018,0.5096530318260193,-33.67892837524414,-5.552607536315918,0.33269429206848145,-36.8657341003418,-5.708820819854736,2.41074800491333,-32.94206237792969,-6.562995910644531,2.4342000484466553,-33.41873550415039,-2.11195969581604,-1.8166391849517822,-39.00981521606445,-4.039422035217285,-0.5647751092910767,-37.33298873901367,0.0422137975692749,-1.6617987155914307,-37.370704650878906,-3.369842529296875,1.904906153678894,-32.25350570678711,-1.2346049547195435,-1.9869104623794556,-38.77535629272461,-2.6843390464782715,1.4879305362701416,-32.5440559387207,-2.9186832904815674,-1.460770845413208,-38.75007629394531,-3.4351038932800293,-1.0665905475616455,-38.095829010009766,-5.657143592834473,0.508348822593689,-36.18507385253906,-7.142628192901611,2.1647350788116455,-34.08592987060547,0.13889752328395844,-1.3417174816131592,-36.70849609375,-0.225332111120224,-2.0269241333007812,-38.26729965209961,-1.8841876983642578,1.3264820575714111,-32.607696533203125,-4.197304725646973,1.9274015426635742,-32.611366271972656,-6.907311916351318,1.5946131944656372,-34.89958190917969,-0.13105720281600952,-0.7866238355636597,-35.71817398071289,-1.581408977508545,0.7586823105812073,-33.33400344848633,-0.9103012084960938,-0.46318602561950684,-35.27811813354492,-1.117987036705017,-1.6968305110931396,-37.850337982177734,-1.9547922611236572,-1.6446073055267334,-38.23247146606445,-5.2588934898376465,1.7594029903411865,-33.3377571105957,-5.990090847015381,1.8168001174926758,-33.71099090576172,-0.4849883019924164,-1.344632863998413,-36.831424713134766,-5.932472229003906,0.949741005897522,-35.30158996582031,-4.619678497314453,-0.11429974436759949,-36.53849792480469,-2.8116066455841064,-1.0958049297332764,-37.451351165771484,-6.275108337402344,1.4788968563079834,-34.407920837402344,-1.6381133794784546,0.2425624132156372,-34.136959075927734,-2.1785085201263428,0.4717909097671509,-33.83097839355469,-4.1261887550354,1.5172722339630127,-33.019493103027344,-2.5637826919555664,0.8288240432739258,-33.375465393066406,-1.3843715190887451,-0.9194833040237427,-36.28379821777344,-1.908837080001831,-1.2094039916992188,-37.16389083862305,-4.725222110748291,0.44464391469955444,-35.19489669799805,-1.529211163520813,-0.27241218090057373,-35.01682662963867,-2.2767655849456787,-0.7114461660385132,-36.184112548828125,-3.683605909347534,-0.45628079771995544,-36.425384521484375,-5.169013023376465,0.9903455972671509,-34.409507751464844,-3.8385183811187744,-0.1031712219119072,-35.690181732177734,-3.4051034450531006,0.9156014323234558,-33.498374938964844,-3.0073745250701904,-0.5338910222053528,-36.148582458496094,-2.346369504928589,-0.19772249460220337,-35.045772552490234,-4.197202682495117,0.8901798129081726,-33.91968536376953,-3.216269016265869,0.3225088119506836,-34.3990478515625
