1490011070.7204158_7194.png,-1.19162917137146,-3.033381700515747,-29.564916610717773,-0.02039530873298645,-2.5771892070770264,-28.968658447265625,-1.2896921634674072,-1.512609601020813,-29.0473690032959,-0.3379819393157959,-3.520970106124878,-29.515634536743164,-0.03008890151977539,-1.6132574081420898,-28.65108871459961,0.8388351202011108,-1.2280710935592651,-28.247516632080078,1.185823678970337,-2.30941104888916,-28.519107818603516,1.697630763053894,-1.4067540168762207,-28.095211029052734,0.07845577597618103,-0.9328428506851196,-28.424474716186523,-1.979496717453003,-2.362506151199341,-29.621482849121094,0.9542561173439026,-3.1730401515960693,-28.955820083618164,-2.6846327781677246,-1.6548371315002441,-29.7720947265625,1.469146728515625,-0.892333984375,-28.032817840576172,-1.1172804832458496,-0.12055506557226181,-28.773719787597656,-2.158341646194458,-3.1574971675872803,-30.043703079223633,1.1408255100250244,-4.021778106689453,-29.395063400268555,2.205820083618164,-2.4541046619415283,-28.362218856811523,-2.0958850383758545,-0.5885336399078369,-29.272747039794922,0.5293086767196655,0.2759302258491516,-28.08558464050293,0.21382398903369904,-0.17225492000579834,-28.249492645263672,-0.38525304198265076,0.21620500087738037,-28.418659210205078,-1.4666576385498047,-4.3478264808654785,-30.4293155670166,2.328667402267456,-3.1873722076416016,-28.652496337890625,1.3501026630401611,0.34223347902297974,-27.849435806274414,-2.801278591156006,-3.7822301387786865,-30.696075439453125,0.4752870202064514,-4.718574523925781,-30.03898811340332,-3.1245195865631104,-2.5607569217681885,-30.29547691345215,2.777773141860962,-1.050734281539917,-27.89139747619629,2.6476004123687744,-0.5833017230033875,-27.786672592163086,2.3834433555603027,0.038878679275512695,-27.700754165649414,-3.363621711730957,-1.2391750812530518,-30.05848503112793,3.086287021636963,-2.2196121215820312,-28.1957950592041,-1.0164802074432373,-5.103539943695068,-30.823659896850586,2.471072196960449,-3.9257030487060547,-29.00822639465332,-1.7770495414733887,0.3468402624130249,-29.07846450805664,-2.893378257751465,-0.25830939412117004,-29.67647933959961,3.281933307647705,-1.432279109954834,-27.998884201049805,1.0610573291778564,0.9016173481941223,-27.900146484375,-4.169754981994629,-3.116626739501953,-31.042842864990234,-0.09700357913970947,0.982641875743866,-28.26443862915039,-0.5411437153816223,1.379098653793335,-28.45432472229004,1.4048495292663574,-4.840744495391846,-29.92551612854004,3.859774589538574,-2.5347378253936768,-28.258695602416992,3.4377665519714355,-3.460674524307251,-28.62942123413086,-4.581113815307617,-2.1010241508483887,-30.96605110168457,0.6180301904678345,1.2135275602340698,-28.010841369628906,3.7301383018493652,-1.732151746749878,-28.01246452331543,3.0728869438171387,-0.3597787618637085,-27.813400268554688,-3.299910068511963,-4.8502326011657715,-31.47199058532715,-4.241872310638428,-4.153400897979736,-31.492605209350586,1.8746492862701416,0.7221542000770569,-27.754310607910156,-0.46458014845848083,-5.296342849731445,-30.877277374267578,-3.8793835639953613,-0.1073310375213623,-30.311368942260742,2.1841440200805664,-4.723484039306641,-29.6438045501709,3.1262805461883545,-4.210119247436523,-29.124483108520508,-5.092224597930908,-3.4750945568084717,-31.594871520996094,-1.5711498260498047,1.1287745237350464,-28.993566513061523,-2.0465517044067383,-5.405574798583984,-31.425539016723633,-4.091055393218994,-1.0304734706878662,-30.50469207763672,3.4237279891967773,-0.8702490329742432,-27.809595108032227,-2.8340656757354736,0.696068525314331,-29.664722442626953,2.7619094848632812,1.1086310148239136,-27.616172790527344,1.7952446937561035,1.1442923545837402,-27.68240737915039,-5.646486282348633,-2.534930467605591,-31.61159896850586,4.486476898193359,-3.1235876083374023,-28.42070198059082,3.870899200439453,-4.2725138664245605,-29.005578994750977,3.2610421180725098,-0.08776003122329712,-27.728363037109375,-5.341124534606934,-1.3589801788330078,-31.29192543029785,-2.920224189758301,-6.0228776931762695,-32.11935806274414,-4.400779724121094,-5.299895763397217,-32.14155960083008,-5.832977771759033,-4.3765106201171875,-32.29786682128906,-6.265600681304932,-3.301112651824951,-32.1441535949707,1.0953516960144043,1.8526414632797241,-27.84758949279785,0.37608200311660767,2.02093768119812,-28.1407470703125,-2.451711416244507,1.2481173276901245,-29.491132736206055,5.081397533416748,-3.48370099067688,-28.467498779296875,2.3040051460266113,1.3273160457611084,-27.639982223510742,-5.941513538360596,-5.279932022094727,-32.783668518066406,4.618318557739258,-2.013392925262451,-28.130029678344727,-4.808279991149902,-0.4579179286956787,-30.958942413330078,4.1984782218933105,-1.0149638652801514,-27.955516815185547,4.196568489074707,-0.5062366724014282,-27.884971618652344,3.0319676399230957,-5.019322395324707,-29.771425247192383,4.056018352508545,0.18231692910194397,-27.849422454833984,0.963495135307312,2.647909641265869,-27.86887550354004,1.8391327857971191,2.364607334136963,-27.575706481933594,-4.697801113128662,-6.071124076843262,-32.745574951171875,0.3089504837989807,-5.4499735832214355,-30.76104736328125,4.380103588104248,-4.595783233642578,-29.234098434448242,-7.528275966644287,-3.640011787414551,-33.00456619262695,-3.872166633605957,1.012606143951416,-30.453439712524414,0.1445663571357727,2.7024879455566406,-28.273120880126953,-0.8743522763252258,2.0132389068603516,-28.683448791503906,2.3882558345794678,2.1062417030334473,-27.58391571044922,-1.0468478202819824,-5.976592063903809,-31.600919723510742,3.1521005630493164,0.9822199940681458,-27.62567138671875,-6.714666366577148,-2.0692968368530273,-32.16399002075195,-6.871668815612793,-5.505868911743164,-33.373069763183594,-1.4806172847747803,-6.448885917663574,-32.28767013549805,-3.55059814453125,-6.661385536193848,-32.83076858520508,1.5712922811508179,-5.665170669555664,-30.7998104095459,-7.337463855743408,-4.445205211639404,-33.13553237915039,5.531367301940918,-3.9226062297821045,-28.637128829956055,3.768697738647461,-5.290266990661621,-30.0699520111084,5.569690704345703,-2.690333604812622,-28.361841201782227,1.4889492988586426,2.809427499771118,-27.671710968017578,-5.814643859863281,-6.227355003356934,-33.31422424316406,-7.533472061157227,-2.843573808670044,-32.84735870361328,2.6525206565856934,-5.533877849578857,-30.503028869628906,5.505327224731445,-3.273817539215088,-28.58588218688965,5.245429515838623,-1.6663638353347778,-28.259990692138672,-2.075651168823242,2.2472500801086426,-29.5234317779541,-5.995188236236572,-0.9233933091163635,-31.680313110351562,5.258080005645752,-4.550688743591309,-29.146068572998047,4.967916965484619,-0.7984116077423096,-28.178789138793945,-4.836498260498047,0.32163095474243164,-31.131832122802734,-3.2828750610351562,1.525341510772705,-30.191608428955078,-8.48343563079834,-4.320655822753906,-33.79979705810547,0.43764907121658325,-5.962442874908447,-31.390592575073242,-8.070682525634766,-5.759546279907227,-34.1570930480957,2.9875941276550293,2.085400104522705,-27.591712951660156,2.0382232666015625,2.7737324237823486,-27.609899520874023,1.9857052564620972,3.335911750793457,-27.6011905670166,-2.324000597000122,-6.847768306732178,-32.81342697143555,4.681665897369385,0.18615984916687012,-28.10487937927246,3.4868361949920654,1.8497239351272583,-27.7930908203125,-0.3322700262069702,3.100104331970215,-28.616071701049805,-1.3687572479248047,2.628413200378418,-29.17396354675293,-4.313328266143799,-7.017973899841309,-33.41631317138672,-7.1124653816223145,-6.72450065612793,-34.2893180847168,0.975222110748291,-6.089948654174805,-31.52102279663086,0.07320511341094971,-6.345476150512695,-32.09235763549805,3.9793241024017334,1.134330153465271,-27.935041427612305,2.6888859272003174,3.0384633541107178,-27.535295486450195,1.007986068725586,3.7393860816955566,-27.952238082885742,-7.757812976837158,-1.831464171409607,-32.87752914428711,-7.0757293701171875,-1.4596505165100098,-32.381412506103516,6.0684428215026855,-3.498821973800659,-28.72624397277832,-5.696059226989746,-0.07886359095573425,-31.667213439941406,-5.6777448654174805,-6.969503402709961,-33.853477478027344,-8.932826042175293,-5.5469841957092285,-34.569679260253906,6.048841953277588,-4.127510070800781,-28.815044403076172,5.937288284301758,-2.3042349815368652,-28.493572235107422,-6.477859020233154,-0.20963811874389648,-32.146148681640625,-2.6867854595184326,2.2154364585876465,-29.983564376831055,-0.6297482252120972,-6.305628776550293,-31.967639923095703,4.676059722900391,-5.462470054626465,-30.281490325927734,1.756191611289978,3.9016284942626953,-27.644378662109375,-8.60631275177002,-3.053267478942871,-33.60017776489258,3.641505241394043,2.5914647579193115,-27.808019638061523,2.3445444107055664,3.9214277267456055,-27.52263641357422,0.40663039684295654,3.702181816101074,-28.323375701904297,6.472902774810791,-4.7127790451049805,-29.196592330932617,-6.366848945617676,-7.426307201385498,-34.575618743896484,-8.241704940795898,-6.70750093460083,-34.84569549560547,1.5715993642807007,-6.00728178024292,-31.33817481994629,-4.676487922668457,1.1306865215301514,-31.172874450683594,-7.381908893585205,-0.5071892142295837,-32.74208068847656,5.529937744140625,-1.2123428583145142,-28.404863357543945,-3.2809996604919434,-7.291356086730957,-33.474205017089844,-1.5597202777862549,3.2025864124298096,-29.611276626586914,4.645054340362549,1.1894290447235107,-28.289552688598633,-1.9389607906341553,2.7396461963653564,-29.6842041015625,5.606742858886719,-5.130336284637451,-29.732126235961914,2.1180877685546875,-6.01711368560791,-31.38900375366211,-4.53713846206665,-7.841328144073486,-34.40569305419922,6.33695125579834,-2.613166570663452,-28.679166793823242,7.230867385864258,-3.9556870460510254,-29.095722198486328,6.244319438934326,-5.07807731628418,-29.631059646606445,6.476984024047852,-3.4387526512145996,-28.773427963256836,3.300870180130005,3.4229323863983154,-27.645444869995117,-10.006378173828125,-4.254293441772461,-34.810455322265625,-8.63860034942627,-1.9175971746444702,-33.530975341796875,-8.876215934753418,-6.8782196044921875,-35.25955581665039,-0.6112684011459351,-6.746651649475098,-32.713382720947266,4.152095317840576,2.0928397178649902,-28.092668533325195,-10.095403671264648,-2.9283034801483154,-34.61149597167969,1.3656423091888428,4.59037971496582,-28.014469146728516,2.0498929023742676,4.448603630065918,-27.586198806762695,-0.5556985139846802,3.849574327468872,-29.055747985839844,-1.0306612253189087,3.4750730991363525,-29.32478904724121,-5.085514068603516,-7.902365684509277,-34.61617660522461,-5.871984958648682,-7.882845401763916,-34.86664581298828,7.189844608306885,-4.446173667907715,-29.122615814208984,5.625470161437988,-0.6503746509552002,-28.66396141052246,5.294988632202148,-0.07168769836425781,-28.466093063354492,2.863839864730835,-5.874397277832031,-31.022497177124023,0.8966405391693115,4.27211332321167,-28.233522415161133,6.893888473510742,-3.020122766494751,-28.948305130004883,6.0903639793396,-1.4688884019851685,-28.702289581298828,-7.446326732635498,-7.929422378540039,-35.41200637817383,-10.109223365783691,-5.8841681480407715,-35.56904602050781,-8.1643705368042,-1.0747021436691284,-33.21773147583008,4.100627899169922,-5.57855224609375,-30.809185028076172,7.135153770446777,-3.564866065979004,-29.09614372253418,2.811521530151367,5.091833114624023,-27.5388126373291,-8.695781707763672,-1.1191250085830688,-33.620914459228516,-2.53806209564209,-7.379668712615967,-33.59710693359375,-3.362781286239624,-7.723387241363525,-34.128700256347656,4.513461589813232,1.760223150253296,-28.500980377197266,-9.860560417175293,-1.7718231678009033,-34.404266357421875,3.3578553199768066,4.357417583465576,-27.681161880493164,3.6249852180480957,-5.843457221984863,-31.101667404174805,-5.894476413726807,0.41469505429267883,-32.012046813964844,-9.723875045776367,-7.487441539764404,-36.207298278808594,-1.2804646492004395,-7.073972225189209,-33.186866760253906,-5.418135643005371,1.1517391204833984,-31.9903564453125,6.853408336639404,-5.192142009735107,-29.57676887512207,1.0342345237731934,-6.393274307250977,-32.09044647216797,4.144161224365234,3.137979030609131,-28.087495803833008,2.373614549636841,4.851773262023926,-27.620685577392578,2.0322632789611816,5.312612056732178,-27.7813663482666,1.6324741840362549,4.753533840179443,-27.764850616455078,-3.048738956451416,2.9012768268585205,-30.837322235107422,7.500816345214844,-5.060083389282227,-29.524099349975586,-8.62360668182373,-7.985671043395996,-35.903831481933594,6.600810527801514,-1.8484994173049927,-28.9674129486084,0.19514524936676025,4.411223411560059,-28.847389221191406,-3.504021644592285,2.320298194885254,-30.850791931152344,-4.574307441711426,1.914536952972412,-31.5136661529541,-6.990575790405273,0.22954018414020538,-32.731937408447266,5.193711757659912,0.6797999143600464,-28.588653564453125,-10.842474937438965,-3.3066420555114746,-35.2180290222168,7.87857723236084,-4.414307594299316,-29.36087417602539,5.485897064208984,-5.5850067138671875,-30.46774673461914,-6.265208721160889,-8.610872268676758,-35.7315559387207,2.773040294647217,-6.148794651031494,-31.67036247253418,0.6237169504165649,4.756279468536377,-28.615406036376953,-11.236859321594238,-4.261373996734619,-35.83738327026367,-2.1646862030029297,-7.556192874908447,-33.944114685058594,-3.978694438934326,-8.179682731628418,-34.84368896484375,-8.363144874572754,-0.323299378156662,-33.601356506347656,-2.3236043453216553,3.315387010574341,-30.48102378845215,7.274778366088867,-2.488130569458008,-29.30490493774414,-9.438105583190918,-0.9198132753372192,-34.195220947265625,6.398875713348389,-5.415159225463867,-30.371442794799805,6.0727763175964355,-0.9663203954696655,-28.87795066833496,1.2870885133743286,5.317356586456299,-28.424604415893555,-1.3357131481170654,3.7715060710906982,-29.92991065979004,-10.757162094116211,-5.763923645019531,-36.13662338256836,0.7414757013320923,-6.642988681793213,-32.73169708251953,-3.10189151763916,-8.049683570861816,-34.851444244384766,4.754264831542969,-5.676870822906494,-30.914962768554688,-8.954315185546875,-8.769302368164062,-36.60295104980469,-6.330384254455566,0.8458133339881897,-32.55921936035156,-0.2325044572353363,-6.87005090713501,-33.18827819824219,-5.155947685241699,-8.553267478942871,-35.51079177856445,7.420295238494873,-5.453342914581299,-29.897409439086914,2.533552885055542,5.925179481506348,-27.696714401245117,-8.090590476989746,0.25234949588775635,-33.6862907409668,-7.527072906494141,-8.832049369812012,-36.30058288574219,7.719254493713379,-3.890791893005371,-29.418960571289062,-10.568012237548828,-7.140557765960693,-36.917274475097656,3.6483724117279053,5.274708271026611,-27.82876205444336,-8.004076957702637,-9.318897247314453,-36.9207649230957,1.6882919073104858,-6.399688720703125,-32.28670120239258,-10.634506225585938,-1.8585312366485596,-34.955352783203125,-7.6279706954956055,0.3416125476360321,-33.40624237060547,4.04752254486084,4.230257034301758,-28.021713256835938,4.996830940246582,1.3644055128097534,-28.6986083984375,-0.919264554977417,4.28191614151001,-29.950796127319336,-4.141509532928467,2.5139517784118652,-31.63498306274414,4.604000091552734,2.1408419609069824,-28.5602970123291,3.8201513290405273,-5.954834461212158,-31.510517120361328,-9.933831214904785,-8.668598175048828,-37.270938873291016,-11.746254920959473,-3.1190195083618164,-35.917205810546875,-11.376851081848145,-5.499144077301025,-36.7969856262207,-0.01306462287902832,4.946284770965576,-29.494075775146484,-11.403961181640625,-1.8171610832214355,-35.510337829589844,-4.637984752655029,-8.444707870483398,-35.27731704711914,5.341048717498779,-5.788855075836182,-31.373538970947266,2.196403980255127,5.874902725219727,-28.08949089050293,-0.6912721395492554,-7.251877307891846,-33.767799377441406,4.507171630859375,-5.640711307525635,-31.46546745300293,1.7778692245483398,6.048132419586182,-28.54860496520996,-1.7005153894424438,3.861518383026123,-30.446985244750977,-1.5704751014709473,-7.566091060638428,-34.18605041503906,-9.272147178649902,-0.19494935870170593,-34.3231201171875,0.9484186172485352,5.562379837036133,-29.045015335083008,2.613565444946289,6.33115291595459,-27.814346313476562,-0.33608269691467285,4.696094512939453,-29.904260635375977,5.0096893310546875,1.8585550785064697,-29.03494644165039,4.764795303344727,2.664278030395508,-28.677305221557617,6.934667110443115,-1.7617087364196777,-29.219804763793945,5.6205830574035645,0.6789642572402954,-29.03341293334961,-5.370397567749023,1.8478906154632568,-32.38970184326172,8.518209457397461,-5.288351058959961,-29.96186637878418,3.5481553077697754,5.930770397186279,-27.766008377075195,6.0741167068481445,-5.652156352996826,-30.793127059936523,-8.98533821105957,-9.545140266418457,-37.333675384521484,-9.639205932617188,-9.422795295715332,-37.621158599853516,8.206358909606934,-4.413115978240967,-29.370412826538086,6.774958610534668,-5.659698486328125,-31.003253936767578,-11.760017395019531,-4.554361343383789,-36.5809440612793,-2.620124578475952,-8.03279972076416,-34.820343017578125,-6.742000102996826,-9.129849433898926,-36.523197174072266,2.8937268257141113,-6.276768684387207,-32.26047134399414,-3.57045841217041,3.1550185680389404,-31.79380226135254,-10.502286911010742,-7.8343000411987305,-37.519493103027344,8.579629898071289,-4.912032127380371,-29.63239097595215,8.657673835754395,-4.272604942321777,-29.695674896240234,5.418056964874268,1.2313612699508667,-29.055788040161133,6.709031581878662,-1.0711712837219238,-29.383195877075195,4.440323829650879,3.748629093170166,-28.40215492248535,3.435596466064453,6.448349952697754,-27.71184539794922,-6.054416179656982,1.658339262008667,-33.038734436035156,-6.94871187210083,1.0149993896484375,-33.262359619140625,-10.560510635375977,-0.32072141766548157,-35.210655212402344,7.843924045562744,-3.139347791671753,-29.65214729309082,7.592825889587402,-5.564113616943359,-30.548173904418945,-10.955211639404297,-0.8872342109680176,-35.317298889160156,7.68885612487793,-5.461397647857666,-30.269433975219727,4.217898845672607,5.206356048583984,-28.227989196777344,3.726080894470215,-5.9704508781433105,-31.801904678344727,0.8432146310806274,-6.84704065322876,-33.438575744628906,6.3756513595581055,-0.5471194982528687,-29.24110984802246,-11.393793106079102,-6.144376277923584,-37.503604888916016,5.824801445007324,0.4113651514053345,-29.253524780273438,4.453910827636719,4.356895923614502,-28.47384262084961,-4.1710286140441895,-8.666557312011719,-35.71709060668945,-7.708009719848633,-9.686775207519531,-37.35118103027344,4.620303153991699,3.310732841491699,-28.612817764282227,-3.4582343101501465,-8.46614933013916,-35.60892105102539,-5.540599822998047,-8.941123962402344,-36.1672248840332,6.202915191650391,-0.23753464221954346,-29.45895767211914,1.8881661891937256,-6.468832015991211,-32.8487434387207,1.3653783798217773,-6.798521518707275,-33.44818115234375,-12.448984146118164,-3.4699277877807617,-36.855743408203125,8.122001647949219,-3.7836668491363525,-29.807680130004883,0.16556689143180847,-6.959474086761475,-33.75979232788086,-2.935060501098633,3.5201213359832764,-31.52420997619629,9.209362983703613,-5.343165874481201,-30.09419059753418,-2.1437573432922363,-7.998589038848877,-35.09078598022461,7.455259799957275,-2.254068613052368,-29.652069091796875,-9.294288635253906,-10.115211486816406,-38.04386901855469,8.578651428222656,-5.676531791687012,-30.3717098236084,6.232667446136475,-5.74396276473999,-31.19811248779297,-9.8665132522583,0.2872357964515686,-35.09518051147461,3.878967046737671,-6.177574634552002,-32.19559860229492,-0.6918079853057861,4.695915699005127,-30.34412384033203,-4.952387809753418,2.473250389099121,-32.45077896118164,-12.235209465026855,-2.446044445037842,-36.249637603759766,4.0019097328186035,5.666208744049072,-28.173954010009766,-1.8300747871398926,-7.859010696411133,-34.83937072753906,-8.880049705505371,0.4781293570995331,-34.45292663574219,7.1552348136901855,-1.7234230041503906,-29.685222625732422,4.723974227905273,-5.731970310211182,-32.06285095214844,2.606381416320801,6.916522026062012,-28.15041160583496,-1.2121968269348145,-7.55418586730957,-34.504966735839844,2.4935550689697266,6.682348251342773,-28.9296875,-12.532264709472656,-1.4959325790405273,-36.44489669799805,-11.783668518066406,-0.9953485131263733,-35.97227096557617,-11.243931770324707,-6.9135847091674805,-38.1147346496582,-0.35744115710258484,-7.2565717697143555,-34.14663314819336,4.9792680740356445,2.241286277770996,-29.010953903198242,4.964353561401367,1.9600754976272583,-29.261625289916992,-8.190911293029785,0.9917446970939636,-34.29893112182617,-10.315850257873535,-8.907879829406738,-38.1338996887207,-11.998517990112305,-4.838474273681641,-37.36486053466797,-10.911141395568848,-7.493429183959961,-38.30811309814453,0.1780303716659546,5.373235702514648,-30.038965225219727,-1.757744312286377,4.114620685577393,-31.090425491333008,-4.59390926361084,-8.999250411987305,-36.485496520996094,6.859991073608398,-1.331383228302002,-29.540157318115234,3.910600185394287,6.798001766204834,-27.996185302734375,4.287811756134033,4.951773166656494,-28.49881935119629,-8.464580535888672,-10.228075981140137,-38.205177307128906,3.2821199893951416,7.38525915145874,-27.851221084594727,8.176265716552734,-3.2977616786956787,-30.159631729125977,-11.553092002868652,-5.463491439819336,-37.321434020996094,8.621257781982422,-5.065183639526367,-30.328615188598633,1.7502511739730835,6.388998985290527,-29.193744659423828,-12.69397258758545,-2.736110210418701,-37.03427505493164,2.808995246887207,-6.376813888549805,-32.98149490356445,-5.225630283355713,-9.275240898132324,-36.92624282836914,-6.1392645835876465,-9.394702911376953,-37.01912307739258,-4.461811065673828,2.792433023452759,-32.451629638671875,8.445074081420898,-5.28022575378418,-30.72541046142578,-2.739637851715088,-8.215474128723145,-35.62090301513672,8.654043197631836,-4.19964599609375,-30.40036392211914,-7.6428608894348145,1.2329341173171997,-34.232872009277344,7.860904216766357,-2.8106484413146973,-29.936893463134766,-9.858780860900879,-10.215143203735352,-38.634971618652344,4.684700965881348,3.3170762062072754,-28.889944076538086,-3.94466233253479,3.1521315574645996,-32.34770202636719,5.3077473640441895,1.6046391725540161,-29.347972869873047,3.9835445880889893,6.119211673736572,-28.139352798461914,4.860820770263672,2.5858945846557617,-29.093177795410156,-9.201053619384766,-10.783669471740723,-38.82964324951172,6.020942687988281,0.31489837169647217,-29.603008270263672,-0.38762450218200684,5.0363240242004395,-30.78965950012207,-12.83634090423584,-1.889183521270752,-36.856197357177734,5.705684661865234,1.061787724494934,-29.484853744506836,-7.195624828338623,1.4374123811721802,-33.96562576293945,6.6360015869140625,-0.6225860118865967,-29.897382736206055,-6.892250061035156,-9.745637893676758,-37.49332046508789,-10.183611869812012,-9.735570907592773,-38.66322326660156,-5.512800693511963,2.257746458053589,-33.022552490234375,-6.420841693878174,1.620530366897583,-33.555789947509766,4.316505432128906,4.563828468322754,-28.698484420776367,-12.34792423248291,-4.337453365325928,-37.873695373535156,-11.296652793884277,-0.18058371543884277,-35.954681396484375,7.114940643310547,-5.519038200378418,-31.4326171875,3.6368892192840576,7.691195487976074,-27.97772216796875,0.6654208898544312,5.813584804534912,-30.05389404296875,1.1811407804489136,6.085964679718018,-29.60599136352539,8.6394624710083,-4.713571548461914,-30.592775344848633,2.915335178375244,7.4539794921875,-28.33417320251465,2.076350212097168,-6.4859466552734375,-33.55081558227539,0.4096543788909912,-7.036297798156738,-34.3273811340332,-12.384934425354004,-0.7399840950965881,-36.56824493408203,-1.3085534572601318,-7.738297939300537,-35.13483428955078,6.383388519287109,-5.573366641998291,-31.690935134887695,7.484723091125488,-1.8217626810073853,-30.011253356933594,-9.65986156463623,-10.889862060546875,-39.19122314453125,8.50303840637207,-3.809983730316162,-30.482770919799805,7.078922271728516,-1.1923691034317017,-30.030080795288086,6.362950325012207,-0.13396692276000977,-29.866840362548828,4.63743257522583,-5.775938510894775,-32.519248962402344,-0.7516495585441589,-7.436796188354492,-34.72370147705078,4.934597969055176,2.9893641471862793,-29.27152442932129,5.07301664352417,2.4432153701782227,-29.334632873535156,4.092349052429199,5.940860271453857,-28.75681495666504,4.672433853149414,4.02036714553833,-28.882143020629883,-11.703638076782227,-5.679809093475342,-38.36065673828125,-5.7318572998046875,-9.503865242004395,-37.474205017089844,-2.131885528564453,4.05081844329834,-31.863880157470703,-10.839570999145508,-8.25251579284668,-39.0104866027832,-12.67860221862793,-3.3860936164855957,-37.37403869628906,-9.19776725769043,1.169141411781311,-35.413726806640625,4.8029465675354,3.785379409790039,-29.23255157470703,4.347479820251465,5.604736328125,-28.723426818847656,3.795351505279541,-6.0593342781066895,-32.96875762939453,5.632106781005859,1.4181042909622192,-29.743906021118164,-1.8835580348968506,-8.017319679260254,-35.62254333496094,4.541757583618164,4.804044723510742,-29.0417423248291,4.633695125579834,4.353440761566162,-29.095495223999023,8.393821716308594,-5.073587417602539,-30.939266204833984,2.914888381958008,7.207732200622559,-28.83555793762207,-6.546075344085693,2.0220141410827637,-34.368038177490234,5.307376384735107,2.0900301933288574,-29.88492774963379,-5.923581123352051,2.3042712211608887,-33.668785095214844,-3.372354030609131,-8.626699447631836,-36.22772979736328,-7.76786994934082,-10.236680030822754,-38.41319274902344,4.914103031158447,3.49415922164917,-29.537357330322266,7.815230846405029,-2.370424270629883,-30.408817291259766,-0.9584101438522339,4.7130126953125,-31.202346801757812,-0.625478982925415,-7.505173683166504,-34.991737365722656,-4.747499465942383,-9.2392578125,-37.30012512207031,6.313329219818115,0.18814820051193237,-30.13088607788086,0.12323659658432007,-7.183840751647949,-34.77333450317383,-11.54317855834961,-6.271965026855469,-38.43219757080078,3.248741626739502,7.0310797691345215,-28.630950927734375,0.200903058052063,5.247174263000488,-30.528844833374023,-3.212453603744507,3.675621509552002,-32.641456604003906,4.331819534301758,5.282473564147949,-28.97084617614746,-6.3847503662109375,-9.913848876953125,-38.08631896972656,3.731691837310791,6.677405834197998,-28.541662216186523,-7.1385698318481445,-10.164619445800781,-38.426902770996094,5.8507080078125,0.39160335063934326,-29.8032283782959,2.4257795810699463,-6.41251277923584,-33.76081848144531,-11.851314544677734,-0.14371448755264282,-36.42501449584961,-13.084460258483887,-2.261488437652588,-37.54080581665039,7.905206203460693,-2.8414013385772705,-30.88785743713379,-10.964150428771973,0.41310805082321167,-36.14191436767578,-13.383698463439941,-1.0765492916107178,-37.305992126464844,5.701018333435059,-5.449310779571533,-32.42691421508789,6.140467643737793,0.5852301716804504,-30.0985050201416,-3.6749582290649414,-8.794515609741211,-36.827091217041016,-10.54550552368164,-9.624979019165039,-39.388790130615234,3.8653342723846436,6.636831283569336,-28.75758171081543,-8.862930297851562,-10.909762382507324,-39.3594856262207,-13.016650199890137,-0.6230231523513794,-37.105377197265625,-13.386575698852539,-1.517364740371704,-37.48136520385742,8.165922164916992,-3.2249538898468018,-30.776403427124023,1.5406264066696167,-6.769108295440674,-34.19668960571289,-4.524857997894287,3.019700288772583,-33.04526901245117,7.981654644012451,-4.941939353942871,-31.35495948791504,3.256685972213745,-6.0358567237854,-33.7742919921875,-1.7428200244903564,4.306909561157227,-31.571903228759766,5.8708882331848145,1.2554123401641846,-30.04486656188965,-5.372559547424316,2.72806453704834,-33.60286331176758,8.42109489440918,-4.177121162414551,-31.007976531982422,0.8089468479156494,-6.959174156188965,-34.624996185302734,-11.3806734085083,-6.707721710205078,-38.89322280883789,-2.5738022327423096,-8.25013256072998,-36.231788635253906,-10.694725036621094,-8.998617172241211,-39.78480529785156,-8.10007095336914,1.6637356281280518,-35.170650482177734,5.092796802520752,2.564960479736328,-29.76124382019043,6.946838855743408,-5.136538505554199,-31.935020446777344,-7.874241828918457,-10.489786148071289,-38.98667526245117,2.2993216514587402,6.67750358581543,-29.739713668823242,-10.304499626159668,-10.005849838256836,-39.4811897277832,7.514435291290283,-1.567081093788147,-30.583683013916016,6.756471633911133,-0.7946065664291382,-30.601163864135742,6.665477275848389,-0.3935260772705078,-30.64382553100586,-9.54344367980957,-11.543181419372559,-40.042823791503906,-2.649672508239746,3.929220676422119,-32.36307907104492,-12.446142196655273,-4.239016532897949,-38.418758392333984,-12.0920991897583,-4.755810260772705,-38.83024978637695,-12.520675659179688,-3.6696414947509766,-38.33905029296875,-5.638500690460205,-9.648000717163086,-38.07289505004883,-12.894369125366211,-3.2506906986236572,-38.33945083618164,1.4449200630187988,6.21805477142334,-30.18484115600586,4.452691078186035,-5.413106441497803,-33.43695831298828,-5.121868133544922,-9.42099380493164,-37.731101989746094,4.047493934631348,6.1243085861206055,-29.357179641723633,5.0202436447143555,3.273716688156128,-29.925817489624023,-8.612762451171875,1.4540899991989136,-35.30609893798828,-10.304816246032715,0.8574653267860413,-36.161808013916016,-0.5053925514221191,-7.406063556671143,-35.38954162597656,-9.928324699401855,-10.409788131713867,-39.74843978881836,5.493861198425293,2.190971851348877,-30.53594207763672,3.4043068885803223,6.873873710632324,-29.305091857910156,5.000049591064453,-5.313216686248779,-32.995574951171875,-1.6855558156967163,-7.903676986694336,-36.23517990112305,8.15478515625,-3.7545342445373535,-31.302139282226562,7.587103843688965,-2.2753262519836426,-31.261045455932617,5.1357808113098145,2.5497593879699707,-30.504953384399414,-13.458150863647461,-2.201871633529663,-38.581695556640625,-11.067110061645508,-7.454352378845215,-39.39765930175781,7.856937408447266,-4.254578113555908,-31.772634506225586,-14.034894943237305,-0.5024535655975342,-38.131526947021484,-3.9757742881774902,-8.896720886230469,-37.65385055541992,0.9137588143348694,-6.830114841461182,-35.11745071411133,4.426302909851074,4.885079860687256,-29.95091438293457,-7.285998344421387,1.9888345003128052,-35.10316848754883,-13.80749225616455,-1.4369568824768066,-38.72145462036133,-11.532729148864746,-5.986482620239258,-39.413787841796875,2.372030258178711,-6.248541831970215,-34.558467864990234,3.0011870861053467,6.940281391143799,-29.658544540405273,6.387006759643555,0.28003907203674316,-30.73018455505371,5.7767744064331055,1.4510201215744019,-30.705198287963867,3.898423433303833,-5.479471206665039,-33.78743362426758,-12.595549583435059,0.3763541579246521,-37.540775299072266,-13.553605079650879,-0.27044200897216797,-37.75929260253906,5.117624282836914,2.932079315185547,-30.379384994506836,0.4073355197906494,5.359785556793213,-31.103195190429688,-11.58681583404541,0.6634798049926758,-36.93872833251953,0.06739084422588348,-7.157005310058594,-35.511348724365234,-6.239491939544678,-9.898841857910156,-38.739349365234375,-9.754647254943848,-10.796697616577148,-40.25902557373047,-11.119864463806152,-6.718931674957275,-39.493839263916016,6.613565921783447,-0.6055707931518555,-31.429231643676758,-7.249178886413574,-10.340317726135254,-39.09498596191406,-1.173150658607483,4.643083572387695,-31.93171501159668,3.1541943550109863,-5.752880573272705,-34.314781188964844,-3.5232510566711426,3.5476229190826416,-33.12648010253906,-0.6871327757835388,-7.431410312652588,-35.910301208496094,-4.430996417999268,-9.037609100341797,-38.09287643432617,6.3271965980529785,-4.610483646392822,-32.78572463989258,-0.5001672506332397,4.94637393951416,-31.647172927856445,-11.853668212890625,-5.526547908782959,-38.97926330566406,7.159797668457031,-1.2436681985855103,-31.202024459838867,-12.223978042602539,-4.392826557159424,-39.30249786376953,-2.7935731410980225,-8.33309555053711,-36.9796257019043,-10.860231399536133,0.8747016787528992,-36.623165130615234,-8.223825454711914,-10.79901123046875,-39.71172332763672,-10.887340545654297,-8.24420166015625,-39.703826904296875,4.83595085144043,3.6756844520568848,-30.5625,1.7710026502609253,6.039308547973633,-30.87508773803711,0.8476583957672119,5.529079437255859,-31.458410263061523,5.489582061767578,-5.0437493324279785,-33.092918395996094,-12.327537536621094,-3.9421558380126953,-38.9298095703125,-9.063294410705566,-11.186295509338379,-40.15172576904297,-10.507272720336914,-12.188952445983887,-40.52448654174805,-10.125993728637695,-12.128082275390625,-40.61193084716797,-9.651202201843262,-11.58112907409668,-40.65455627441406,-14.02972412109375,-1.1595900058746338,-38.9393196105957,-10.453329086303711,-10.34703254699707,-40.212501525878906,-5.421046257019043,2.8220131397247314,-34.54465866088867,-9.93932056427002,-11.423870086669922,-40.384315490722656,-12.981201171875,0.00782012939453125,-37.63924026489258,-10.279273986816406,-11.062385559082031,-40.745277404785156,-10.507098197937012,-11.547103881835938,-40.782310485839844,7.635189056396484,-3.469302177429199,-31.944244384765625,3.2976205348968506,6.6295390129089355,-29.932003021240234,-1.921666145324707,4.221890926361084,-32.62226486206055,7.23740816116333,-3.74363374710083,-32.39714813232422,6.782977104187012,-4.159788131713867,-32.68050003051758,-4.1164422035217285,3.252243757247925,-33.65208435058594,-11.03111743927002,-7.289886951446533,-40.13302993774414,-9.728006362915039,1.3093125820159912,-36.388282775878906,-13.038403511047363,-3.0114002227783203,-38.89532470703125,3.8973941802978516,5.717911243438721,-30.21668243408203,-10.438460350036621,-9.560172080993652,-40.563438415527344,-8.422685623168945,1.8367109298706055,-36.124977111816406,-6.3365302085876465,-9.897969245910645,-39.26655578613281,-7.410588264465332,-10.422391891479492,-39.79000473022461,-2.649121046066284,-8.087586402893066,-37.510772705078125,-12.678146362304688,-3.5370092391967773,-38.97675704956055,5.4029669761657715,-4.555960655212402,-33.581077575683594,-0.1474360227584839,4.96683406829834,-32.249996185302734,-2.6089186668395996,3.898531198501587,-33.23557662963867,-6.367802143096924,2.3679072856903076,-35.22153091430664,-11.992236137390137,-4.776533126831055,-39.54249572753906,-13.472467422485352,-2.197558879852295,-39.11088943481445,-4.522508144378662,3.1898446083068848,-34.19777297973633,6.954470157623291,-2.122605323791504,-32.49074172973633,6.342663288116455,-0.015191256999969482,-31.8004093170166,5.867773532867432,1.1434205770492554,-31.351478576660156,-13.53418254852295,0.0946587324142456,-38.32096862792969,-0.9506022334098816,-7.365988731384277,-36.658687591552734,-5.219021320343018,-9.36233901977539,-38.74953079223633,-10.48514175415039,-10.3365478515625,-40.61553955078125,-9.984203338623047,-11.500487327575684,-40.88919448852539,2.6608786582946777,6.079357624053955,-30.7568359375,-7.660308837890625,-10.561450958251953,-40.193748474121094,-10.83004093170166,-7.994604587554932,-40.31781005859375,5.543217658996582,1.9401997327804565,-31.460107803344727,-14.339954376220703,-0.07031679153442383,-38.80215835571289,1.055465817451477,-6.422557353973389,-35.89967727661133,2.401405096054077,-5.89802360534668,-35.082096099853516,-0.10510566830635071,-7.011411666870117,-36.1857795715332,-0.7556990385055542,4.758057117462158,-32.414154052734375,3.3207473754882812,5.854117393493652,-30.81468963623047,-6.798698902130127,-10.031380653381348,-39.82160568237305,-8.238986015319824,-10.854347229003906,-40.381919860839844,-10.699308395385742,-8.678470611572266,-40.413719177246094,6.824899673461914,-1.630428433418274,-32.114749908447266,-3.5908758640289307,3.4817698001861572,-34.03825759887695,-8.593851089477539,-10.756929397583008,-40.59844970703125,-12.974597930908203,-2.7998299598693848,-39.08680725097656,4.430859088897705,4.14317512512207,-31.06743812561035,-11.5584077835083,-5.559366703033447,-39.96195983886719,-11.607133865356445,0.9918987154960632,-37.60773849487305,4.135663032531738,-4.761168003082275,-34.33943557739258,7.150629043579102,-3.1319193840026855,-32.454532623291016,5.261085510253906,2.3517680168151855,-31.386491775512695,-1.4861747026443481,4.38886833190918,-32.864131927490234,-9.877684593200684,1.4281587600708008,-37.08050537109375,-13.453142166137695,0.5796220302581787,-38.58648681640625,0.47459638118743896,5.1171088218688965,-32.11216354370117,-7.7610273361206055,1.9959763288497925,-35.93256378173828,7.088712692260742,-2.6034178733825684,-32.323997497558594,-1.4757755994796753,-7.306726932525635,-37.342830657958984,-3.856456756591797,-8.525934219360352,-38.452999114990234,-9.614177703857422,-11.106157302856445,-41.00776672363281,-12.601767539978027,-3.467329502105713,-39.500030517578125,-12.915532112121582,-2.9594998359680176,-39.42011260986328,3.97190523147583,4.488933086395264,-31.426809310913086,-3.978178024291992,3.257794141769409,-34.535221099853516,5.044978141784668,2.822968006134033,-31.50332260131836,-7.12985897064209,2.2518036365509033,-36.018978118896484,-9.725648880004883,-10.699482917785645,-41.133731842041016,-7.1258440017700195,-10.086946487426758,-40.18449020385742,-10.037416458129883,-9.931888580322266,-40.99388885498047,-10.965859413146973,-6.643880367279053,-40.1446533203125,-14.183725357055664,-0.2721383571624756,-39.305511474609375,-5.871337413787842,-9.356207847595215,-39.71723937988281,-5.375426292419434,-9.21205997467041,-39.305538177490234,1.0857384204864502,5.422720909118652,-31.919675827026367,-13.546133041381836,-1.70150625705719,-39.62857437133789,1.9934382438659668,5.59033727645874,-31.665388107299805,-1.9204130172729492,3.9751386642456055,-33.6569938659668,6.481497764587402,-3.367816209793091,-33.11086654663086,3.391775131225586,5.103887557983398,-31.54184341430664,6.29744291305542,-0.8771008849143982,-32.61164474487305,-12.770905494689941,0.7482757568359375,-38.29636764526367,-10.421676635742188,1.3651330471038818,-37.693058013916016,-11.801098823547363,-4.702725887298584,-39.99053192138672,-12.575370788574219,-3.2127294540405273,-39.90838623046875,-9.266053199768066,-10.997771263122559,-41.22182846069336,-13.159806251525879,-2.39127254486084,-39.621856689453125,-10.378390312194824,-8.544831275939941,-40.77404022216797,-3.13122296333313,3.5094428062438965,-34.258460998535156,-5.714877605438232,2.632446050643921,-35.674652099609375,3.304168462753296,-5.002160549163818,-34.99867248535156,-14.284976959228516,-0.6221004724502563,-39.4759635925293,-3.022615432739258,-7.875823497772217,-38.38621139526367,-1.9979479312896729,-7.430179119110107,-37.777400970458984,-8.973688125610352,-10.789947509765625,-40.92795181274414,-8.98520278930664,1.6250563859939575,-37.125648498535156,-12.982868194580078,-2.750277042388916,-39.85304260253906,-12.38394546508789,0.942129373550415,-38.4676513671875,-14.412739753723145,0.115517258644104,-39.2822151184082,6.632068634033203,-2.662531614303589,-33.00407791137695,5.55965518951416,1.1224746704101562,-32.331172943115234,0.07563292980194092,4.731070041656494,-32.930419921875,-10.450202941894531,-7.331808090209961,-40.850547790527344,-0.9888874292373657,4.404734134674072,-33.29522705078125,-14.173394203186035,0.4893002510070801,-39.34599304199219,-8.011162757873535,1.9126663208007812,-36.7457275390625,5.780890941619873,-3.5542049407958984,-33.670562744140625,-0.26685595512390137,-6.578122138977051,-37.064640045166016,-4.491354465484619,3.0916030406951904,-34.930484771728516,-8.375472068786621,-10.23019790649414,-41.08146286010742,-12.03976821899414,-3.907855987548828,-39.83681869506836,-10.671170234680176,-6.700263977050781,-40.60918045043945,-13.884420394897461,-1.2984946966171265,-39.89856719970703,0.9647635221481323,-6.152207374572754,-36.3927001953125,-10.576065063476562,1.3353357315063477,-38.118709564208984,-10.919819831848145,-5.689781188964844,-40.49668884277344,-6.48109245300293,2.3864665031433105,-36.035213470458984,-4.623865127563477,-8.493860244750977,-39.436622619628906,4.8028974533081055,-4.014087200164795,-34.227333068847656,-2.5637593269348145,3.6054506301879883,-34.511898040771484,-7.522669792175293,2.0613863468170166,-36.63478088378906,-1.8466174602508545,3.6733431816101074,-34.4254264831543,-11.280881881713867,1.2002055644989014,-38.10088348388672,-10.050119400024414,-8.773052215576172,-41.134422302246094,2.3454394340515137,-5.3761796951293945,-35.63166809082031,4.320122718811035,2.9107751846313477,-32.58510208129883,3.97005295753479,-3.770235061645508,-35.071407318115234,-13.31274127960205,0.7532480955123901,-39.017791748046875,-9.756898880004883,-9.321686744689941,-41.27818298339844,5.877243995666504,-1.7437059879302979,-33.49547576904297,-9.658162117004395,1.4748096466064453,-37.876251220703125,-11.578506469726562,-3.9104840755462646,-40.16796875,-4.863549709320068,2.8716962337493896,-35.54882049560547,5.968202590942383,-2.906813383102417,-33.687339782714844,-13.497757911682129,-1.7441755533218384,-39.91114807128906,-9.245489120483398,-9.447895050048828,-41.36906814575195,4.834334850311279,2.118476629257202,-32.66341018676758,-9.086551666259766,-10.210626602172852,-41.492122650146484,-14.545270919799805,-0.2378244400024414,-39.92441940307617,-14.655467987060547,0.44459521770477295,-39.6982421875,2.6136884689331055,4.944584846496582,-32.26064682006836,5.996095657348633,-2.285243034362793,-33.69245529174805,1.0758057832717896,4.701024532318115,-32.929237365722656,-10.14527416229248,-7.770114421844482,-41.13090515136719,-9.226896286010742,1.55781888961792,-37.91359329223633,-11.595744132995605,-4.557492733001709,-40.22126007080078,-6.556904315948486,-9.34314250946045,-40.40419006347656,2.0694258213043213,4.674044132232666,-32.821868896484375,-3.2201061248779297,3.366074562072754,-34.86260223388672,-3.4840073585510254,-7.7509942054748535,-39.00884246826172,5.853191375732422,-0.6069709062576294,-33.121673583984375,-3.995185613632202,3.015659809112549,-35.53094482421875,-1.0475013256072998,-6.473780155181885,-37.900211334228516,-12.08736801147461,-3.364699363708496,-40.39647674560547,-13.114399909973145,-2.0898232460021973,-40.04905700683594,4.902523040771484,-3.3666462898254395,-34.33940124511719,1.4236103296279907,-5.4635138511657715,-36.49522399902344,-14.990593910217285,0.44045495986938477,-39.69401931762695,-12.540274620056152,-2.585265636444092,-40.33775329589844,-11.761391639709473,1.063910722732544,-38.73853302001953,-11.255666732788086,-4.774114608764648,-40.61386489868164,3.281576156616211,4.270404815673828,-32.45137023925781,5.211257457733154,0.8725919723510742,-33.0526123046875,-0.6441509127616882,4.100707530975342,-33.9111328125,-7.56027889251709,-9.408620834350586,-41.15888214111328,3.0395097732543945,-4.14619779586792,-35.70566940307617,3.2807648181915283,3.7160744667053223,-32.99037551879883,-7.115527153015137,2.0740532875061035,-37.15830612182617,-8.503491401672363,1.6378092765808105,-37.74235916137695,-13.218866348266602,0.6817959547042847,-39.352134704589844,-13.948714256286621,-0.7577989101409912,-40.14297103881836,5.209824085235596,-3.0814898014068604,-34.39201354980469,0.24057304859161377,-5.8609395027160645,-37.26174545288086,-10.538298606872559,-6.3119354248046875,-40.79817581176758,-4.015599250793457,-7.807475566864014,-39.49339294433594,-11.263395309448242,-3.9947330951690674,-40.5689582824707,-9.655860900878906,-8.431039810180664,-41.356685638427734,-2.2719550132751465,-7.073665142059326,-38.41624450683594,5.333808422088623,-1.9117937088012695,-34.048492431640625,-12.297186851501465,0.8881553411483765,-39.194244384765625,-14.414737701416016,0.2905811071395874,-40.04710388183594,1.3886561393737793,4.3566741943359375,-33.33625411987305,-10.957677841186523,1.1367841958999634,-38.703433990478516,-10.490986824035645,-5.388129234313965,-40.89638900756836,-6.442751884460449,2.243438482284546,-36.89628982543945,-13.474142074584961,-1.2456680536270142,-40.30674743652344,-14.79326343536377,0.19729435443878174,-40.14668655395508,-8.528318405151367,-9.417795181274414,-41.60856246948242,-5.511475086212158,2.4917049407958984,-36.577396392822266,-7.819766521453857,1.7164990901947021,-37.54306411743164,-12.080120086669922,-2.9790444374084473,-40.47438430786133,-15.064092636108398,0.8441282510757446,-40.14991760253906,5.068823337554932,-0.5402396321296692,-33.920135498046875,-4.5420355796813965,2.7182796001434326,-36.2609748840332,-13.649685859680176,-0.08672869205474854,-40.21935272216797,-5.658761501312256,-8.170943260192871,-40.578941345214844,-10.416061401367188,-5.9881062507629395,-41.08917999267578,-13.617897033691406,0.31208860874176025,-39.89624786376953,-9.453363418579102,-7.767682075500488,-41.55242156982422,-8.200288772583008,-9.343320846557617,-41.523250579833984,-10.0579833984375,-6.623495101928711,-41.23854446411133,-15.012235641479492,0.5740035772323608,-40.42653274536133,-11.523609161376953,-3.6223456859588623,-40.66992950439453,-13.609338760375977,-0.4875004291534424,-40.38969421386719,-14.146392822265625,0.0033125877380371094,-40.27732467651367,3.863560438156128,-3.602086067199707,-35.44150161743164,-6.62639045715332,-8.575516700744629,-41.03477096557617,4.650585651397705,-2.314791679382324,-34.57994079589844,-12.90649127960205,-1.3388428688049316,-40.56486892700195,-8.794814109802246,-8.398332595825195,-41.556304931640625,4.601682186126709,1.1544034481048584,-33.563995361328125,4.51541805267334,-2.941801071166992,-34.93467330932617,1.1032564640045166,3.8396852016448975,-34.010311126708984,-0.1917632818222046,3.664578676223755,-34.52492904663086,-1.1091556549072266,3.5882272720336914,-34.70197296142578,3.8230109214782715,2.576631546020508,-33.390533447265625,-9.994016647338867,1.2517372369766235,-38.5602912902832,-10.594635009765625,-4.215635299682617,-41.0373649597168,2.073050022125244,3.9118235111236572,-33.60257339477539,-11.771181106567383,0.8345907926559448,-39.591739654541016,-12.518705368041992,0.4400613307952881,-40.016361236572266,1.5734775066375732,-4.615117073059082,-36.692771911621094,-2.6738672256469727,3.0105297565460205,-35.75367736816406,-4.951011657714844,-7.676250457763672,-40.302886962890625,-12.508855819702148,-2.075995445251465,-40.5593147277832,-11.608551979064941,-3.1760215759277344,-40.75648880004883,4.793638229370117,-1.4143089056015015,-34.406036376953125,-2.212822437286377,-6.50717306137085,-38.69828414916992,-13.687589645385742,0.2131969928741455,-40.4373664855957,2.1454200744628906,-4.291600227355957,-36.61558532714844,-0.32692939043045044,-5.36359167098999,-38.06098175048828,4.402529239654541,-0.5634781718254089,-34.53133773803711,-12.02760124206543,-2.3894853591918945,-40.702816009521484,-8.271644592285156,-8.420164108276367,-41.467628479003906,3.8595473766326904,-3.077104330062866,-35.543701171875,-1.429850697517395,3.227663993835449,-35.24020767211914,-3.1705188751220703,-6.34144401550293,-39.62754440307617,-7.373793125152588,-8.644511222839355,-41.48868942260742,-10.833915710449219,0.8210469484329224,-39.63120651245117,-9.16673469543457,-6.921894073486328,-41.53137969970703,3.1663570404052734,2.6231179237365723,-33.97220993041992,4.243387699127197,0.4391067326068878,-34.25826644897461,-9.002212524414062,1.2461824417114258,-38.79924392700195,-9.566740036010742,1.2451844215393066,-38.72834396362305,-10.908123016357422,-3.6709752082824707,-41.05991744995117,3.683016061782837,-2.4731640815734863,-35.469459533691406,3.6763832569122314,-1.7019290924072266,-35.41481018066406,-9.864924430847168,-5.63975715637207,-41.37274932861328,-8.145030975341797,1.5018121004104614,-38.33856964111328,4.102571487426758,-1.298233985900879,-34.97883987426758,3.8580245971679688,1.1787481307983398,-34.26606750488281,2.7412052154541016,-3.633819341659546,-36.29103088378906,-7.536075592041016,-8.200273513793945,-41.515586853027344,-5.852191925048828,2.1531460285186768,-37.34894561767578,-6.421489715576172,1.8646446466445923,-37.778114318847656,-4.058577060699463,-6.74107027053833,-40.16000747680664,-9.913704872131348,-4.52323579788208,-41.236690521240234,-2.2554330825805664,-5.927731513977051,-38.947261810302734,-8.217329978942871,-7.27995491027832,-41.51654815673828,-12.903584480285645,-0.7805346250534058,-40.74824523925781,2.0837020874023438,2.9402992725372314,-34.377933502197266,-3.207806348800659,2.4883735179901123,-36.55575180053711,-7.011056900024414,1.4591432809829712,-38.17753601074219,-10.138681411743164,0.9065420627593994,-39.465965270996094,0.6943938136100769,3.1527960300445557,-34.840816497802734,1.2028193473815918,-4.717440605163574,-37.309566497802734,-5.9711503982543945,-7.488039970397949,-41.11765670776367,-12.419734954833984,-0.9779700040817261,-40.92240524291992,-12.699830055236816,-0.39974677562713623,-40.53497314453125,-12.873040199279785,0.09620499610900879,-40.5717887878418,3.3221435546875,0.311386376619339,-35.08112335205078,-11.244161605834961,-2.837038516998291,-41.026329040527344,3.094874382019043,-2.222229242324829,-35.92108917236328,3.0281548500061035,1.6488629579544067,-34.65024185180664,2.1100058555603027,-3.4651646614074707,-36.58736801147461,3.607524871826172,-0.6278567910194397,-35.16740036010742,-11.869439125061035,-1.7189611196517944,-40.933692932128906,-4.7803239822387695,2.1872808933258057,-37.34306716918945,-0.6621614694595337,2.920158863067627,-35.50240707397461,-1.4181684255599976,2.5869150161743164,-35.98647689819336,-11.834335327148438,0.48643219470977783,-40.19804763793945,-12.482465744018555,0.4700354337692261,-40.354671478271484,1.020316481590271,2.8996219635009766,-34.94285583496094,-0.40910327434539795,-5.27065896987915,-38.40966796875,-7.079403400421143,-7.356747627258301,-41.69110107421875,0.5488287210464478,-4.382381916046143,-37.809486389160156,-6.512490749359131,-7.5528459548950195,-41.477867126464844,-9.008180618286133,-6.179309844970703,-41.58254623413086,-8.408804893493652,-6.434358596801758,-41.61729431152344,-11.221879959106445,-1.740063190460205,-41.12328338623047,-9.244929313659668,-5.187046051025391,-41.53252029418945,1.31695556640625,-3.616776466369629,-37.02330780029297,-2.1868133544921875,2.0989315509796143,-36.76255798339844,2.968017578125,-0.5962142944335938,-35.629478454589844,1.649031162261963,2.113553524017334,-35.188758850097656,2.1695556640625,-2.425328254699707,-36.54745101928711,1.2775408029556274,-3.0400335788726807,-37.13442611694336,-6.932488441467285,1.0486501455307007,-38.88390350341797,2.7230443954467773,-1.5457309484481812,-36.06429672241211,-9.969705581665039,0.41319888830184937,-40.163780212402344,-12.00967025756836,-0.4461771249771118,-40.671871185302734,-2.004694938659668,-5.857575416564941,-39.154808044433594,-9.818916320800781,-3.835944890975952,-41.42224884033203,-7.321918964385986,-6.750640869140625,-41.58888626098633,-8.137870788574219,0.9882492423057556,-39.141754150390625,-10.980229377746582,0.36300671100616455,-40.437034606933594,2.5163841247558594,0.9568665027618408,-35.352054595947266,0.6647653579711914,2.1993188858032227,-35.62245178222656,-11.995141983032227,0.24331605434417725,-40.665733337402344,-6.368142604827881,1.2412163019180298,-38.48332595825195,1.7887566089630127,1.4029109477996826,-35.5609245300293,-3.6764166355133057,-6.487237453460693,-40.22441482543945,1.842085599899292,-1.5613453388214111,-36.64639663696289,2.5322463512420654,0.1493729054927826,-35.69175338745117,-10.288154602050781,-2.3407416343688965,-41.29887390136719,-0.40545159578323364,1.7355014085769653,-36.38675308227539,-8.796147346496582,0.7098410725593567,-39.6065559387207,-9.904626846313477,-2.9153952598571777,-41.38266372680664,-1.520361065864563,-5.20801305770874,-38.99542236328125,-2.628204345703125,-5.723835468292236,-39.58271789550781,-5.158655166625977,-7.080048561096191,-40.937076568603516,-7.507174491882324,-6.0665283203125,-41.61698532104492,-0.34113895893096924,-4.60186767578125,-38.451377868652344,-8.701449394226074,-4.889340877532959,-41.58966064453125,1.248905062675476,-1.9256075620651245,-37.0568733215332,-3.5476996898651123,1.9350032806396484,-37.42214584350586,2.246079206466675,-0.5361555218696594,-36.14485168457031,-1.3445470333099365,1.7210371494293213,-36.76423263549805,-4.9558329582214355,1.4946808815002441,-38.190582275390625,0.8406963348388672,-2.609480381011963,-37.4192008972168,-11.110574722290039,-0.9740598201751709,-41.09978103637695,-8.702346801757812,-4.295496463775635,-41.434139251708984,1.3986519575119019,0.8757992386817932,-36.06672668457031,0.772017240524292,1.2627325057983398,-36.15203857421875,0.25155508518218994,-3.080585241317749,-37.84349060058594,-11.003371238708496,-0.5573923587799072,-40.80540466308594,-1.163506031036377,-4.462276935577393,-38.769287109375,-2.576274871826172,-5.100074768066406,-39.35609817504883,1.7204442024230957,0.2528496980667114,-36.1684455871582,-2.2357840538024902,-4.065771579742432,-39.31816482543945,-3.9573538303375244,-6.046055793762207,-40.49281692504883,-0.4414736032485962,-3.7045507431030273,-38.351078033447266,-10.645014762878418,0.01991558074951172,-40.680450439453125,1.4294391870498657,-0.7311928272247314,-36.72507858276367,-6.066708564758301,-6.7854509353637695,-41.407493591308594,-9.2427396774292,-3.242478847503662,-41.4947624206543,-0.011698007583618164,-2.696427822113037,-37.967735290527344,-3.0577292442321777,-4.644729137420654,-39.794586181640625,-7.518003463745117,-5.3635454177856445,-41.5592041015625,0.062092237174510956,0.8203417062759399,-36.76227569580078,0.8954511284828186,-0.2664109468460083,-36.823177337646484,0.7208260893821716,-1.4748625755310059,-37.27232360839844,-9.431827545166016,0.10346877574920654,-40.396827697753906,-10.432939529418945,-1.5695655345916748,-41.23430633544922,-5.299314022064209,-6.184768199920654,-40.93091583251953,-3.892195224761963,-5.234277248382568,-40.336692810058594,0.7147836685180664,0.34724733233451843,-36.656795501708984,-3.206181287765503,1.4530948400497437,-37.7775764465332,-5.717736721038818,0.7130529880523682,-38.99240493774414,-0.16065692901611328,-1.6499868631362915,-37.80836868286133,-0.7881226539611816,0.39102059602737427,-37.404441833496094,-1.6547056436538696,1.131711721420288,-37.33780288696289,-6.490813255310059,-6.019735813140869,-41.4462776184082,-7.828137397766113,0.5982544422149658,-39.58323287963867,-8.406876564025879,-3.69874906539917,-41.4733772277832,-1.3878353834152222,-3.3299241065979004,-38.855430603027344,-7.883422374725342,-4.668764114379883,-41.54471969604492,-0.05954921245574951,0.004530355334281921,-37.22322463989258,-0.04975825548171997,-1.1532156467437744,-37.651371002197266,-9.782754898071289,-0.5585163235664368,-40.80984878540039,-4.237034797668457,-5.591568470001221,-40.50459289550781,-10.173999786376953,-1.1287405490875244,-41.126949310302734,-3.0704238414764404,-3.8400888442993164,-39.77986526489258,-0.783409595489502,-2.3830556869506836,-38.355796813964844,0.20694378018379211,-0.6176968216896057,-37.31973648071289,-5.315096855163574,-5.558216094970703,-40.992855072021484,-8.213359832763672,-0.032385289669036865,-40.2137336730957,-3.7337710857391357,-4.490499496459961,-40.22354507446289,-6.731715679168701,0.41883790493011475,-39.52345275878906,-8.784745216369629,-3.0316343307495117,-41.425350189208984,-9.362700462341309,-2.2470321655273438,-41.33729934692383,-2.460970878601074,0.8762137293815613,-37.90903854370117,-4.95435905456543,0.29586315155029297,-39.15010070800781,-1.2077206373214722,-1.4878919124603271,-38.346641540527344,-6.822139263153076,-4.564211368560791,-41.439178466796875,-1.7340919971466064,0.3063026964664459,-37.88532257080078,-5.9986042976379395,-4.564899921417236,-41.2155876159668,-3.329618453979492,0.9982711672782898,-38.18374252319336,-4.066200256347656,0.6834403276443481,-38.640289306640625,-7.023865699768066,-0.03944733738899231,-39.98138427734375,-9.51734733581543,-1.3511220216751099,-41.17249298095703,-1.4430302381515503,-2.125980854034424,-38.6429328918457,-1.0350548028945923,-0.5796886682510376,-37.95404052734375,-5.291089057922363,-4.906801700592041,-40.98562240600586,-7.397060871124268,-3.869448661804199,-41.433292388916016,-8.850053787231445,-0.6818262338638306,-40.786224365234375,-2.1519217491149902,-2.8786213397979736,-39.183998107910156,-4.5881524085998535,-4.332913398742676,-40.64193344116211,-3.0052998065948486,-2.8693461418151855,-39.604881286621094,-1.9733691215515137,-0.49337154626846313,-38.39195251464844,-2.57116961479187,0.2067825198173523,-38.35432052612305,-7.966381549835205,-2.7083730697631836,-41.33024978637695,-8.490711212158203,-2.0778861045837402,-41.26087951660156,-1.8849307298660278,-1.6843804121017456,-38.761531829833984,-7.646491527557373,-0.6630944013595581,-40.50538635253906,-5.795637607574463,-0.09916320443153381,-39.7042121887207,-3.679730176925659,-0.06972724199295044,-38.937503814697266,-8.37802791595459,-1.2992596626281738,-41.01154327392578,-4.174010276794434,-3.5284132957458496,-40.332740783691406,-4.769169330596924,-3.5250301361083984,-40.62251663208008,-7.015584945678711,-3.4424610137939453,-41.32379913330078,-5.355252265930176,-3.7718422412872314,-40.903568267822266,-2.909712553024292,-1.725407600402832,-39.249053955078125,-2.978982925415039,-0.7169917821884155,-38.91442108154297,-6.436999320983887,-1.1717851161956787,-40.457183837890625,-3.6268017292022705,-2.7723615169525146,-39.90827178955078,-3.7213499546051025,-1.3765859603881836,-39.51202392578125,-4.894861221313477,-0.5383135080337524,-39.66266632080078,-7.23844051361084,-1.6894993782043457,-40.90578079223633,-5.348742485046387,-1.0931143760681152,-40.08147430419922,-6.016963481903076,-3.250074625015259,-41.046234130859375,-4.383854389190674,-1.0657169818878174,-39.68816375732422,-4.27642822265625,-2.3175644874572754,-40.121131896972656,-6.524986267089844,-2.5112264156341553,-41.00638198852539,-5.356278419494629,-2.4871296882629395,-40.621925354003906
