1490011070.7204158_6682.png,2.679607391357422,4.464788913726807,-42.341949462890625,3.5639379024505615,5.04534912109375,-41.438438415527344,4.144105911254883,4.7215070724487305,-42.95803451538086,2.5030014514923096,4.641828536987305,-41.389923095703125,4.507598876953125,5.200772762298584,-41.77822494506836,5.202209949493408,5.585675239562988,-41.118202209472656,4.262910842895508,5.514070510864258,-40.42823791503906,5.330831527709961,5.814234733581543,-40.26739501953125,5.2110395431518555,5.319543361663818,-41.90924072265625,3.0481231212615967,4.254543304443359,-43.28746795654297,3.3196933269500732,5.2110748291015625,-40.33479309082031,3.464859962463379,3.950441837310791,-44.15611267089844,5.748254299163818,5.778841018676758,-40.64848709106445,5.541494369506836,4.774509906768799,-43.25285720825195,2.1881232261657715,3.9576938152313232,-43.16685485839844,2.5241737365722656,4.927252292633057,-39.850345611572266,4.475708484649658,5.750899314880371,-39.43598175048828,4.721116542816162,4.302733898162842,-43.9809455871582,6.534790515899658,5.482663631439209,-41.891292572021484,5.991207122802734,5.3759565353393555,-42.03411102294922,6.140213489532471,5.111621856689453,-42.70219421386719,1.2416784763336182,3.8113646507263184,-42.10533142089844,3.788262367248535,5.591350078582764,-39.06315994262695,6.892276287078857,5.751760959625244,-41.16077423095703,1.3075810670852661,3.379711866378784,-43.51302719116211,1.569983959197998,4.368014335632324,-40.19658279418945,2.4034061431884766,3.5569584369659424,-44.237396240234375,6.038653373718262,6.019289493560791,-39.37748336791992,6.44931697845459,6.038898944854736,-39.6556510925293,6.959512233734131,6.007088661193848,-40.10615921020508,3.5977883338928223,3.5616142749786377,-44.89568328857422,5.000496864318848,5.927394866943359,-38.693450927734375,0.623996913433075,3.5718159675598145,-41.40507507324219,3.0934360027313232,5.369279384613037,-38.6633415222168,5.726582050323486,4.360291957855225,-43.988243103027344,4.719991683959961,3.805399179458618,-44.79377746582031,5.828048229217529,6.004530906677246,-38.77189636230469,7.3170366287231445,5.5941572189331055,-41.6009635925293,1.4454842805862427,2.8510336875915527,-44.975040435791016,6.972063064575195,5.155440807342529,-42.68212127685547,7.175429344177246,4.87831974029541,-43.20398712158203,1.7689865827560425,4.553203582763672,-39.292152404785156,4.944582462310791,5.9612603187561035,-37.85842514038086,3.8908708095550537,5.722430229187012,-37.93284225463867,2.2760157585144043,2.737748384475708,-45.68492889404297,7.45228385925293,5.408857822418213,-42.10414123535156,5.6888346672058105,6.065758228302002,-38.25434112548828,6.791579246520996,6.000704765319824,-39.319580078125,0.0409969687461853,2.760469913482666,-43.57311248779297,0.3893212676048279,2.572537660598755,-44.67612838745117,7.429550647735596,5.813865661621094,-40.791969299316406,0.61295086145401,3.5821609497070312,-40.81821060180664,4.4589433670043945,3.0986759662628174,-45.70508575439453,2.167130470275879,4.856502532958984,-38.62140655517578,3.0211191177368164,5.338781356811523,-37.943931579589844,0.7385469079017639,2.3124701976776123,-45.678157806396484,6.537118911743164,4.328564643859863,-44.04344177246094,-0.07132947444915771,2.968771457672119,-42.222015380859375,3.4994380474090576,3.046245574951172,-45.600337982177734,6.426102161407471,6.107711315155029,-38.831050872802734,5.635213375091553,3.665128231048584,-45.03291702270508,8.095133781433105,5.938164234161377,-40.08682632446289,7.8095703125,5.811438083648682,-41.00469970703125,1.4398152828216553,2.1111111640930176,-46.489990234375,4.571533679962158,5.9335856437683105,-37.06734085083008,3.217587471008301,5.508944988250732,-37.23334503173828,7.118466854095459,6.051049709320068,-39.23450469970703,2.683530330657959,2.252263069152832,-46.59743881225586,-1.024536371231079,2.335465431213379,-42.784217834472656,-0.8246253728866577,2.110689163208008,-44.404327392578125,-0.43960312008857727,1.7240055799484253,-46.026206970214844,0.4506266713142395,1.6755352020263672,-46.78278732299805,8.226643562316895,5.493177890777588,-41.8670539855957,8.113862037658691,5.1356072425842285,-42.56779479980469,6.298914909362793,3.7683255672454834,-44.859893798828125,4.418379783630371,5.980348110198975,-36.38898849487305,8.150047302246094,5.852756500244141,-40.58457946777344,-1.3873484134674072,1.3862171173095703,-45.79897689819336,5.694022178649902,6.046873569488525,-37.31550979614258,3.7443318367004395,2.4643492698669434,-46.40656280517578,6.519033908843994,6.0321502685546875,-38.03850555419922,7.004884719848633,6.018762588500977,-38.204498291015625,2.1443262100219727,4.827763080596924,-37.71516799926758,7.610078811645508,5.933660507202148,-38.55324172973633,8.926922798156738,5.335234642028809,-42.234413146972656,8.98204517364502,5.720534801483154,-41.35041427612305,-1.7249832153320312,1.624098539352417,-44.38346481323242,0.732804536819458,3.7661993503570557,-40.051902770996094,3.0467562675476074,5.365777492523193,-36.62809371948242,-0.3890225887298584,0.810435950756073,-47.78083419799805,5.49171781539917,2.7769503593444824,-46.028141021728516,8.660472869873047,4.881002902984619,-42.9825553894043,7.631824970245361,4.530272006988525,-43.69001770019531,8.914831161499023,5.7861127853393555,-40.75080108642578,-0.3098730444908142,2.946507215499878,-41.08235168457031,8.100469589233398,5.971850872039795,-39.677978515625,1.458589792251587,1.4297263622283936,-47.58466720581055,-1.977604866027832,0.7888402342796326,-46.54621505737305,-0.9851282835006714,2.3219122886657715,-41.274070739746094,-1.9219951629638672,1.7022969722747803,-43.10799789428711,0.9306046366691589,3.835742950439453,-38.78803634643555,-1.1004177331924438,0.8234227299690247,-47.33851623535156,4.128173828125,5.910587787628174,-35.81037139892578,2.085977077484131,4.620233058929443,-36.90348815917969,5.333013534545898,5.983475208282471,-36.182926177978516,9.273649215698242,5.533430099487305,-41.808311462402344,-2.306941270828247,1.0250662565231323,-45.33087921142578,0.37725692987442017,0.8354125022888184,-48.04775619506836,1.440773367881775,4.16899299621582,-37.83774948120117,4.734950065612793,5.8540143966674805,-36.0402717590332,6.202727317810059,5.898529052734375,-36.815711975097656,7.3516645431518555,3.5956242084503174,-44.80867385864258,2.829249382019043,1.7611615657806396,-47.308753967285156,3.3825440406799316,5.495725631713867,-35.82125473022461,6.938376426696777,5.821319103240967,-37.35404968261719,4.44248104095459,2.1656036376953125,-46.65500259399414,6.196933746337891,2.985381841659546,-45.65673065185547,-1.441532850265503,0.08284934610128403,-48.38980484008789,0.20803996920585632,3.236887216567993,-39.70553970336914,-2.706562042236328,-0.011217981576919556,-47.5184326171875,9.08642292022705,5.816347122192383,-40.17691421508789,9.424735069274902,5.6317620277404785,-41.284576416015625,9.93604850769043,5.545855522155762,-41.5083122253418,-1.7010133266448975,1.8203567266464233,-41.892757415771484,7.779546737670898,5.717451572418213,-37.935794830322266,8.998197555541992,5.685089588165283,-39.610939025878906,8.833613395690918,4.451042652130127,-43.519439697265625,7.983184814453125,3.9185571670532227,-44.294857025146484,-2.580507516860962,1.1396178007125854,-43.65711212158203,-3.3217999935150146,0.07072776556015015,-46.301239013671875,0.24315547943115234,3.1601247787475586,-39.1441764831543,-0.36335787177085876,2.5869736671447754,-39.85761642456055,8.46622085571289,5.690026760101318,-38.9099006652832,9.891683578491211,5.699658393859863,-40.75887680053711,9.952960968017578,5.078114986419678,-42.51969528198242,1.249930739402771,0.6281123161315918,-48.56840133666992,1.8846856355667114,1.0955826044082642,-48.090728759765625,4.685512542724609,5.784801006317139,-35.42367172241211,3.718587636947632,1.653899908065796,-47.28746795654297,-3.03208327293396,0.6225306987762451,-44.91560363769531,-2.8399157524108887,-0.501854419708252,-48.35520935058594,4.077832221984863,5.79848575592041,-35.23912811279297,5.794881343841553,5.812080383300781,-35.94032669067383,3.2801365852355957,1.1583913564682007,-47.935482025146484,7.06326150894165,3.11236834526062,-45.327816009521484,-0.5344502329826355,2.6628472805023193,-40.5477294921875,2.1867382526397705,4.492152214050293,-35.970130920410156,10.386857986450195,5.3980584144592285,-41.89496994018555,-0.2657654881477356,0.0662042498588562,-48.91754913330078,9.741046905517578,5.558621406555176,-39.69159698486328,10.610648155212402,5.548642158508301,-41.35774230957031,9.674750328063965,4.683958530426025,-43.03738021850586,3.6132864952087402,5.5423078536987305,-34.61742401123047,-3.7795114517211914,-0.054151177406311035,-45.34973907470703,-3.743682861328125,-0.5451155304908752,-47.315032958984375,0.5367640256881714,3.361133098602295,-38.625213623046875,5.246588706970215,2.002769947052002,-46.74856948852539,2.6302332878112793,0.5677351355552673,-48.63528823852539,6.699831485748291,5.698354721069336,-36.67119216918945,-2.5136096477508545,1.1865360736846924,-42.590755462646484,8.400654792785645,3.3833932876586914,-44.60582733154297,8.683109283447266,5.370218753814697,-38.25982666015625,7.83517599105835,3.365029811859131,-44.81404113769531,2.8712615966796875,5.032848358154297,-35.2508544921875,0.6958731412887573,3.3441452980041504,-38.10011672973633,-3.558687210083008,0.2861403226852417,-43.510066986083984,5.6082048416137695,5.702552795410156,-35.447608947753906,4.579739570617676,5.562154769897461,-34.14472198486328,3.138450860977173,5.160624027252197,-34.67489242553711,4.866405487060547,5.752086162567139,-35.0509147644043,10.433328628540039,5.563864707946777,-40.287010192871094,-2.005207061767578,-1.0111666917800903,-49.7427978515625,0.7978371977806091,-0.05225187540054321,-49.30522918701172,-4.1634907722473145,-0.9615412354469299,-47.81840133666992,-1.0433982610702515,2.0011067390441895,-40.315242767333984,9.398650169372559,5.388777256011963,-39.02505874633789,-0.7637427449226379,-1.0360454320907593,-50.25651550292969,10.8568754196167,4.8989715576171875,-42.437068939208984,11.001670837402344,5.383294105529785,-41.79195022583008,9.404668807983398,3.8831627368927,-43.91484832763672,8.864709854125977,3.6517281532287598,-44.2199821472168,-3.8203883171081543,0.057156920433044434,-43.98737335205078,-4.0883684158325195,-0.23802971839904785,-44.710357666015625,4.1031599044799805,5.61309814453125,-34.029571533203125,7.221980571746826,5.357220649719238,-36.726463317871094,7.685371398925781,5.43893575668335,-37.238162994384766,1.1186604499816895,3.72489070892334,-37.47792434692383,10.378342628479004,4.707967281341553,-42.759193420410156,5.368707656860352,5.53574275970459,-34.76713562011719,6.5985941886901855,5.479409694671631,-36.03074645996094,-4.711076736450195,-0.8583188056945801,-46.12655258178711,-3.6691980361938477,-1.4991343021392822,-49.25746154785156,1.78263258934021,0.14647753536701202,-49.149757385253906,1.8215999603271484,3.9581143856048584,-36.42238998413086,4.915332794189453,5.492642879486084,-34.35554885864258,11.855291366577148,5.369194984436035,-41.27503204345703,1.5157243013381958,-0.27404043078422546,-49.59568405151367,-2.374877691268921,1.122640609741211,-41.848106384277344,-3.033862590789795,0.607438325881958,-42.465518951416016,9.147186279296875,5.061521053314209,-38.5376091003418,0.4238077998161316,-1.0065457820892334,-50.41270446777344,11.322696685791016,5.379935264587402,-40.517181396484375,1.3809653520584106,3.685720443725586,-36.75943374633789,4.070685863494873,1.2225151062011719,-47.59047317504883,-5.135332107543945,-1.8447768688201904,-48.33154296875,-1.629235029220581,1.5494320392608643,-40.796836853027344,4.917264938354492,1.1514077186584473,-47.369449615478516,3.2342331409454346,5.267741680145264,-34.06966781616211,-0.09973013401031494,2.651992082595825,-38.93450164794922,10.376489639282227,5.223382472991943,-39.35503005981445,11.478704452514648,5.30238151550293,-41.606414794921875,11.779354095458984,5.049474716186523,-42.05402755737305,11.129341125488281,5.133671760559082,-42.26155090332031,7.473907470703125,2.1389925479888916,-45.79063034057617,3.5727896690368652,5.335428237915039,-33.503849029541016,-5.2082414627075195,-1.401427149772644,-47.17005920410156,6.370368003845215,5.309426784515381,-35.403076171875,10.200263023376465,4.040271282196045,-43.40009307861328,6.781490325927734,2.1940195560455322,-46.04069137573242,5.967738628387451,1.545453429222107,-46.85722351074219,3.4476871490478516,0.4804086685180664,-48.493309020996094,8.340638160705566,5.190123081207275,-37.55237579345703,-1.440477728843689,-1.6149574518203735,-50.781898498535156,4.321465492248535,5.412904262542725,-33.362937927246094,2.3062214851379395,4.375274658203125,-35.14696502685547,-5.0145792961120605,-0.9941695928573608,-44.766056060791016,0.7441778182983398,3.126159191131592,-37.41046905517578,10.692702293395996,4.237323760986328,-43.125816345214844,-2.546154499053955,-2.0924103260040283,-50.79493713378906,-2.4678335189819336,0.831064760684967,-41.40388870239258,-3.7563724517822266,-0.058066725730895996,-42.83137130737305,2.371032476425171,-0.3650871217250824,-49.528404235839844,8.14309024810791,2.464343309402466,-45.270442962646484,5.9409966468811035,5.119884014129639,-34.53303527832031,1.386366844177246,-0.9149159789085388,-50.29792785644531,2.771298408508301,4.495091915130615,-34.34634017944336,7.04014253616333,5.223609924316406,-36.18352508544922,11.45732307434082,4.3721923828125,-42.691715240478516,8.962416648864746,2.9898879528045654,-44.53545379638672,-3.8414885997772217,-2.115079641342163,-49.846832275390625,-0.5149379968643188,2.04412579536438,-39.06629180908203,-3.354407787322998,-0.036348581314086914,-42.041629791259766,1.9246470928192139,3.907571792602539,-35.762901306152344,-6.1439690589904785,-1.9816157817840576,-47.16712951660156,4.260565757751465,0.5883046984672546,-48.077301025390625,-1.1022303104400635,1.5752310752868652,-39.868717193603516,-4.574837684631348,-0.7221952676773071,-43.75849914550781,3.127544641494751,5.02706241607666,-33.419212341308594,12.525821685791016,5.062075614929199,-41.77775955200195,2.986469268798828,-0.5266972780227661,-49.43901443481445,-5.703970909118652,-1.5913649797439575,-45.830535888671875,4.75319766998291,5.261341571807861,-33.66865539550781,-5.177468776702881,-2.6491570472717285,-49.161094665527344,12.255610466003418,5.102049827575684,-40.5093879699707,-6.397674560546875,-2.15051007270813,-46.065711975097656,0.07728874683380127,2.4974026679992676,-38.29331970214844,0.019364595413208008,-1.5798351764678955,-51.059207916259766,3.2565953731536865,-0.2387252300977707,-49.058860778808594,11.378315925598145,5.104907989501953,-39.78982162475586,8.90427017211914,4.959097385406494,-37.937713623046875,9.571557998657227,2.910266399383545,-44.29672622680664,6.6518874168396,1.353367805480957,-46.61979293823242,9.524927139282227,4.946386814117432,-38.562950134277344,1.283515453338623,3.3123669624328613,-36.4972038269043,-6.454565048217773,-2.712388515472412,-48.053306579589844,-1.6495572328567505,-2.3862266540527344,-51.619930267333984,-3.8818631172180176,-2.844304323196411,-50.444156646728516,10.547051429748535,3.304245948791504,-43.69309616088867,-0.26411283016204834,-2.177546977996826,-51.74050521850586,-4.275215148925781,-0.4800487756729126,-43.327022552490234,1.9454410076141357,3.5078954696655273,-35.12495803833008,12.317134857177734,4.663951873779297,-42.03932571411133,-1.6861093044281006,1.0400997400283813,-40.123321533203125,1.8043993711471558,3.345210313796997,-35.9492073059082,12.282833099365234,4.159434795379639,-42.43964385986328,8.859452247619629,2.4449143409729004,-44.85318374633789,-2.3194868564605713,0.6285999417304993,-40.8133659362793,2.101644515991211,-1.1492640972137451,-50.3507194519043,11.493979454040527,3.70172119140625,-43.021514892578125,12.91601848602295,4.884768486022949,-41.81467056274414,10.153135299682617,2.922314167022705,-43.87787628173828,9.325826644897461,4.548153400421143,-38.042057037353516,10.051219940185547,4.7552385330200195,-38.55973434448242,6.524436950683594,5.065934181213379,-35.08737564086914,8.416220664978027,4.776761054992676,-37.101322174072266,5.530783653259277,0.6475480198860168,-47.49634552001953,3.625498056411743,4.999972343444824,-32.4251823425293,12.846983909606934,5.051354885101318,-40.81288146972656,2.3876261711120605,4.09958553314209,-34.53561019897461,-6.980591773986816,-2.5769424438476562,-46.87990951538086,-7.1147027015686035,-2.917682409286499,-47.50526809692383,4.426392555236816,5.4221954345703125,-33.05239486694336,2.57670259475708,3.9342093467712402,-33.8483772277832,-3.0897274017333984,-2.8072831630706787,-51.120365142822266,-3.179861545562744,0.01928997039794922,-41.59465026855469,-5.761662483215332,-1.716966152191162,-44.97293472290039,0.5826234817504883,2.5726778507232666,-37.19430160522461,7.414309501647949,1.1255325078964233,-46.260498046875,-5.888628005981445,-3.1256885528564453,-48.82133483886719,4.042774200439453,5.266818523406982,-32.518001556396484,4.658567428588867,5.10495138168335,-32.634456634521484,8.8660306930542,4.653186798095703,-37.4605712890625,7.077136993408203,4.779654026031494,-35.49605178833008,11.001046180725098,4.83115816116333,-39.229713439941406,13.303422927856445,5.014017581939697,-41.08447265625,5.04544734954834,-0.0003083348274230957,-48.01575469970703,4.1252007484436035,-0.16742831468582153,-48.63935470581055,1.449845790863037,-2.077230453491211,-51.435821533203125,5.465824127197266,4.916583061218262,-33.75748825073242,2.990487813949585,4.414022445678711,-33.152889251708984,0.7777363061904907,-2.1128458976745605,-51.6231689453125,3.155492067337036,4.677400588989258,-33.123329162597656,12.319846153259277,4.752740383148193,-39.907501220703125,1.199062466621399,3.022474765777588,-36.55039596557617,-0.7697696685791016,1.3869123458862305,-38.83220672607422,7.480795383453369,4.8151469230651855,-35.98774337768555,-4.5882649421691895,-3.43632435798645,-50.1864128112793,8.200918197631836,4.61525297164917,-36.802452087402344,11.565818786621094,4.662369728088379,-39.39661407470703,-4.393271446228027,-0.850231409072876,-42.77052307128906,-6.706138610839844,-2.4975662231445312,-45.62678909301758,10.619625091552734,4.705264091491699,-38.90230941772461,-3.9621264934539795,-0.7352300882339478,-42.169830322265625,-5.151068687438965,-1.3278356790542603,-43.933006286621094,7.6859564781188965,4.540251731872559,-36.22328567504883,9.143352508544922e-05,1.9665536880493164,-38.02338409423828,-0.5581551790237427,1.3996362686157227,-38.35245895385742,-2.3315370082855225,-3.2940731048583984,-52.07659149169922,4.929868698120117,4.8842267990112305,-33.27960968017578,-1.136169672012329,1.0497711896896362,-39.40414810180664,7.996980667114258,1.3682811260223389,-45.80084991455078,3.7777421474456787,4.918365478515625,-31.740806579589844,-3.0318374633789062,-0.22522065043449402,-41.1260986328125,6.17103385925293,4.750245094299316,-34.397640228271484,-7.710663795471191,-3.201531410217285,-46.921016693115234,3.2252449989318848,4.6629133224487305,-32.204959869384766,2.2973055839538574,3.7247462272644043,-34.31443786621094,2.2579808235168457,-2.0224199295043945,-50.979209899902344,1.0003668069839478,2.6771907806396484,-36.30025863647461,9.979045867919922,2.4685895442962646,-44.167442321777344,6.242706775665283,0.5097258687019348,-47.28728103637695,-1.2207589149475098,-2.8513214588165283,-52.25420379638672,12.68898868560791,4.718710899353027,-40.25908279418945,-2.766202926635742,0.017782971262931824,-40.89921569824219,2.840636968612671,-1.3640379905700684,-50.173553466796875,6.567724227905273,4.613976001739502,-34.841224670410156,1.70709228515625,2.784126043319702,-35.65270233154297,13.416692733764648,4.458100318908691,-41.966087341308594,-2.2368338108062744,0.3331710696220398,-40.4444465637207,13.054969787597656,3.7221145629882812,-41.91789627075195,-0.4519810676574707,-3.2153382301330566,-52.80697250366211,0.3216111660003662,-2.78812313079834,-52.303585052490234,-5.344396114349365,-3.9045112133026123,-49.742919921875,-1.6350082159042358,0.6869460344314575,-39.76604080200195,9.678095817565918,4.507767677307129,-38.191253662109375,9.37560749053955,4.30574893951416,-38.09212112426758,3.5640220642089844,-1.256216287612915,-49.69656753540039,-6.918785095214844,-3.5454776287078857,-48.24916076660156,-3.5391929149627686,-3.546955108642578,-51.17511749267578,-5.807521820068359,-3.98148250579834,-49.22915267944336,10.934395790100098,2.7090811729431152,-43.58608627319336,8.990797996520996,1.7666558027267456,-44.91693878173828,-4.94528865814209,-1.5773415565490723,-42.98627853393555,6.860273361206055,4.6760783195495605,-35.25651550292969,13.744802474975586,4.70442008972168,-40.71289825439453,12.06677532196045,4.531419277191162,-39.73423385620117,-7.572347640991211,-3.2942614555358887,-46.084686279296875,14.113470077514648,4.715466499328613,-41.50336456298828,5.3548502922058105,4.4616289138793945,-33.34061050415039,-3.976320266723633,-3.3768367767333984,-50.56608581542969,3.81782865524292,4.608355522155762,-32.35755920410156,12.505709648132324,3.4669296741485596,-42.502254486083984,-1.7465333938598633,-3.603422164916992,-52.515289306640625,0.363564133644104,1.8738677501678467,-37.16704559326172,-5.466538429260254,-2.0029635429382324,-43.45172882080078,-5.884130001068115,-2.1276426315307617,-44.268856048583984,6.699094772338867,0.48521968722343445,-46.921695709228516,3.5057668685913086,4.242351531982422,-32.415767669677734,-3.4983513355255127,-0.746422290802002,-41.566383361816406,4.629905700683594,4.398759841918945,-32.585548400878906,3.9748358726501465,-1.1988170146942139,-49.25972366333008,5.740636348724365,4.583612442016602,-33.81245422363281,-8.06578254699707,-3.800021171569824,-47.36117172241211,10.608513832092285,4.434975624084473,-38.81395721435547,7.216238975524902,0.5588575005531311,-46.55459213256836,9.140798568725586,4.298303604125977,-37.64881896972656,13.11243724822998,4.678036689758301,-40.419654846191406,9.951950073242188,4.363892078399658,-38.40065383911133,-8.414277076721191,-3.861393928527832,-46.543548583984375,8.125834465026855,4.298004627227783,-36.550193786621094,10.335051536560059,1.991880178451538,-43.93740463256836,-0.9740748405456543,-3.574005126953125,-52.929664611816406,8.740928649902344,4.274714946746826,-37.090850830078125,4.346285820007324,-0.9430870413780212,-48.928245544433594,7.404242515563965,4.195995330810547,-35.648681640625,-6.519067287445068,-2.581003189086914,-44.82231903076172,-7.724255561828613,-3.9245829582214355,-47.8129997253418,5.783192157745361,-0.05068892240524292,-47.69003677368164,4.822149753570557,-0.5245606899261475,-48.29564666748047,11.685161590576172,4.399519443511963,-39.56641387939453,-3.25083327293396,-4.149790287017822,-51.60576248168945,1.2439090013504028,-2.8752965927124023,-52.09597396850586,2.759150743484497,3.507988929748535,-33.524688720703125,14.496793746948242,4.561526775360107,-41.248756408691406,11.501423835754395,2.6508102416992188,-43.25933837890625,11.983064651489258,3.077385425567627,-42.90320587158203,4.117311477661133,4.29200553894043,-32.42060470581055,13.99455451965332,4.207454204559326,-41.820030212402344,-0.05113714933395386,1.2886412143707275,-37.76565933227539,-1.2071424722671509,0.5172586441040039,-39.08945846557617,0.28708064556121826,-3.451333522796631,-52.88743209838867,-2.5260190963745117,-0.2628437578678131,-40.411964416503906,2.4384899139404297,3.2202463150024414,-34.17216873168945,6.536837577819824,4.327817440032959,-34.46480941772461,-8.710144996643066,-4.2266998291015625,-46.906227111816406,4.935526371002197,4.245495796203613,-32.8395881652832,6.9941205978393555,4.183499813079834,-35.04033279418945,7.7788543701171875,4.130858421325684,-36.06058120727539,1.5760244131088257,2.3367462158203125,-35.67252731323242,-2.0088768005371094,0.1251475214958191,-40.0219612121582,10.32953929901123,4.126830577850342,-38.43624496459961,9.853397369384766,4.161494731903076,-38.130455017089844,12.896127700805664,4.105122089385986,-40.19629669189453,11.264883041381836,4.3275322914123535,-39.04301071166992,-4.368771553039551,-4.373945713043213,-50.53145980834961,-5.917736053466797,-2.5346689224243164,-43.80173873901367,8.705772399902344,0.9936339855194092,-45.16889953613281,-6.5916852951049805,-4.5456976890563965,-48.85310745239258,-2.3971097469329834,-3.8314568996429443,-52.26448059082031,3.255750894546509,-2.4411425590515137,-50.58477783203125,11.03878402709961,4.028131484985352,-38.810035705566406,12.667412757873535,4.2073893547058105,-39.855098724365234,0.9791849851608276,1.891581416130066,-36.333648681640625,9.016084671020508,3.957343101501465,-37.2426643371582,-3.0383129119873047,-0.7309626936912537,-40.817874908447266,11.935856819152832,4.035305976867676,-39.39099884033203,11.535642623901367,4.0609636306762695,-39.159576416015625,3.6539289951324463,3.9951348304748535,-32.50516891479492,13.695363998413086,3.753628730773926,-41.691375732421875,5.0478057861328125,-1.3971534967422485,-48.451480865478516,9.522605895996094,3.690415859222412,-37.74167251586914,5.607146263122559,-0.7184549570083618,-48.02412796020508,-4.169282913208008,-1.3136868476867676,-41.973487854003906,-7.3853044509887695,-3.457625150680542,-45.4012565612793,10.759973526000977,3.7816810607910156,-38.5828857421875,6.074426651000977,4.044517993927002,-33.94112777709961,9.792802810668945,1.6051056385040283,-44.333648681640625,-2.0689847469329834,-0.12047213315963745,-39.85315704345703,-5.3303608894348145,-2.349546432495117,-42.97107696533203,8.02895450592041,3.8155124187469482,-36.17867660522461,-1.4979699850082397,0.08550269901752472,-39.2674560546875,-4.882120132446289,-4.338830947875977,-50.18976593017578,13.6646728515625,4.003136157989502,-41.343048095703125,10.756906509399414,2.248378276824951,-43.47362518310547,7.901765823364258,0.22652144730091095,-45.99238967895508,12.326645851135254,4.015209674835205,-39.7443733215332,-6.594693183898926,-3.108504056930542,-44.22774124145508,13.500166893005371,4.176443576812744,-40.7869873046875,-7.11782693862915,-3.4466042518615723,-44.82703399658203,8.1159029006958,4.0785040855407715,-36.7135124206543,0.10117274522781372,1.0899713039398193,-37.43561935424805,1.0366082191467285,-3.376519203186035,-52.58179473876953,-1.4957795143127441,-4.202060222625732,-52.97688674926758,5.596617698669434,3.6544723510742188,-33.66013717651367,1.881562352180481,-3.137152910232544,-51.944602966308594,-0.4490621089935303,-4.1807861328125,-53.64971160888672,2.2358174324035645,2.4358224868774414,-34.777381896972656,8.350140571594238,3.7728495597839355,-36.46785354614258,-4.505179405212402,-1.8941855430603027,-42.14426040649414,-7.8353657722473145,-4.6781005859375,-48.112178802490234,13.475608825683594,3.978062152862549,-40.62521743774414,-8.496143341064453,-4.343291759490967,-46.1287841796875,0.12105679512023926,-4.035822868347168,-53.46368408203125,-0.8870534896850586,-4.28197717666626,-53.49803161621094,5.335857391357422,3.84167218208313,-33.307334899902344,-0.5762374401092529,0.6676689386367798,-38.11636734008789,6.811133861541748,-0.14011724293231964,-46.98828125,3.5885987281799316,3.5405187606811523,-32.891265869140625,0.7188493013381958,1.0632843971252441,-36.7646369934082,9.110313415527344,1.2619783878326416,-44.91094207763672,8.899200439453125,3.701120376586914,-36.93484878540039,6.190061092376709,-0.6907289028167725,-47.64070510864258,4.4936418533325195,3.7831802368164062,-32.74821472167969,-1.0473051071166992,0.23456349968910217,-38.70410919189453,-5.301204681396484,-4.7126851081848145,-49.852962493896484,-3.5607845783233643,-1.3329497575759888,-41.334068298339844,-7.34997034072876,-5.178671836853027,-48.40414810180664,4.104438781738281,-2.218949317932129,-49.72512435913086,9.915810585021973,3.7226173877716064,-38.10396194458008,2.9954264163970947,2.9412126541137695,-33.74809646606445,-7.734702110290527,-3.987452983856201,-45.362979888916016,12.877923965454102,2.9138436317443848,-42.01404571533203,-8.12767219543457,-4.693268775939941,-47.757198333740234,6.707204818725586,3.7242538928985596,-34.45439147949219,7.185863494873047,3.5377018451690674,-35.407081604003906,7.526838779449463,3.4251859188079834,-35.61212158203125,-9.401089668273926,-4.952526569366455,-46.5045166015625,8.357826232910156,0.49188464879989624,-45.56798553466797,-3.2642242908477783,-4.708348751068115,-51.67107391357422,-3.691110610961914,-5.009194374084473,-51.133480072021484,-2.743565082550049,-4.726759910583496,-51.92538070678711,-6.1043701171875,-3.095545768737793,-43.60552215576172,-2.470740556716919,-4.81683874130249,-52.40768814086914,12.112703323364258,2.500926971435547,-42.633052825927734,1.7320173978805542,1.363134741783142,-35.86151885986328,-5.679407119750977,-2.766054630279541,-43.22328567504883,12.97201156616211,3.481337547302246,-40.23147201538086,10.534516334533691,3.441028118133545,-38.37339401245117,3.7250890731811523,-2.3477911949157715,-50.13088607788086,2.5068087577819824,-3.191061496734619,-51.45600128173828,-1.9917035102844238,-0.5215158462524414,-39.7279167175293,-8.422046661376953,-4.8691205978393555,-47.248756408691406,9.588440895080566,3.043490409851074,-37.527339935302734,13.47546672821045,3.3736467361450195,-41.07597732543945,2.0612306594848633,1.813176155090332,-35.421653747558594,-2.9516568183898926,-1.341489315032959,-40.60063934326172,4.764337539672852,3.4093403816223145,-33.09893035888672,5.974452972412109,3.176466941833496,-34.09562301635742,9.814148902893066,2.995018243789673,-37.97968673706055,-1.7013616561889648,-5.25855827331543,-53.23804473876953,-5.969161033630371,-5.070023059844971,-49.27297592163086,4.136082649230957,3.0101003646850586,-33.17655563354492,-0.232072114944458,-5.124844551086426,-54.35456466674805,-4.80994176864624,-2.709238290786743,-42.309410095214844,-0.9597282409667969,-0.2654622197151184,-38.59248733520508,11.851081848144531,3.1199417114257812,-39.428592681884766,4.679405212402344,-2.1584746837615967,-49.062767028808594,-1.1153955459594727,-5.540786266326904,-53.78909683227539,-4.744731903076172,-5.351534843444824,-50.16360855102539,0.12910208106040955,0.27451950311660767,-37.45226287841797,13.360353469848633,2.9914729595184326,-41.440032958984375,8.057168960571289,3.2144994735717773,-36.073699951171875,8.962525367736816,3.0134544372558594,-37.013973236083984,1.444383978843689,0.9967894554138184,-36.32789611816406,1.1336286067962646,-4.6030192375183105,-53.3271598815918,0.19039225578308105,-4.768216609954834,-54.01051712036133,10.183786392211914,3.0554566383361816,-38.12794494628906,10.850508689880371,1.676216721534729,-43.252166748046875,1.8081603050231934,-3.9986133575439453,-52.525821685791016,-1.5911455154418945,-0.6490209698677063,-39.25017166137695,-6.622904300689697,-3.745811939239502,-44.02570343017578,-8.798505783081055,-5.299093723297119,-46.91117477416992,-5.309805870056152,-5.287440299987793,-49.53916549682617,7.204558372497559,2.683072566986084,-35.51250457763672,-7.4088945388793945,-4.082448482513428,-44.80656051635742,9.559147834777832,0.8856881260871887,-44.43770217895508,0.8776923418045044,0.4789663553237915,-36.89131546020508,7.616123676300049,-0.24830298125743866,-46.1953125,-2.1446008682250977,-1.0408060550689697,-39.83665084838867,-5.1477203369140625,-3.144974946975708,-42.6497917175293,3.1740779876708984,1.9819988012313843,-34.4056510925293,10.0979642868042,1.155383825302124,-43.92506408691406,-4.357393741607666,-5.016846656799316,-50.65483856201172,6.812502384185791,3.042147159576416,-34.82365417480469,-3.4574098587036133,-5.541006088256836,-51.31983184814453,-3.810781955718994,-2.0687255859375,-41.43689727783203,2.2820842266082764,-3.6802926063537598,-51.937442779541016,-8.23531723022461,-4.671447277069092,-45.52126693725586,-6.6935529708862305,-5.2327399253845215,-48.82722473144531,10.76557731628418,2.737886428833008,-38.603851318359375,11.955795288085938,1.868902564048767,-42.19642639160156,11.102062225341797,1.3241546154022217,-42.850303649902344,2.457551956176758,1.7016513347625732,-35.031497955322266,-3.017462730407715,-5.253195762634277,-51.59612274169922,-8.927407264709473,-5.0901970863342285,-46.148929595947266,-10.381023406982422,-5.377418518066406,-47.165714263916016,-10.213601112365723,-5.451493263244629,-46.814701080322266,-9.55445384979248,-5.55511474609375,-46.529762268066406,-0.9563086032867432,-5.8133087158203125,-54.06150817871094,-8.594718933105469,-5.366670608520508,-47.715179443359375,6.134427070617676,-1.6364684104919434,-47.615501403808594,-9.462664604187012,-5.331108093261719,-46.87928771972656,0.6511130332946777,-4.662263870239258,-53.56780242919922,-9.28194808959961,-5.765044212341309,-47.27371597290039,-9.81440258026123,-5.735787391662598,-47.33587646484375,4.77771520614624,2.700535297393799,-33.60986328125,13.126920700073242,2.7897486686706543,-41.03502655029297,8.830347061157227,0.23090779781341553,-44.94232940673828,4.33138370513916,2.2761447429656982,-33.85335922241211,3.7570173740386963,2.03857421875,-34.124732971191406,7.07750940322876,-0.7521326541900635,-46.60935592651367,-5.90351676940918,-5.819041728973389,-49.2115364074707,3.084503650665283,-3.454421281814575,-51.02579879760742,-2.368263006210327,-5.4116010665893555,-52.558555603027344,12.425983428955078,2.6922030448913574,-40.15695571899414,-7.9001264572143555,-5.8394999504089355,-47.90623092651367,4.0332722663879395,-3.205681562423706,-49.98209762573242,-6.724939346313477,-4.270836353302002,-44.061744689941406,-7.6321587562561035,-4.762981414794922,-44.8600959777832,-3.6066014766693115,-2.623523473739624,-41.31956100463867,-2.7565085887908936,-5.3855462074279785,-52.04741287231445,2.8205904960632324,1.136470913887024,-35.21180725097656,10.148225784301758,0.5785951614379883,-43.53388214111328,8.223406791687012,-0.3601823151111603,-45.427371978759766,5.313066005706787,-2.283843994140625,-48.298866271972656,-3.77542781829834,-5.7016282081604,-50.957069396972656,-1.7739176750183105,-5.781337261199951,-53.19672775268555,6.814553737640381,-1.3028712272644043,-46.916114807128906,5.74741792678833,1.9039359092712402,-34.6102294921875,7.620584487915039,2.2058112621307373,-35.911067962646484,8.615432739257812,2.432156562805176,-36.76457977294922,0.46242570877075195,-5.3797454833984375,-54.04498291015625,-2.2695958614349365,-1.8037811517715454,-40.02644348144531,-5.794156551361084,-3.784339427947998,-43.22508239746094,-8.649933815002441,-5.7672014236450195,-47.70569610595703,-9.617573738098145,-5.818530559539795,-46.84452438354492,12.294780731201172,2.0301241874694824,-41.3799934387207,-7.897523880004883,-5.152428150177002,-45.010498046875,-6.524759769439697,-5.874814033508301,-48.78474807739258,9.243452072143555,2.176835060119629,-37.305320739746094,-0.016077041625976562,-5.873288154602051,-54.704891204833984,-0.63869309425354,-1.0940912961959839,-38.50100326538086,0.39583566784858704,-0.2965841293334961,-37.476863861083984,-1.6017544269561768,-1.3469533920288086,-39.38650131225586,9.735137939453125,0.4158303141593933,-44.0272216796875,12.287374496459961,2.047792434692383,-40.680606842041016,-7.073724746704102,-4.822475433349609,-44.398677825927734,-8.383241653442383,-5.323459625244141,-45.44740676879883,-7.1369218826293945,-5.850496292114258,-48.44032287597656,6.218379974365234,2.1867494583129883,-34.92424774169922,7.408644676208496,-1.1395795345306396,-46.14216613769531,-8.43518352508545,-5.573030471801758,-45.7899284362793,-2.1755383014678955,-5.63095235824585,-52.543067932128906,11.005180358886719,2.14113450050354,-39.07722854614258,-4.427191734313965,-5.962448596954346,-50.26124954223633,2.0184624195098877,-4.712183952331543,-52.575164794921875,2.1186625957489014,0.3498765230178833,-36.2662467956543,4.869149208068848,2.1151037216186523,-34.117733001708984,9.548788070678711,2.1661365032196045,-37.706642150878906,9.09360408782959,-0.009408771991729736,-44.55635452270508,3.053717851638794,-4.164216041564941,-51.13042449951172,0.9068732261657715,-5.715508460998535,-54.08955383300781,10.507308959960938,0.7257424592971802,-43.006710052490234,4.42091703414917,-3.003951072692871,-49.426025390625,5.362456321716309,2.154132127761841,-34.3529167175293,-2.475543737411499,-2.5175509452819824,-40.46858215332031,-4.532858371734619,-3.5498456954956055,-42.22597122192383,-9.14542007446289,-5.978164196014404,-46.60355758666992,-2.7379026412963867,-5.907902717590332,-51.94110870361328,-2.3516204357147217,-5.929879188537598,-52.40266036987305,11.133211135864258,1.704467535018921,-39.579490661621094,7.006879806518555,-1.6149582862854004,-46.3865852355957,9.905279159545898,1.9619494676589966,-38.04369354248047,4.851358413696289,-3.094330310821533,-48.898921966552734,-8.817102432250977,-6.1748223304748535,-46.820838928222656,-7.280092239379883,-5.18972110748291,-44.6523323059082,-8.1785306930542,-6.179915904998779,-47.36687469482422,-5.278626918792725,-5.931829452514648,-49.34758758544922,-0.22365188598632812,-6.327254772186279,-54.44158172607422,-6.129262924194336,-4.776099681854248,-43.74095916748047,-5.77910041809082,-4.365463733673096,-43.36021423339844,11.015946388244629,0.9008266925811768,-42.54348373413086,-1.4029977321624756,-6.37619686126709,-53.36420822143555,11.498735427856445,1.176316261291504,-41.76393127441406,8.458656311035156,-0.7480785250663757,-44.75529098510742,4.344150543212891,1.4684524536132812,-34.60801315307617,11.507966995239258,1.457696795463562,-40.305171966552734,6.68777322769165,1.5443679094314575,-35.60221481323242,1.323211908340454,-5.417880535125732,-53.52729034423828,2.736849069595337,-4.788656711578369,-51.5602912902832,-3.705916404724121,-6.14393949508667,-50.75152587890625,-2.5463497638702393,-6.350035190582275,-51.95122146606445,-8.96131706237793,-6.186593055725098,-46.28508758544922,-1.924764633178711,-6.235110282897949,-52.78721237182617,-6.957773208618164,-6.208667278289795,-48.13982391357422,7.552017688751221,-1.3345040082931519,-45.6927375793457,5.708752155303955,-2.7355904579162598,-47.714942932128906,1.5364274978637695,-0.3081587553024292,-36.90815734863281,-0.6073567867279053,-6.444047451019287,-54.41141891479492,-3.646991729736328,-3.541792392730713,-41.644962310791016,-2.817840099334717,-2.955594778060913,-40.87810516357422,-8.632769584655762,-5.914094924926758,-46.10388946533203,3.51833176612854,-4.189305305480957,-50.34249496459961,-2.2360031604766846,-6.394230365753174,-52.484806060791016,1.6057028770446777,-5.59584379196167,-53.20296859741211,0.06945610046386719,-6.380566596984863,-54.77997970581055,5.068075180053711,1.4675718545913696,-34.694236755371094,8.363688468933105,1.4528238773345947,-36.94542694091797,9.906173706054688,-0.040412306785583496,-43.17812728881836,-5.854164123535156,-6.485509872436523,-48.5732307434082,9.209280967712402,-0.40797168016433716,-44.045318603515625,0.4879004955291748,-6.490410327911377,-54.66205596923828,4.151968002319336,-3.8057661056518555,-49.55052185058594,3.8686161041259766,0.9071235656738281,-35.153564453125,-1.3670578002929688,-2.29243540763855,-39.57958221435547,6.632754802703857,-2.0068140029907227,-46.77861022949219,-7.937138557434082,-6.121909141540527,-45.694427490234375,-3.016449213027954,-6.1355977058410645,-51.23832702636719,-5.300189971923828,-6.363238334655762,-49.00229263305664,-1.1704442501068115,-6.727194786071777,-53.779510498046875,-0.48144713044166565,-1.6289235353469849,-38.6176872253418,2.601491928100586,-5.2119669914245605,-51.65188980102539,-4.417423725128174,-6.431150436401367,-49.56056594848633,5.183417320251465,-3.0948610305786133,-48.3253059387207,-4.882718563079834,-4.568133354187012,-42.85696029663086,3.0481653213500977,0.37718772888183594,-35.87743377685547,7.789494514465332,-1.567070484161377,-45.15890121459961,4.463113307952881,-3.6925408840179443,-49.146270751953125,8.094864845275879,-1.4516322612762451,-44.510982513427734,2.2512385845184326,-5.2130231857299805,-52.27852249145508,-7.115471839904785,-6.507604122161865,-47.720909118652344,0.7922677397727966,-0.9260334372520447,-37.63216781616211,9.607951164245605,0.8403628468513489,-38.64120101928711,2.894824504852295,-0.5418671369552612,-36.65033721923828,1.0559587478637695,-6.16049861907959,-53.96450424194336,-7.555278778076172,-6.543057441711426,-47.25943374633789,5.620439052581787,0.790584146976471,-35.63872146606445,3.059563636779785,-4.942966461181641,-50.8527717590332,-2.9160609245300293,-6.434782028198242,-50.76626968383789,6.2231340408325195,-2.6015312671661377,-46.99711608886719,4.533241271972656,0.7960644364356995,-35.17409896850586,-1.4659321308135986,-6.644804954528809,-53.27532958984375,-7.521955966949463,-6.582587718963623,-46.7274055480957,9.019512176513672,0.9217497110366821,-37.902687072753906,-8.202692031860352,-6.57055139541626,-46.329139709472656,-0.39163827896118164,-6.963283538818359,-54.72826385498047,0.24347877502441406,-6.857870578765869,-55.06665802001953,11.011326789855957,0.7307753562927246,-40.91542434692383,5.124128341674805,0.691506028175354,-35.33863830566406,10.198895454406738,0.023256540298461914,-42.22339630126953,-6.205384731292725,-6.672784328460693,-48.12016677856445,3.2705860137939453,-4.968408584594727,-50.46664047241211,-3.5353245735168457,-6.383004665374756,-50.57761764526367,-6.430329322814941,-5.494359016418457,-44.32021713256836,10.506836891174316,0.19063735008239746,-41.287078857421875,7.306921005249023,-1.9113726615905762,-45.66847229003906,-3.762655258178711,-4.201965808868408,-42.05352783203125,6.729126930236816,0.9724537134170532,-36.05128479003906,6.638969421386719,-2.5573277473449707,-46.222373962402344,-1.6332755088806152,-3.1774096488952637,-40.26106643676758,-2.598728656768799,-6.777963638305664,-51.39121627807617,-1.685765027999878,-6.702327251434326,-52.79178237915039,3.6717529296875,0.16720837354660034,-35.97077178955078,0.29729849100112915,-1.8155226707458496,-38.3851203918457,0.13270878791809082,-6.872342586517334,-55.38267135620117,-2.0053553581237793,-6.87301778793335,-52.06572723388672,1.8826305866241455,-5.8466105461120605,-52.62313461303711,-3.6827478408813477,-6.714885711669922,-50.14768981933594,10.567590713500977,0.6910699605941772,-40.05607223510742,7.919570446014404,0.7627944946289062,-37.12125778198242,8.95103645324707,-0.9453164339065552,-43.560359954833984,-6.9161481857299805,-6.284872055053711,-45.16855239868164,2.1577093601226807,-1.159049153327942,-37.34696960449219,9.974377632141113,0.2502894997596741,-39.82887268066406,4.534308433532715,-4.1868181228637695,-48.70966339111328,3.600839376449585,-4.771086692810059,-49.825523376464844,0.973590612411499,-6.472794055938721,-53.81824493408203,-0.7174863815307617,-7.059598445892334,-53.980892181396484,4.030432224273682,0.08669668436050415,-35.76248550415039,-0.5588987469673157,-2.5740320682525635,-39.29981994628906,-4.919292449951172,-6.604921340942383,-48.976219177246094,-4.051997184753418,-4.700677871704102,-42.48727798461914,-2.948549270629883,-6.7978949546813965,-50.39982986450195,-6.698697090148926,-6.759462356567383,-47.429908752441406,-2.6584484577178955,-3.658640146255493,-41.17914962768555,5.213367462158203,0.24190551042556763,-36.042022705078125,1.4840619564056396,-6.297755718231201,-53.02717971801758,0.12883591651916504,-7.162576198577881,-54.75458526611328,9.921051025390625,-0.30361247062683105,-41.77833938598633,2.213441848754883,-5.777597427368164,-51.88944625854492,-4.051539421081543,-6.849226474761963,-49.20561218261719,4.944474697113037,-3.917536973953247,-48.153587341308594,-1.0449039936065674,-7.114209175109863,-53.36455535888672,-0.09353923797607422,-7.267289161682129,-55.07315444946289,-7.296355247497559,-6.782074451446533,-46.03321075439453,5.519214630126953,-3.590174674987793,-47.38344955444336,3.9209673404693604,-4.548202037811279,-49.2244987487793,-2.2455053329467773,-6.917027950286865,-51.49488067626953,0.4254953861236572,-7.391305923461914,-55.528099060058594,6.4315104484558105,0.12993794679641724,-36.728641510009766,6.085522174835205,-3.259519338607788,-46.57028579711914,-0.0029518604278564453,-7.226785182952881,-53.89677429199219,-5.067321300506592,-5.8054585456848145,-43.81358337402344,-4.61614465713501,-6.937200546264648,-48.929500579833984,0.4250450134277344,-6.9715800285339355,-54.02386474609375,-6.03858757019043,-7.048519134521484,-47.4220085144043,-7.109747886657715,-6.691263198852539,-45.75507354736328,-5.117237567901611,-6.960326194763184,-48.37939453125,0.15127897262573242,-7.616838455200195,-55.36650085449219,-2.696667194366455,-6.972925186157227,-50.74982833862305,-0.38886260986328125,-7.32704496383667,-53.717098236083984,-0.08571648597717285,-7.327147960662842,-54.38795852661133,2.9679341316223145,-0.9398972392082214,-36.76352310180664,-5.8188676834106445,-6.244365692138672,-44.5554084777832,4.544208526611328,-0.2553611397743225,-36.507415771484375,-0.9853382110595703,-7.320601463317871,-52.77177047729492,-6.419090270996094,-6.911808967590332,-46.6047248840332,7.918675422668457,0.17812159657478333,-37.73008346557617,3.8648579120635986,-0.5105462074279785,-36.4044189453125,9.253205299377441,-0.899882435798645,-41.81736373901367,8.60377025604248,-1.4528905153274536,-42.93315505981445,8.213932037353516,-1.6676998138427734,-43.7581787109375,9.02573299407959,0.07274651527404785,-38.922760009765625,2.6496880054473877,-5.599795818328857,-51.028968811035156,-3.004901647567749,-7.184811115264893,-49.64978790283203,9.687288284301758,-0.45413851737976074,-40.96599197387695,1.5484387874603271,-6.650269985198975,-52.47117614746094,0.881134033203125,-7.047396183013916,-53.01131057739258,1.1137351989746094,-2.1394972801208496,-38.48377990722656,7.027557849884033,-2.6997714042663574,-44.94792175292969,-4.3390960693359375,-5.573256969451904,-43.32612991333008,-1.5480554103851318,-7.172296524047852,-52.16936492919922,-2.3173141479492188,-7.135688304901123,-50.95842361450195,5.457826614379883,-0.2223229706287384,-36.66799545288086,-2.146852493286133,-4.025199890136719,-41.267791748046875,0.23636913299560547,-7.492504596710205,-54.00184631347656,1.6108953952789307,-2.083157777786255,-38.05088806152344,-0.38343346118927,-3.4748783111572266,-39.90469741821289,6.112901210784912,-0.5066951513290405,-37.28653335571289,-1.7071139812469482,-7.234922885894775,-51.60257339477539,-6.259725093841553,-6.790775299072266,-46.11279296875,3.4448416233062744,-1.126204490661621,-36.91817092895508,7.69987678527832,-2.157672882080078,-43.89317321777344,-2.42505145072937,-5.022646903991699,-42.12562561035156,-6.18497371673584,-6.723300457000732,-45.192588806152344,1.8309247493743896,-6.632951736450195,-51.57668685913086,-5.150997638702393,-7.148882865905762,-47.41376876831055,8.779590606689453,-0.5455896854400635,-39.496150970458984,7.038816452026367,-0.40999966859817505,-37.77479934692383,2.930006504058838,-5.77712869644165,-50.0641975402832,2.75769305229187,-5.739645957946777,-50.60514450073242,-2.597949504852295,-7.313693523406982,-50.111541748046875,3.964449405670166,-1.1614999771118164,-37.27897644042969,4.692688465118408,-1.2335257530212402,-37.528602600097656,-4.1514668464660645,-7.241440296173096,-48.48563003540039,3.507181167602539,-5.315576553344727,-49.38143539428711,5.267086982727051,-0.8452232480049133,-37.29629898071289,7.60749626159668,-0.5602138042449951,-38.36613082885742,2.4626893997192383,-1.8361685276031494,-37.724674224853516,-5.824258804321289,-6.831414699554443,-45.47999572753906,4.987618923187256,-4.314692974090576,-47.51938247680664,4.476234436035156,-4.723278522491455,-47.92319107055664,-3.156872034072876,-5.533261775970459,-42.78561019897461,-3.10200572013855,-7.291880130767822,-48.89010238647461,-1.6512454748153687,-4.3671674728393555,-41.46012496948242,-5.180170059204102,-7.021331787109375,-46.40745162963867,-0.48601794242858887,-7.591888427734375,-52.92152404785156,8.67452621459961,-1.0591932535171509,-40.57435607910156,6.257750511169434,-3.435615062713623,-45.20674514770508,3.8527255058288574,-5.0846991539001465,-48.31328582763672,2.1564888954162598,-6.444051742553711,-50.96326446533203,8.365221977233887,-1.6297305822372437,-41.9041748046875,0.8150343298912048,-2.751739978790283,-38.73721694946289,-4.600666046142578,-6.465183734893799,-44.262081146240234,-0.539630651473999,-7.70344352722168,-52.38477325439453,-0.03472256660461426,-7.432031631469727,-52.86882019042969,0.3696134090423584,-7.558957576751709,-53.181434631347656,6.511715412139893,-1.2527966499328613,-38.519081115722656,-1.9194316864013672,-7.435639381408691,-50.68967819213867,3.949615955352783,-1.6810561418533325,-37.86437225341797,7.72977876663208,-1.0629093647003174,-39.254737854003906,2.3780524730682373,-2.1918556690216064,-38.341922760009766,5.71107292175293,-1.1685357093811035,-37.9508056640625,-1.0592846870422363,-7.562312126159668,-51.63506317138672,5.364129543304443,-4.252714157104492,-46.51713562011719,7.622128486633301,-2.3216848373413086,-43.04481887817383,7.001461505889893,-2.7878258228302,-43.60554122924805,1.1193342208862305,-7.194478511810303,-52.359275817871094,0.8748183250427246,-7.383417129516602,-52.95036315917969,8.218533515930176,-1.6702730655670166,-41.50721740722656,-0.3701176643371582,-3.8381857872009277,-39.973995208740234,-4.911006927490234,-7.115222930908203,-45.2894287109375,0.8513694405555725,-3.33634090423584,-39.40565490722656,-4.8840179443359375,-6.840631484985352,-44.71568298339844,-4.411042213439941,-7.310958385467529,-47.48716354370117,-4.462644100189209,-7.269164085388184,-46.8382453918457,-0.8972108364105225,-7.708322525024414,-50.99620819091797,-3.5500380992889404,-7.436751842498779,-48.021942138671875,1.9223119020462036,-2.6422691345214844,-38.998722076416016,6.191960334777832,-3.517148494720459,-44.099544525146484,5.4727888107299805,-1.6656638383865356,-38.516109466552734,7.649847030639648,-1.748387336730957,-40.64457702636719,3.3772881031036377,-2.3182766437530518,-38.61014938354492,2.4351725578308105,-2.8478236198425293,-39.201839447021484,3.397022247314453,-5.709156036376953,-48.03757095336914,4.4450225830078125,-1.9535903930664062,-38.40908432006836,1.6532785892486572,-7.041399955749512,-50.57746505737305,0.12443971633911133,-7.519565582275391,-52.18748092651367,-1.5333209037780762,-4.568568706512451,-41.22264099121094,-2.4526150226593018,-7.581007957458496,-48.99248123168945,-4.406721591949463,-7.127120494842529,-45.71625518798828,2.918789863586426,-6.022747993469238,-49.13120651245117,1.2450058460235596,-7.360596656799316,-51.48838424682617,6.8215203285217285,-1.6710878610610962,-39.450931549072266,7.355605602264404,-2.246222496032715,-41.55551528930664,0.7762420177459717,-7.62485408782959,-52.38677215576172,3.8130011558532715,-5.313412666320801,-47.605857849121094,6.977879524230957,-1.991304636001587,-40.25407409667969,-2.80515456199646,-5.615980625152588,-42.49564743041992,4.068684101104736,-2.575162172317505,-39.17536926269531,6.023465633392334,-1.8734067678451538,-39.151145935058594,-1.1847426891326904,-7.729768753051758,-49.909767150878906,6.473654747009277,-2.985243797302246,-42.34333419799805,2.3834855556488037,-6.473196983337402,-49.618465423583984,-1.6118202209472656,-7.69671630859375,-49.36126708984375,-0.7474444508552551,-4.489354133605957,-40.98173141479492,-1.6661230325698853,-5.047733306884766,-41.80789566040039,-3.9331154823303223,-6.30689001083374,-43.63875961303711,-3.828685760498047,-7.276763916015625,-46.09914016723633,0.2729039192199707,-3.984159231185913,-40.11131286621094,-3.1044771671295166,-7.510159492492676,-47.59375,3.4811689853668213,-2.954385995864868,-39.58041000366211,5.5121564865112305,-4.218559265136719,-45.265663146972656,5.227456569671631,-2.2246603965759277,-39.16244125366211,6.107594966888428,-3.4088010787963867,-43.18666076660156,4.543307304382324,-4.984943389892578,-46.379756927490234,2.6599273681640625,-3.223534107208252,-39.71723175048828,-0.14029383659362793,-7.803379535675049,-51.12941360473633,-2.5269532203674316,-7.453638076782227,-47.79402160644531,6.289863586425781,-2.426231622695923,-40.406837463378906,6.440011978149414,-2.6093103885650635,-41.109405517578125,1.971677303314209,-3.5987484455108643,-40.084075927734375,0.3247087001800537,-7.57503604888916,-51.187652587890625,0.09678637981414795,-4.3673787117004395,-40.89805603027344,-1.0339417457580566,-4.922999382019043,-41.97499084472656,5.795278549194336,-2.406543731689453,-39.89992141723633,0.04992645978927612,-5.034292697906494,-41.97568893432617,-2.518214702606201,-5.968317031860352,-42.868656158447266,1.095492959022522,-4.037127494812012,-40.49320983886719,0.9977741241455078,-7.525236129760742,-51.03993606567383,4.703812599182129,-2.8114917278289795,-39.81285095214844,-4.012162685394287,-6.870482444763184,-44.53806686401367,-1.72142493724823,-7.715794086456299,-48.62284469604492,2.2304506301879883,-3.7987940311431885,-40.43810272216797,-0.8211677074432373,-5.456721305847168,-42.52387619018555,-3.1653432846069336,-7.334844589233398,-46.3320426940918,5.714643478393555,-3.179312229156494,-41.57954406738281,4.954902648925781,-3.0144941806793213,-40.4504508972168,3.7050278186798096,-3.270355463027954,-40.195640563964844,1.5037175416946411,-7.189577102661133,-49.94879150390625,-0.4995105266571045,-7.799973011016846,-50.29104232788086,-3.1381757259368896,-6.45457649230957,-44.048160552978516,-1.7151423692703247,-5.9428486824035645,-43.07366943359375,5.49483060836792,-2.9608511924743652,-40.82794189453125,5.12158203125,-4.470581531524658,-44.75660705566406,3.4572126865386963,-5.691459655761719,-46.774208068847656,3.1852684020996094,-3.820643901824951,-40.918174743652344,4.952195167541504,-3.79097318649292,-42.18295669555664,5.3776774406433105,-3.895751714706421,-43.23748016357422,-3.435681104660034,-7.057687282562256,-45.17076873779297,2.5924715995788574,-6.376312255859375,-48.67137908935547,-1.8781733512878418,-7.572353363037109,-47.69431686401367,1.0745598077774048,-4.649372577667236,-41.44978713989258,-2.6292855739593506,-7.454660415649414,-46.89306640625,4.848201274871826,-3.507626533508301,-41.39432907104492,3.7078497409820557,-3.740433931350708,-40.983009338378906,0.7144632339477539,-7.508917808532715,-50.03281784057617,-2.183480739593506,-6.0699663162231445,-43.27181625366211,0.011345863342285156,-7.751029014587402,-50.19341278076172,-0.06899261474609375,-5.573861598968506,-42.78528594970703,2.223928689956665,-4.276464462280273,-41.2230339050293,4.3372697830200195,-3.4861087799072266,-40.94047164916992,-2.5643553733825684,-6.618427753448486,-44.24949264526367,1.7920101881027222,-6.916940212249756,-48.77439498901367,-0.9517516493797302,-5.9432783126831055,-43.16499710083008,2.784014940261841,-6.22507905960083,-47.58586120605469,-1.3674771785736084,-7.655345916748047,-48.262149810791016,-0.8053679466247559,-7.729552745819092,-49.059593200683594,4.801909923553467,-4.46329402923584,-43.860408782958984,3.2894861698150635,-5.734942436218262,-45.9072380065918,2.928208351135254,-4.437521934509277,-41.90089416503906,-2.176600456237793,-7.306578636169434,-45.93309783935547,4.5040082931518555,-4.305342674255371,-43.00016403198242,-1.882739782333374,-7.038790702819824,-45.17802047729492,4.600395679473877,-4.803771018981934,-44.690093994140625,4.006962776184082,-5.244676113128662,-45.24104309082031,2.198438882827759,-6.618412971496582,-47.67229461669922,0.007263660430908203,-7.7218828201293945,-49.4992561340332,2.2143120765686035,-4.6391119956970215,-41.89536666870117,3.888317584991455,-4.188622951507568,-42.0590705871582,-1.9450585842132568,-6.7158989906311035,-44.4282112121582,-1.7089107036590576,-7.446928024291992,-46.69127655029297,0.9011791944503784,-7.41185998916626,-49.11553192138672,1.2078697681427002,-5.090446949005127,-42.276309967041016,-1.1349388360977173,-6.430239200592041,-43.97688674926758,0.8856430053710938,-5.555680274963379,-43.041297912597656,3.6087541580200195,-4.688056945800781,-42.92628479003906,4.078479766845703,-4.799333572387695,-43.711124420166016,-0.7890990972518921,-7.567122936248779,-47.598106384277344,-0.3567979335784912,-7.631568431854248,-48.29539489746094,2.470412015914917,-4.853231906890869,-42.43658447265625,1.342895746231079,-7.068953037261963,-48.01322555541992,2.5740320682525635,-6.26493501663208,-46.52211380004883,3.3844547271728516,-5.392636775970459,-44.612117767333984,0.44312167167663574,-7.506157875061035,-48.455162048339844,-0.2059529423713684,-6.232714653015137,-43.865966796875,-0.4330603778362274,-6.552977085113525,-44.398929595947266,-1.171440601348877,-7.386569499969482,-46.473758697509766,-0.8905951380729675,-6.823419094085693,-44.84717559814453,2.0370025634765625,-5.3857927322387695,-43.34105682373047,3.0055789947509766,-5.224229335784912,-43.752685546875,1.2604701519012451,-6.869048118591309,-46.71815490722656,0.7359748482704163,-5.906097412109375,-43.626556396484375,2.0679280757904053,-5.748318195343018,-44.18793487548828,2.45689058303833,-6.100678443908691,-45.53963088989258,0.4571447968482971,-7.272849082946777,-47.26877975463867,1.7343062162399292,-6.4490861892700195,-45.753395080566406,-0.6331098079681396,-7.086947441101074,-45.618350982666016,2.1229143142700195,-6.010554313659668,-44.8913459777832,0.9250081777572632,-6.227174758911133,-44.35822296142578,-0.09802204370498657,-7.197159290313721,-46.33046340942383,0.3516467213630676,-6.755068778991699,-45.27376174926758
