1490007924.6898046_0591.png,3.060063123703003,-0.9719312191009521,-37.43048095703125,3.583749771118164,-2.2295339107513428,-37.7126350402832,3.7567148208618164,-1.0626723766326904,-38.87846374511719,2.9664554595947266,-1.7775622606277466,-36.87273406982422,4.009675979614258,-2.3381240367889404,-38.62746047973633,4.36525297164917,-3.271958827972412,-38.887813568115234,3.9372096061706543,-3.491074323654175,-37.823753356933594,4.408546447753906,-4.120687961578369,-38.62240982055664,4.30111026763916,-2.5294106006622314,-39.26352310180664,3.160968780517578,-0.2478855848312378,-38.165042877197266,3.4294424057006836,-3.14180326461792,-37.042484283447266,3.164834499359131,0.39920854568481445,-38.94089889526367,4.552553653717041,-3.94753360748291,-39.14202880859375,4.170229434967041,-1.38761568069458,-40.20731735229492,2.670118808746338,0.041424185037612915,-37.44557571411133,2.878720760345459,-3.208298683166504,-36.242244720458984,3.972691535949707,-4.503215312957764,-37.578285217285156,3.7218382358551025,-0.3287106454372406,-39.88581085205078,4.729881763458252,-3.1193253993988037,-40.380393981933594,4.5480570793151855,-2.750072956085205,-39.98308181762695,4.486093044281006,-2.176828145980835,-40.43690872192383,2.082068920135498,-0.4990570545196533,-36.25979232788086,3.5889153480529785,-4.530709266662598,-36.879005432128906,4.888103485107422,-3.960697650909424,-40.349998474121094,2.0182669162750244,0.7959038615226746,-36.9607048034668,2.229189395904541,-2.425480604171753,-35.6869010925293,2.5875563621520996,0.966801643371582,-38.145469665527344,4.54205846786499,-5.24320125579834,-38.86144256591797,4.712564945220947,-5.166991710662842,-39.32136154174805,4.895838737487793,-4.970596790313721,-39.947547912597656,2.998225450515747,1.0597593784332275,-39.442630767822266,4.075384140014648,-5.41307258605957,-37.717994689941406,1.5598520040512085,-0.8396331071853638,-35.524559020996094,3.1379024982452393,-4.571211338043213,-36.18122100830078,3.9895060062408447,-0.7492674589157104,-40.76091766357422,3.4413750171661377,0.4678824841976166,-40.32719421386719,4.341006278991699,-5.697970390319824,-38.45638656616211,4.931633472442627,-3.7214462757110596,-40.93300247192383,1.8903474807739258,2.1223785877227783,-37.77317428588867,4.697779178619385,-2.5477499961853027,-41.15238571166992,4.600633144378662,-2.1270055770874023,-41.60408401489258,2.23348331451416,-3.3461177349090576,-35.47643280029297,3.898883819580078,-6.145096302032471,-37.3512077331543,3.4683501720428467,-5.607167720794678,-36.515647888183594,2.1248037815093994,2.4290294647216797,-38.801551818847656,4.9028849601745605,-3.301111936569214,-41.291202545166016,4.247811317443848,-6.113326072692871,-38.12504196166992,4.669028282165527,-5.607032775878906,-39.51113510131836,1.1786746978759766,1.4596171379089355,-36.040992736816406,1.3336411714553833,2.3307995796203613,-36.8093147277832,4.973001003265381,-4.524694919586182,-40.671302795410156,1.4289766550064087,-1.364133596420288,-35.29561996459961,2.930828094482422,1.4889318943023682,-40.635231018066406,2.4467930793762207,-4.155189514160156,-35.494171142578125,2.924146890640259,-5.183981418609619,-35.86102294921875,1.3965449333190918,3.1202430725097656,-37.56196212768555,4.142781734466553,-1.0337082147598267,-41.506988525390625,1.0341464281082153,0.2641910910606384,-35.38407516479492,2.654710054397583,1.8020058870315552,-39.76338577270508,4.578554630279541,-5.907861709594727,-38.97727966308594,3.557035446166992,0.31939154863357544,-41.2647819519043,5.064577102661133,-5.452845096588135,-40.964271545410156,5.100729942321777,-4.491654396057129,-41.08635711669922,1.5443023443222046,3.584047555923462,-38.538917541503906,3.607697010040283,-6.697198867797852,-36.7379035949707,2.9593546390533447,-5.92727518081665,-35.72404098510742,4.765444755554199,-5.826543807983398,-39.754337310791016,1.9649748802185059,3.143181800842285,-39.63753890991211,0.36546504497528076,1.250516653060913,-34.93044662475586,0.5761979818344116,2.653467893600464,-35.76863479614258,0.6726374626159668,4.001979351043701,-36.81767272949219,0.9921460151672363,4.317211151123047,-37.89739990234375,5.089748382568359,-3.848505973815918,-41.864261627197266,4.891996383666992,-3.1244335174560547,-42.125465393066406,3.7536561489105225,-0.12668588757514954,-41.7581787109375,3.4599356651306152,-7.2494378089904785,-36.33915710449219,5.112441062927246,-5.01695442199707,-41.22073745727539,0.09936264157295227,4.237387180328369,-35.99311447143555,4.00963020324707,-6.957281112670898,-37.7891960144043,2.344165563583374,2.5010714530944824,-40.44415283203125,4.339531898498535,-6.649456977844238,-38.78919219970703,4.468086242675781,-6.701175212860107,-39.28374481201172,2.2010629177093506,-4.956863880157471,-35.14841842651367,4.596769332885742,-6.628956317901611,-39.97174835205078,5.1736955642700195,-3.789679765701294,-42.66412353515625,5.342430114746094,-4.658123970031738,-42.27646255493164,-0.07964377105236053,3.0741801261901855,-35.104766845703125,1.4481080770492554,-2.1273820400238037,-35.06639099121094,2.6449058055877686,-6.381519317626953,-35.391178131103516,0.230168417096138,5.678464889526367,-37.77135467529297,2.9188175201416016,1.390626072883606,-41.75981521606445,4.863107204437256,-2.946190595626831,-42.83470916748047,4.480926513671875,-1.8347816467285156,-42.286678314208984,5.249147891998291,-5.177886486053467,-41.977294921875,0.6941786408424377,-0.6582163572311401,-34.75972366333008,5.001264572143555,-5.827151298522949,-40.80868911743164,1.1598459482192993,4.64990758895874,-39.154624938964844,-0.415314644575119,5.233943939208984,-35.91822052001953,0.0048325806856155396,-0.12218880653381348,-34.4128532409668,-0.3475823998451233,1.9991533756256104,-34.438232421875,1.2576770782470703,-3.3555984497070312,-34.755680084228516,-0.011323738843202591,5.575860977172852,-36.9757080078125,3.1963250637054443,-7.639532566070557,-35.88946533203125,1.8005183935165405,-5.635248184204102,-34.857452392578125,3.6065618991851807,-7.816829681396484,-37.07099914550781,5.334156513214111,-4.34351921081543,-42.75674057006836,-0.5469513535499573,4.247503280639648,-35.111427307128906,0.47786131501197815,5.595459461212158,-38.53999710083008,1.4570422172546387,-4.466723442077637,-34.7608757019043,3.3243887424468994,-7.678584098815918,-36.526885986328125,3.8579626083374023,-7.599583625793457,-38.09746551513672,3.7989940643310547,-0.5894289612770081,-42.71971130371094,1.6973539590835571,3.7863848209381104,-40.16956329345703,2.6485466957092285,-7.264237403869629,-35.353477478027344,4.066255569458008,-7.41234016418457,-38.968387603759766,2.2660317420959473,2.47229266166687,-41.238792419433594,3.1772356033325195,0.7350316643714905,-42.186588287353516,-0.537813127040863,6.760636806488037,-37.27425003051758,0.7539317607879639,-2.1505203247070312,-34.62696075439453,-1.098404884338379,6.517256259918213,-35.8618278503418,5.178592205047607,-5.769533157348633,-41.908897399902344,5.335726261138916,-4.890434741973877,-42.66911697387695,5.414441108703613,-4.891346454620361,-43.228294372558594,-0.47564375400543213,0.7986345291137695,-34.1519889831543,4.281669616699219,-7.2266011238098145,-39.95625305175781,4.902068614959717,-6.224484920501709,-41.66011428833008,4.618134498596191,-2.4793012142181396,-43.30914306640625,4.11698579788208,-1.357337474822998,-42.99595642089844,-0.8903977870941162,2.8414790630340576,-34.220027923583984,-1.4369548559188843,5.668663501739502,-34.845916748046875,0.5561238527297974,-2.65993595123291,-34.473262786865234,0.053045496344566345,-1.6901650428771973,-34.36458206176758,4.629648685455322,-6.633567810058594,-40.93009948730469,5.3743462562561035,-5.5669355392456055,-42.868778228759766,5.212660789489746,-3.9276084899902344,-43.750267028808594,0.5873541235923767,5.726659297943115,-39.56293487548828,1.0516854524612427,4.970967769622803,-39.81381607055664,3.1029489040374756,-8.203376770019531,-36.27592086791992,1.777491569519043,3.4101767539978027,-40.97883987426758,-1.179206132888794,4.229399681091309,-34.433013916015625,-1.3946611881256104,7.389679908752441,-36.19320297241211,2.944695234298706,-8.117541313171387,-35.66673278808594,3.483820676803589,-8.20527458190918,-37.43923568725586,1.367980718612671,4.240810394287109,-40.972328186035156,3.4022610187530518,0.061089396476745605,-42.794864654541016,0.2517857849597931,-1.008108139038086,-34.445743560791016,1.4801101684570312,-6.499855041503906,-34.63950729370117,5.460128307342529,-4.712392330169678,-43.811790466308594,-0.18204599618911743,6.746759414672852,-38.51298141479492,4.957228660583496,-6.445374011993408,-42.38294982910156,5.52337646484375,-5.3086256980896,-43.76845932006836,4.90226411819458,-3.294327974319458,-43.80828857421875,2.457408905029297,-8.449203491210938,-35.100608825683594,-1.8759862184524536,5.020369529724121,-34.12660598754883,-1.8709158897399902,6.837084770202637,-35.02339172363281,0.6861951351165771,-3.2754855155944824,-34.4838981628418,2.302607536315918,2.242217540740967,-42.0309944152832,0.8359591960906982,5.218721866607666,-40.825294494628906,3.7384462356567383,-7.9107584953308105,-38.541263580322266,-1.083241581916809,1.848468542098999,-33.87285232543945,3.7702856063842773,-1.1817777156829834,-43.6334228515625,4.21852970123291,-7.266765117645264,-40.97428894042969,3.6830976009368896,-0.7561584711074829,-43.21544647216797,1.9674146175384521,-7.503178119659424,-34.824337005615234,0.5797144770622253,-3.811861038208008,-34.43600845336914,-1.940451979637146,3.2292628288269043,-33.54631423950195,3.2244925498962402,-8.556110382080078,-37.12415313720703,2.5679233074188232,-9.280192375183105,-35.77523422241211,2.009010076522827,-8.14936637878418,-34.81166076660156,3.0220425128936768,-8.609786987304688,-36.30792999267578,5.248095989227295,-6.199505805969238,-43.21285629272461,-1.3752946853637695,8.355912208557129,-37.58875274658203,0.020523108541965485,6.6670708656311035,-39.630210876464844,-2.2355782985687256,7.519499778747559,-34.95735168457031,-0.5378656387329102,-0.918089747428894,-34.10030746459961,4.566958904266357,-6.879638195037842,-41.88349151611328,-1.016837477684021,8.303086280822754,-38.88276672363281,5.213197708129883,-4.355642795562744,-44.570491790771484,5.551055908203125,-5.05966329574585,-44.3216552734375,4.29258394241333,-2.2876129150390625,-44.12290954589844,4.031447887420654,-1.7575678825378418,-43.824440002441406,-2.1001811027526855,3.7977042198181152,-33.55658721923828,-2.2661197185516357,4.598367691040039,-33.67083740234375,2.488938093185425,-9.19154167175293,-35.29681396484375,3.5375564098358154,-8.034252166748047,-39.121315002441406,3.833134174346924,-7.778168678283691,-39.6960334777832,0.883134126663208,-4.59769868850708,-34.471168518066406,5.0073394775390625,-3.841247081756592,-44.32097244262695,2.8554439544677734,-9.046245574951172,-36.70966720581055,3.3584299087524414,-8.415761947631836,-38.278743743896484,-2.65163254737854,6.213046550750732,-33.82027816772461,-2.302459716796875,8.677781105041504,-36.079017639160156,0.37941285967826843,6.090267181396484,-40.386505126953125,1.0032968521118164,-5.870808124542236,-34.63677215576172,2.6222147941589355,-9.221535682678223,-36.169586181640625,5.595221996307373,-5.878879070281982,-44.88998794555664,0.029461994767189026,6.6577582359313965,-40.43566131591797,-1.2898056507110596,1.1311001777648926,-33.74028396606445,-1.7715709209442139,2.0288219451904297,-33.533180236816406,4.088671684265137,-7.170174598693848,-41.575645446777344,-0.7024156451225281,7.944113731384277,-39.98177719116211,5.314785003662109,-6.33955192565918,-44.1368293762207,0.7316992282867432,-5.348146915435791,-34.44964599609375,1.5136395692825317,3.5922555923461914,-41.5257453918457,-3.156879186630249,8.502227783203125,-34.5410041809082,-0.9760034084320068,-0.18135377764701843,-33.889583587646484,1.5719997882843018,3.0495340824127197,-42.2132453918457,1.9880781173706055,-8.747634887695312,-34.64259719848633,-0.04750129580497742,-2.6388278007507324,-34.23890686035156,4.693358421325684,-6.969282150268555,-42.91712188720703,5.530806541442871,-5.414975166320801,-44.69831848144531,5.459576606750488,-5.104770660400391,-45.201717376708984,5.4517669677734375,-4.657932281494141,-44.67927169799805,2.6741507053375244,0.4334631860256195,-43.60818099975586,1.9900541305541992,-9.406606674194336,-34.714027404785156,-3.0254006385803223,7.430070877075195,-33.921234130859375,3.001189708709717,-8.862698554992676,-37.89458465576172,4.487504959106445,-3.10310697555542,-44.591529846191406,2.6397812366485596,0.940070390701294,-43.07229995727539,2.0458977222442627,2.0989131927490234,-42.84004592895508,0.8914462924003601,4.761363506317139,-41.52082061767578,3.808871269226074,-7.736448287963867,-40.46263885498047,-1.5844806432724,9.133801460266113,-38.644378662109375,2.18770170211792,-9.85589599609375,-35.30177307128906,1.2002466917037964,-7.274656772613525,-34.475486755371094,-3.165093421936035,5.134036540985107,-33.089786529541016,0.22043919563293457,-4.423639297485352,-34.28730392456055,4.713305473327637,-3.581069231033325,-44.869232177734375,-2.266814947128296,9.66948127746582,-37.808841705322266,-1.6907280683517456,0.808621346950531,-33.578250885009766,-2.4686079025268555,2.7465245723724365,-33.220436096191406,0.10698708891868591,6.252263069152832,-41.19324493408203,3.000849723815918,-0.3562083840370178,-43.91468048095703,2.5259668827056885,-9.441095352172852,-37.24892044067383,-0.4402216076850891,7.427217483520508,-40.764183044433594,1.222914218902588,-8.204412460327148,-34.557289123535156,3.2445547580718994,-8.429113388061523,-38.79893112182617,4.899632930755615,-4.3081889152526855,-45.34657287597656,3.498408079147339,-1.4279274940490723,-44.217262268066406,-2.784126043319702,9.360384941101074,-36.320838928222656,-0.6804460883140564,-2.2674012184143066,-34.095062255859375,-2.5497169494628906,1.8657424449920654,-33.27864456176758,0.821509599685669,-6.500247478485107,-34.499454498291016,-3.773254871368408,7.893933296203613,-33.25960159301758,1.066589593887329,4.033905982971191,-42.05524444580078,-1.059584140777588,-1.2392871379852295,-34.00619125366211,-3.052172899246216,4.008827209472656,-33.02922821044922,1.5839353799819946,-9.256514549255371,-34.3778190612793,5.563292503356934,-5.666362762451172,-45.756290435791016,0.061931297183036804,5.936232089996338,-41.750885009765625,-3.625638246536255,6.457223892211914,-33.04405975341797,2.20672345161438,-9.741277694702148,-35.839664459228516,-3.7333474159240723,9.371199607849121,-35.04053497314453,5.245373725891113,-6.699454307556152,-45.038639068603516,-4.24651575088501,7.031455993652344,-32.678077697753906,-0.30814483761787415,-3.269041061401367,-34.20363235473633,-1.1789337396621704,8.769387245178223,-40.027130126953125,0.30230656266212463,5.443915367126465,-41.76689910888672,4.894033908843994,-6.980822563171387,-43.997093200683594,3.7989938259124756,-7.594857692718506,-41.169315338134766,3.494609832763672,-1.8863708972930908,-44.690757751464844,1.9514641761779785,1.6250698566436768,-43.41265869140625,4.0648040771484375,-7.289931297302246,-41.95204544067383,0.2951493263244629,-5.494378566741943,-34.37418746948242,-4.322959899902344,8.916207313537598,-33.521484375,-2.1626229286193848,10.075725555419922,-38.98991775512695,-3.3436694145202637,10.009941101074219,-36.71477508544922,3.931133508682251,-2.8878934383392334,-45.217613220214844,-1.6449964046478271,9.578668594360352,-40.19927215576172,-2.861178398132324,3.4640519618988037,-33.06558609008789,0.29625266790390015,-7.030245780944824,-34.39768981933594,5.203358173370361,-5.2918925285339355,-45.782569885253906,-1.6300139427185059,-0.6965624690055847,-33.7375602722168,0.3065895140171051,-6.208845615386963,-34.62339782714844,4.811845302581787,-4.851480960845947,-46.044715881347656,3.034605026245117,-1.0278308391571045,-44.399906158447266,-1.9908785820007324,0.24220150709152222,-33.550052642822266,-0.49978381395339966,7.206911563873291,-41.48338317871094,4.348949432373047,-3.939059257507324,-45.69317626953125,5.485779762268066,-5.77276611328125,-46.16583251953125,3.5295262336730957,-2.5072999000549316,-45.047183990478516,3.5222952365875244,-7.623095989227295,-41.69857406616211,3.993303060531616,-7.487399101257324,-42.471107482910156,2.7281103134155273,-9.178991317749023,-37.98447799682617,3.32620906829834,-8.119450569152832,-40.48209762573242,1.2528079748153687,2.9736475944519043,-42.947235107421875,1.4285264015197754,-10.354668617248535,-34.45966339111328,5.393129348754883,-6.666669845581055,-45.6878662109375,0.8116390705108643,-7.822277545928955,-34.40147399902344,-4.58167028427124,8.06276798248291,-32.585208892822266,-4.78571081161499,8.725744247436523,-32.794944763183594,2.1453537940979004,-10.180163383483887,-35.27747344970703,0.5324372053146362,-8.497523307800293,-34.36299514770508,-2.9826133251190186,10.282629013061523,-37.65359878540039,-2.5656261444091797,1.3836582899093628,-33.2523078918457,-3.959136724472046,5.726537704467773,-32.71321487426758,-0.3896312117576599,-4.4780988693237305,-34.223907470703125,1.8108305931091309,1.013660192489624,-44.019859313964844,-4.415065765380859,9.42486572265625,-34.42356872558594,1.7913023233413696,-10.480287551879883,-34.78609085083008,1.7946100234985352,-10.611327171325684,-35.419952392578125,3.3882081508636475,-7.967901229858398,-41.04764938354492,2.6690127849578857,-9.004610061645508,-38.705970764160156,4.422941207885742,-7.29121208190918,-43.53587341308594,5.517675876617432,-6.608013153076172,-46.20219802856445,0.6585710644721985,3.7281525135040283,-42.89567947387695,0.45361319184303284,4.694854736328125,-42.359825134277344,-1.2614009380340576,8.576298713684082,-41.57355499267578,2.050344228744507,-9.913597106933594,-36.601531982421875,0.9106787443161011,-9.35849666595459,-34.334720611572266,-1.3922899961471558,9.029911041259766,-41.05857849121094,1.1882860660552979,-9.488443374633789,-34.394020080566406,4.785538673400879,-7.221755504608154,-44.974090576171875,0.014888763427734375,-5.373318672180176,-34.40243148803711,-1.412767767906189,-2.2854557037353516,-33.972408294677734,2.903461217880249,-8.735540390014648,-39.23379135131836,-4.114626407623291,10.150507926940918,-36.16542434692383,3.0572493076324463,-8.277210235595703,-40.228057861328125,4.420853137969971,-7.3546857833862305,-44.145198822021484,-3.3684325218200684,3.061372995376587,-32.86259078979492,-4.744126796722412,6.810939788818359,-32.34340286254883,4.146128177642822,-7.409977912902832,-43.11421585083008,-3.310326099395752,2.3262038230895996,-32.98943328857422,-3.7067790031433105,4.485572338104248,-32.75811767578125,2.7412965297698975,-8.573319435119629,-39.58095932006836,-0.891687273979187,-3.4100189208984375,-34.188507080078125,-1.469329833984375,-2.8068554401397705,-33.97911071777344,-3.0596659183502197,10.889928817749023,-38.81611251831055,1.7943211793899536,-10.115447998046875,-35.9609260559082,-1.6748114824295044,-1.5740525722503662,-33.956058502197266,2.0552470684051514,0.3253549039363861,-44.29591369628906,1.2217378616333008,-11.022948265075684,-34.3656005859375,-2.876979351043701,0.9325699806213379,-33.28084182739258,2.1916799545288086,-9.6104154586792,-37.508663177490234,-5.318042755126953,8.486226081848145,-32.13438415527344,0.9726718068122864,-10.341521263122559,-34.12153244018555,0.38485851883888245,-7.934370040893555,-34.347869873046875,-1.1471954584121704,7.821264743804932,-42.104087829589844,-0.41345828771591187,-5.47010612487793,-34.233848571777344,3.1307108402252197,-2.1148064136505127,-45.130340576171875,1.2223860025405884,2.506615161895752,-43.53925704956055,-2.3642334938049316,10.528112411499023,-39.73636245727539,4.9137349128723145,-7.055168151855469,-45.43976593017578,-2.6440770626068115,0.58585125207901,-33.362274169921875,-0.5900071263313293,6.76735258102417,-42.13320541381836,2.250352382659912,-9.359195709228516,-38.06196594238281,-0.31613120436668396,-6.361362457275391,-34.589393615722656,5.221890449523926,-5.789625644683838,-46.78689956665039,-2.3407931327819824,-0.0853419378399849,-33.57212448120117,4.436191082000732,-5.58558464050293,-46.660865783691406,-2.4176976680755615,10.752089500427246,-40.72431945800781,-1.9684410095214844,9.920612335205078,-41.10004806518555,-4.822339057922363,10.128560066223145,-35.468082427978516,-2.038585662841797,-0.9929088354110718,-33.752620697021484,3.593195915222168,-7.630636215209961,-42.076595306396484,3.314568042755127,-7.567084312438965,-41.83069610595703,-0.44812139868736267,6.022416114807129,-42.56606674194336,-5.164793968200684,9.395209312438965,-33.42264175415039,-3.7659809589385986,10.616341590881348,-37.48896789550781,-5.113846302032471,9.869890213012695,-34.891475677490234,3.4226229190826416,-3.067780017852783,-45.691707611083984,2.433709144592285,-0.9364383220672607,-44.73445129394531,-4.123475551605225,3.5810208320617676,-32.66299057006836,2.4686806201934814,-9.115952491760254,-38.45575714111328,5.229092121124268,-7.085782527923584,-46.54452896118164,4.481503486633301,-7.2429656982421875,-44.7501220703125,-5.5741400718688965,7.688568115234375,-31.9752254486084,5.503434658050537,-6.530229091644287,-47.15850830078125,1.4970659017562866,-10.18256664276123,-36.480594635009766,-3.8400442600250244,10.228779792785645,-36.8292350769043,1.08143949508667,-10.444427490234375,-34.717350006103516,4.216401100158691,-4.797445297241211,-46.463863372802734,-3.1267831325531006,11.080849647521973,-39.5838508605957,-1.1051350831985474,-4.319633483886719,-34.221031188964844,-4.527125835418701,4.2728729248046875,-32.495933532714844,-4.540534496307373,5.198291301727295,-32.46358871459961,1.208864450454712,1.9906134605407715,-43.81512451171875,0.6823063492774963,-10.213903427124023,-34.56808090209961,-3.3657445907592773,1.5914719104766846,-33.18037796020508,1.10701584815979,-10.550819396972656,-35.579559326171875,-0.4103102684020996,5.450620651245117,-42.75185012817383,1.8051409721374512,-9.935221672058105,-36.960445404052734,-5.856756210327148,9.10865592956543,-32.154571533203125,3.8665108680725098,-7.44937801361084,-43.1495246887207,1.3008745908737183,1.4350333213806152,-44.115943908691406,3.153629779815674,-7.866776943206787,-41.4619255065918,5.002004623413086,-7.082147121429443,-45.88499069213867,3.5636184215545654,-7.537755012512207,-42.43721008300781,-6.181012153625488,8.526854515075684,-31.562889099121094,2.6809849739074707,-8.431158065795898,-40.1599235534668,2.6989974975585938,-2.4077706336975098,-45.49736022949219,-2.8388121128082275,11.127285957336426,-40.41100311279297,2.9156460762023926,-8.198585510253906,-40.90961456298828,-0.16775336861610413,4.964017868041992,-42.8846435546875,2.2199738025665283,-8.92738151550293,-39.219146728515625,-4.973647117614746,6.020367622375488,-32.23641586303711,-5.796627521514893,9.388772964477539,-32.658775329589844,0.6890374422073364,3.133984088897705,-43.44242477416992,0.18021591007709503,4.141726016998291,-42.9520378112793,4.23657751083374,-7.217352390289307,-44.38881301879883,-4.175808906555176,10.962264060974121,-38.07582092285156,-1.9062477350234985,9.360459327697754,-41.86404800415039,0.09006699919700623,-8.80889892578125,-34.527557373046875,5.377915382385254,-6.898983001708984,-47.44786071777344,3.4094772338867188,-3.5906002521514893,-46.08940887451172,3.83148193359375,-4.167740821838379,-46.261444091796875,0.8590971231460571,-10.4712553024292,-35.096275329589844,5.0710978507995605,-6.129272937774658,-47.316036224365234,-1.6064268350601196,-3.5315818786621094,-34.24310302734375,-2.2691762447357178,-1.7576565742492676,-33.93042755126953,-2.4673004150390625,10.546956062316895,-41.47521209716797,-2.974735975265503,0.08421847224235535,-33.47578048706055,-0.09768283367156982,-8.055124282836914,-34.565277099609375,1.8836021423339844,-9.64731216430664,-37.978233337402344,-6.504292964935303,9.024331092834473,-31.539901733398438,1.0857322216033936,-10.429821968078613,-35.98740005493164,1.9784826040267944,-9.301671028137207,-38.63602828979492,2.3340258598327637,-8.704761505126953,-39.72081756591797,-0.7634825706481934,-6.230223655700684,-34.60939407348633,-2.589864730834961,-0.5331398248672485,-33.67781448364258,3.4264488220214844,-7.632256031036377,-42.852291107177734,3.2871615886688232,-7.713094234466553,-42.3087043762207,4.360292911529541,-7.117674827575684,-45.776119232177734,3.956533670425415,-7.503221035003662,-43.84510040283203,-4.876759052276611,10.492055892944336,-36.756072998046875,-5.04392147064209,4.845579624176025,-32.37877655029297,1.699759840965271,-0.4896301031112671,-44.79744338989258,-5.9026594161987305,9.932879447937012,-34.221797943115234,-3.5390212535858154,11.156664848327637,-38.9818000793457,-1.4277617931365967,7.105055809020996,-42.96127700805664,3.570007562637329,-7.579148769378662,-43.645423889160156,4.328805446624756,-7.342462062835693,-45.418819427490234,-1.1554279327392578,-5.328304767608643,-34.453208923339844,2.7081503868103027,-8.135302543640137,-41.30002975463867,-3.43086314201355,0.7243576049804688,-33.306922912597656,3.902344226837158,-7.431990623474121,-44.6505126953125,3.7880053520202637,-7.476455211639404,-44.204044342041016,0.4999656081199646,-10.162944793701172,-34.803062438964844,4.547285079956055,-6.060655117034912,-47.13454818725586,-0.5635331869125366,4.302027702331543,-43.45974349975586,2.679006814956665,-7.862954616546631,-42.00840759277344,0.09722582995891571,3.595381736755371,-43.601776123046875,-3.9490034580230713,2.311876058578491,-32.90019989013672,-5.8509626388549805,7.01732873916626,-31.935771942138672,3.2240149974823,-7.634782791137695,-43.386070251464844,1.3941421508789062,-9.888161659240723,-37.45790100097656,2.3114752769470215,-1.7744821310043335,-45.27507781982422,-2.8753437995910645,-0.6276758909225464,-33.633079528808594,-4.94066858291626,3.829218864440918,-32.53887176513672,2.115236282348633,-8.661606788635254,-40.07607650756836,-2.697988510131836,-1.419653296470642,-33.86296081542969,-5.031904220581055,10.394397735595703,-36.166236877441406,4.695441246032715,-6.393782138824463,-46.907379150390625,2.9216837882995605,-3.034484624862671,-45.625762939453125,0.9970878958702087,0.6869361400604248,-44.610443115234375,4.048733234405518,-7.274652004241943,-45.131980895996094,-5.630225658416748,5.586353302001953,-32.10211944580078,4.694194316864014,-6.847891330718994,-46.50727844238281,-5.919673919677734,6.387881278991699,-31.957548141479492,2.509140968322754,-8.251386642456055,-40.27439498901367,-1.8407278060913086,-3.8659067153930664,-34.31328201293945,-2.3108367919921875,9.949525833129883,-42.0037956237793,-3.533235549926758,11.469749450683594,-40.14765167236328,0.8573846220970154,-9.89035701751709,-37.04404067993164,-2.056361436843872,8.992554664611816,-42.44731140136719,-3.134408950805664,11.635221481323242,-41.31483459472656,-0.7418524026870728,-7.323515892028809,-34.834495544433594,2.2104477882385254,-8.529997825622559,-40.47883605957031,-4.530120849609375,2.681675434112549,-32.83297348022461,-6.464382171630859,9.802915573120117,-32.88732147216797,4.46266508102417,-6.957126617431641,-46.48298263549805,-6.753238677978516,8.25117015838623,-31.476211547851562,-2.920896530151367,11.211027145385742,-41.70869827270508,-3.358241081237793,11.694853782653809,-40.90079879760742,0.8970102071762085,-10.123333930969238,-36.629722595214844,-2.223289728164673,-2.915714979171753,-34.086517333984375,0.6547900438308716,2.0856733322143555,-44.118438720703125,0.14592471718788147,-9.728909492492676,-35.01819610595703,-1.894423007965088,-4.723564624786377,-34.619869232177734,1.9785754680633545,-0.9255803823471069,-44.98295593261719,2.3679018020629883,-8.329766273498535,-41.15692901611328,0.15565159916877747,3.003697395324707,-43.967926025390625,0.5326640009880066,-10.267017364501953,-35.69593048095703,-2.594658851623535,-2.1338493824005127,-34.01103210449219,-5.554115295410156,10.315384864807129,-35.779083251953125,-3.990142345428467,1.4854576587677002,-33.20816421508789,-6.768465042114258,9.928504943847656,-33.567901611328125,-1.241246223449707,5.9487223625183105,-43.331077575683594,2.877624988555908,-7.7054595947265625,-42.480262756347656,-0.34535643458366394,-8.632328033447266,-34.981651306152344,-6.436130046844482,7.1981306076049805,-31.765033721923828,3.654756546020508,-5.319336891174316,-46.77205276489258,-6.623908519744873,9.60765552520752,-32.502471923828125,1.3442907333374023,-9.64869213104248,-38.29848861694336,1.4925178289413452,-8.967264175415039,-39.12626647949219,1.5057741403579712,-8.910422325134277,-39.535606384277344,-7.432901859283447,9.046514511108398,-30.98963737487793,1.2446587085723877,0.08019483089447021,-44.78104019165039,-4.693187236785889,11.099770545959473,-38.248573303222656,-5.195108413696289,10.833883285522461,-37.75956726074219,-4.541260719299316,11.113604545593262,-38.80788040161133,-5.661576271057129,4.820496082305908,-32.30268096923828,-4.455667495727539,11.445283889770508,-39.252662658691406,3.2480874061584473,-4.389250755310059,-46.44221496582031,-1.6099027395248413,-5.997796058654785,-35.09675598144531,-5.3497538566589355,4.256253242492676,-32.44289016723633,3.7926855087280273,-7.035976886749268,-46.03544616699219,2.804020881652832,-7.684454917907715,-43.20746612548828,-1.3475570678710938,6.48879861831665,-43.182193756103516,-2.0912926197052,8.29931640625,-42.835601806640625,-3.26914119720459,-0.7200031876564026,-33.77052688598633,-6.97251033782959,9.296310424804688,-32.10544204711914,2.028503179550171,-7.998408317565918,-42.173583984375,3.995441198348999,-6.472517013549805,-46.822628021240234,-1.2174144983291626,-6.58970308303833,-35.096435546875,-4.0431389808654785,0.5728358030319214,-33.47897720336914,0.3175489902496338,-10.015606880187988,-36.171905517578125,0.5859439373016357,-9.593772888183594,-37.675907135009766,2.1366055011749268,-7.679461479187012,-42.5537109375,-4.517281532287598,11.92881965637207,-40.36574172973633,-6.1703009605407715,10.119377136230469,-35.07756042480469,-0.17500099539756775,-9.631321907043457,-35.75978469848633,-3.8183400630950928,12.302225112915039,-42.03767395019531,-5.32856559753418,3.064159393310547,-32.858612060546875,-3.076996088027954,-2.205258369445801,-34.19104766845703,3.0248873233795166,-7.2428717613220215,-44.85249328613281,-1.2191847562789917,5.105226993560791,-43.57802963256836,-4.5319743156433105,12.216821670532227,-41.167930603027344,-5.970052242279053,10.446232795715332,-36.56912612915039,-2.6046390533447266,-3.7557525634765625,-34.578468322753906,3.6944737434387207,-6.04702091217041,-46.96480941772461,1.5261716842651367,-8.689037322998047,-40.23508071899414,1.7474068403244019,-8.194934844970703,-41.43970489501953,-1.907989501953125,-5.410367012023926,-35.11955261230469,-3.2784154415130615,10.740028381347656,-42.7166633605957,-3.4722917079925537,11.769811630249023,-42.18194580078125,2.30659818649292,-7.708304405212402,-42.91776657104492,2.346273183822632,-3.1977295875549316,-45.79137420654297,-2.752110481262207,9.658731460571289,-42.8441162109375,-3.4185683727264404,-1.3000762462615967,-33.98531723022461,-6.288471698760986,5.499939918518066,-32.1859130859375,-7.539192199707031,9.20616340637207,-31.771814346313477,-6.175239562988281,10.112092971801758,-35.82106399536133,0.7104272246360779,-8.76828384399414,-39.4272575378418,-6.5889716148376465,6.574245929718018,-31.875410079956055,1.6043095588684082,-1.489146113395691,-45.31359100341797,-2.3855721950531006,-4.599368095397949,-34.974910736083984,0.5343779921531677,1.0508298873901367,-44.56911849975586,-3.7683470249176025,-0.4903808832168579,-33.824649810791016,-5.732738018035889,3.568300247192383,-32.81060028076172,-1.062878131866455,-7.989877700805664,-35.65752410888672,1.8525829315185547,-2.210331916809082,-45.52361297607422,-5.455265522003174,10.682493209838867,-36.99635696411133,0.8062989711761475,-9.271193504333496,-38.72365951538086,-5.6066365242004395,10.973623275756836,-38.187686920166016,-4.716551303863525,1.7786602973937988,-33.23648452758789,-2.48919939994812,8.890141487121582,-42.95488357543945,-7.153008937835693,7.639000415802002,-31.577322006225586,-6.582043170928955,10.042130470275879,-34.31965637207031,2.2397782802581787,-7.481503009796143,-43.69873809814453,2.5124924182891846,-4.63361120223999,-46.324283599853516,1.9703584909439087,-3.61795973777771,-45.9669189453125,-1.3319182395935059,-7.091332912445068,-35.33515548706055,-5.175946235656738,11.000784873962402,-38.59572219848633,-7.5478010177612305,8.54711627960205,-31.31700325012207,-7.886116981506348,10.105709075927734,-30.48894691467285,-8.0039701461792,9.72989273071289,-30.528947830200195,-8.030923843383789,9.212170600891113,-31.036529541015625,-4.6928791999816895,12.43111515045166,-41.48726272583008,-7.370910167694092,9.852998733520508,-32.267601013183594,-0.7593075037002563,3.1281611919403076,-44.1812629699707,-7.716682434082031,9.458837509155273,-31.18206787109375,-3.379307270050049,11.165545463562012,-42.39573669433594,-7.9974212646484375,9.794979095458984,-31.61186408996582,-8.066922187805176,10.069236755371094,-31.155595779418945,-0.23169103264808655,-9.468849182128906,-36.5756721496582,3.3585212230682373,-6.287390232086182,-46.667198181152344,0.948845624923706,-0.6454274654388428,-45.04332733154297,-0.6707574725151062,-9.008020401000977,-36.392730712890625,-0.952907145023346,-8.493173599243164,-36.05316925048828,0.0407533273100853,1.7139451503753662,-44.39025115966797,-6.881662845611572,10.134871482849121,-35.3282356262207,-2.3211774826049805,7.705880165100098,-43.26356506347656,-4.9628705978393555,11.616119384765625,-39.56977844238281,2.911613941192627,-6.771735191345215,-45.752037048339844,-7.628493309020996,9.796907424926758,-33.08798599243164,-2.1318325996398926,6.338797569274902,-43.64641571044922,-6.799566745758057,5.643721580505371,-32.25987243652344,-7.2689690589904785,6.804723262786865,-31.893325805664062,-5.227695941925049,1.6606290340423584,-33.53322982788086,-5.1402692794799805,11.315061569213867,-39.030731201171875,-1.749345064163208,-7.006626129150391,-35.88499069213867,1.2236560583114624,-2.5075125694274902,-45.5897102355957,0.37480688095092773,0.12148106098175049,-44.85528564453125,-1.3850587606430054,4.17026948928833,-43.89288330078125,-5.911409854888916,10.801151275634766,-37.81903839111328,-5.0382890701293945,11.990437507629395,-40.436622619628906,-0.46473386883735657,2.1716957092285156,-44.429054260253906,-0.5478276014328003,-8.869525909423828,-38.03049087524414,0.43901392817497253,-8.520939826965332,-40.079071044921875,1.0641131401062012,-8.198202133178711,-41.20802307128906,-3.9872093200683594,11.767411231994629,-42.61091232299805,-4.473785400390625,-0.16757607460021973,-34.00333786010742,-6.339602470397949,4.439175605773926,-32.63475799560547,-7.764776229858398,9.919992446899414,-32.330406188964844,-8.219908714294434,9.55608081817627,-31.172388076782227,2.544215440750122,-5.530390739440918,-46.27688217163086,-7.658794403076172,7.101737022399902,-31.826045989990234,-7.165783405303955,10.017622947692871,-34.637779235839844,1.0813568830490112,-7.940547943115234,-42.035858154296875,-4.40047025680542,12.625192642211914,-42.57280731201172,-3.817296266555786,-2.31292462348938,-34.6793327331543,-3.0846402645111084,-3.770106554031372,-34.98749542236328,-4.050856590270996,-1.0816049575805664,-34.226749420166016,1.098715901374817,-1.87015700340271,-45.45301055908203,2.394524335861206,-6.158555030822754,-46.007606506347656,-7.316834449768066,6.164541721343994,-32.234169006347656,-7.820148468017578,7.7197370529174805,-31.606718063354492,-7.352586269378662,9.960158348083496,-33.962677001953125,-0.10646487772464752,-8.820725440979004,-38.48128128051758,-0.36741018295288086,1.2063955068588257,-44.622257232666016,-7.987101078033447,8.082133293151855,-31.75870704650879,-5.134136199951172,11.55051040649414,-39.79751205444336,1.8355499505996704,-7.077603340148926,-44.25647735595703,-6.459926605224609,10.481575012207031,-37.06142044067383,-3.3733131885528564,9.708841323852539,-43.25331115722656,-2.394594430923462,-5.662418842315674,-35.87891387939453,-0.6481907963752747,-8.973587036132812,-37.011863708496094,1.230006456375122,-7.705662250518799,-42.45673751831055,0.6851612329483032,-1.0708949565887451,-45.20295715332031,-2.9764366149902344,7.905816555023193,-43.47888946533203,-4.201857566833496,11.666017532348633,-43.11677932739258,1.3144497871398926,-3.1507108211517334,-45.67068862915039,-1.9900603294372559,5.650540351867676,-43.72631072998047,-0.4520227909088135,-8.973060607910156,-37.523433685302734,-5.090055465698242,0.4094931483268738,-34.18927764892578,-6.08757209777832,2.9836373329162598,-33.31444549560547,-8.32894229888916,9.163274765014648,-31.54694175720215,-5.657036781311035,11.280143737792969,-39.158145904541016,-5.487874984741211,11.53688907623291,-39.67601776123047,1.5665693283081055,-6.622146129608154,-44.68020248413086,-0.845268964767456,1.656139612197876,-44.493717193603516,1.1906713247299194,-7.524569988250732,-42.95477294921875,-2.1096184253692627,5.008747577667236,-43.93866729736328,-8.395295143127441,9.247428894042969,-31.973779678344727,-7.648848533630371,6.526882171630859,-32.25070571899414,-8.137166976928711,9.472658157348633,-32.74098205566406,-6.825255393981934,10.011231422424316,-35.963253021240234,-4.936906814575195,12.534507751464844,-42.422752380371094,-7.229393482208252,5.172874450683594,-32.81356430053711,-6.855950355529785,4.630554676055908,-32.864871978759766,1.4782614707946777,-3.8024728298187256,-45.899417877197266,-5.485245704650879,12.064205169677734,-40.99722671508789,1.657324194908142,-4.74106502532959,-45.95990753173828,-0.1022457480430603,-0.5302510261535645,-44.92716598510742,-1.256487488746643,-8.228879928588867,-36.91416549682617,1.5822994709014893,-6.093610763549805,-45.349796295166016,-0.4574519097805023,-8.322758674621582,-39.33066940307617,-3.9645259380340576,10.947653770446777,-43.19219970703125,-3.53415846824646,8.506431579589844,-43.536563873291016,-6.364927768707275,10.64526081085205,-37.93190002441406,-6.03388786315918,11.267233848571777,-39.45829772949219,-8.563093185424805,8.82736587524414,-31.652292251586914,-5.597092151641846,11.744574546813965,-40.282806396484375,-7.725615978240967,9.66209888458252,-34.113304138183594,-0.6281848549842834,0.7679473757743835,-44.63947296142578,-1.868185043334961,3.539234161376953,-44.157440185546875,-2.9899730682373047,-4.755981922149658,-35.78974151611328,-5.135481834411621,12.682804107666016,-42.10596466064453,-6.030721187591553,2.0904250144958496,-33.881309509277344,-5.481064796447754,0.9779982566833496,-34.16340637207031,-8.27821159362793,8.491610527038574,-31.797698974609375,-3.0883607864379883,7.006655693054199,-43.60660934448242,-5.884783744812012,11.623353958129883,-39.94195556640625,-4.1504693031311035,10.56143569946289,-43.37363052368164,-4.846096038818359,12.723491668701172,-42.82188415527344,-1.0848345756530762,-8.45331859588623,-37.58622360229492,0.12464319169521332,-7.802202224731445,-41.33353805541992,0.5015838146209717,-2.6453206539154053,-45.42255401611328,-7.654135704040527,9.627588272094727,-35.32826614379883,0.21082696318626404,-1.5265058279037476,-45.23151779174805,-4.890169143676758,12.457220077514648,-43.179969787597656,-2.7780027389526367,5.979787826538086,-43.764835357666016,-1.7604029178619385,-7.466292858123779,-36.85603713989258,-4.853080749511719,-0.8820282220840454,-34.77711868286133,-1.2032699584960938,2.2161409854888916,-44.41998291015625,-8.425714492797852,7.8603363037109375,-32.32160949707031,-6.097321033477783,10.794221878051758,-38.718414306640625,-7.320522308349609,9.766240119934082,-35.940975189208984,-5.671476364135742,12.386619567871094,-41.45670700073242,-4.264185428619385,-2.203535318374634,-35.01506042480469,-3.942650556564331,8.700750350952148,-43.572296142578125,-7.067785263061523,9.908802032470703,-36.94663619995117,-2.175572156906128,4.3544135093688965,-44.021087646484375,-6.978492259979248,3.8304879665374756,-33.53023910522461,-2.2649853229522705,-6.40352725982666,-36.54962921142578,-0.9247961044311523,0.2192557454109192,-44.71961212158203,-2.700488567352295,5.471577167510986,-43.85845947265625,-0.9038472175598145,-0.5059593319892883,-44.71773147583008,-3.8695268630981445,9.410562515258789,-43.493778228759766,-8.141164779663086,9.39035415649414,-33.90546798706055,-3.5619235038757324,-3.71340274810791,-35.576114654541016,0.20488697290420532,-6.7162184715271,-43.2343635559082,-2.986987352371216,-5.5240678787231445,-36.962928771972656,-4.622213840484619,11.549654960632324,-43.330413818359375,-8.376049995422363,9.163537979125977,-33.35680389404297,-1.3883774280548096,-7.745765209197998,-38.61709976196289,-3.7795543670654297,7.75572395324707,-43.605587005615234,-6.471388339996338,10.367018699645996,-38.71925354003906,-1.8021187782287598,2.661496162414551,-44.30924606323242,-1.7212393283843994,-7.710621356964111,-37.48313522338867,-5.774284839630127,12.045736312866211,-40.98604202270508,-8.531991004943848,8.676371574401855,-33.201629638671875,-0.015698395669460297,-7.145452976226807,-42.41865539550781,-8.757554054260254,8.600715637207031,-32.44959259033203,-5.508090019226074,12.945749282836914,-42.56264114379883,-5.19479513168335,12.971214294433594,-43.21853256225586,0.9320880174636841,-5.242333889007568,-45.34444046020508,-1.6574534177780151,-7.795530796051025,-38.096221923828125,0.39841675758361816,-3.634380340576172,-45.31134033203125,-8.012465476989746,9.39126205444336,-34.904659271240234,-3.8503811359405518,7.323760509490967,-43.657222747802734,-6.596902370452881,10.449003219604492,-38.087364196777344,-7.837587356567383,5.9135284423828125,-32.96720886230469,0.4011923670768738,-4.626821517944336,-45.19055938720703,-1.2327576875686646,0.9239888191223145,-44.57963180541992,-6.585078239440918,2.5926032066345215,-34.119300842285156,-0.8855156898498535,-7.86124324798584,-39.69703674316406,-1.8554412126541138,1.78546941280365,-44.3787841796875,-5.588027000427246,-0.04214209318161011,-35.047149658203125,-6.582953929901123,10.841562271118164,-39.32867431640625,-5.989077568054199,11.710165977478027,-40.63007736206055,-2.311138391494751,-6.55230188369751,-37.19569396972656,-4.332383155822754,-2.713196277618408,-35.67152404785156,-5.1573004722595215,13.303518295288086,-43.24117660522461,-6.389389991760254,11.212972640991211,-40.12909698486328,-4.466902732849121,9.957300186157227,-43.476932525634766,-7.044145107269287,10.16738510131836,-37.89402389526367,0.598533034324646,-5.824757099151611,-44.646949768066406,-0.5819516777992249,-7.368343353271484,-41.20397186279297,-0.4676303565502167,-1.7844477891921997,-44.978973388671875,-8.489724159240723,6.982725620269775,-33.0774040222168,-3.563255548477173,-4.509141445159912,-36.745243072509766,0.0020639896392822266,-5.723772048950195,-44.16545486450195,-3.2574384212493896,5.114001274108887,-43.902618408203125,-3.744905710220337,6.583552360534668,-43.65631103515625,-4.97031831741333,11.493419647216797,-43.29346466064453,-5.844175338745117,12.422252655029297,-42.02690124511719,-2.3612473011016846,-6.878735065460205,-37.45922088623047,-5.016358375549316,-1.4339594841003418,-35.469505310058594,-7.475920677185059,9.615510940551758,-36.337589263916016,-7.016807556152344,3.1687469482421875,-34.16660690307617,-6.909138202667236,10.098623275756836,-38.65989303588867,-8.361139297485352,8.987746238708496,-34.239131927490234,-6.043635845184326,1.2743242979049683,-34.61729049682617,-1.8994393348693848,-7.141327857971191,-38.56346130371094,-4.8834614753723145,10.546080589294434,-43.40305709838867,-5.581577301025391,12.778340339660645,-43.08978271484375,-0.07505132257938385,-3.8758373260498047,-44.99567413330078,-4.504877090454102,9.150424003601074,-43.47929000854492,-7.471243381500244,9.491695404052734,-37.259517669677734,-3.0468411445617676,4.407491207122803,-43.98301315307617,-6.110126495361328,12.011780738830566,-41.52606201171875,-5.65255880355835,13.17133617401123,-43.040626525878906,-8.83752155303955,7.984094619750977,-33.20268630981445,-2.797015905380249,3.432194232940674,-44.11335372924805,-3.607851982116699,5.880274295806885,-43.653873443603516,-6.616214275360107,10.805606842041016,-39.7191276550293,-5.553866863250732,13.38011360168457,-43.702762603759766,-1.5877492427825928,-7.017528057098389,-39.92558288574219,-2.5559821128845215,2.4212939739227295,-44.21944808959961,-5.872451305389404,12.070337295532227,-42.67570495605469,-7.965725898742676,4.929906845092773,-34.07505416870117,-7.7384867668151855,9.490532875061035,-36.683902740478516,-5.5103864669799805,11.972586631774902,-43.02758026123047,-8.498515129089355,8.743051528930664,-34.90291976928711,-8.777715682983398,7.644204139709473,-33.23910903930664,-7.995453357696533,9.207968711853027,-36.04486083984375,-5.863590717315674,13.378774642944336,-43.46561050415039,-6.939743995666504,10.331191062927246,-39.061832427978516,-6.0910539627075195,12.08293628692627,-42.29713439941406,-5.869262218475342,12.559735298156738,-42.81232452392578,-3.322587490081787,-5.400640487670898,-37.18366241455078,-8.36522388458252,5.968137741088867,-33.810020446777344,-2.402168035507202,-6.378418445587158,-38.28620147705078,-6.433196544647217,11.480894088745117,-41.4196662902832,-8.641475677490234,8.148961067199707,-34.226131439208984,-0.9933337569236755,-6.743860244750977,-41.59550857543945,-2.811363935470581,-6.15411376953125,-37.72096633911133,-0.771966814994812,-3.483926296234131,-44.59096145629883,-1.1700894832611084,-2.1370582580566406,-44.58676528930664,-1.261319637298584,-1.204310417175293,-44.60777282714844,-0.5794214010238647,-6.119485378265381,-43.043949127197266,-4.447364807128906,8.171277046203613,-43.496891021728516,-7.464932441711426,9.498340606689453,-38.44496154785156,-0.45853760838508606,-4.4890899658203125,-44.532997131347656,-5.3354902267456055,10.065403938293457,-43.3564567565918,-5.725192546844482,10.881632804870605,-43.079593658447266,-4.444906234741211,-2.9227237701416016,-36.5228157043457,-2.2094016075134277,0.4958937168121338,-44.29378128051758,-7.707277774810791,4.157243251800537,-34.47258758544922,-6.552793025970459,11.15455436706543,-40.6576042175293,-6.9652581214904785,10.381797790527344,-39.52085494995117,-2.140929698944092,-6.619592666625977,-39.14362335205078,-6.263000011444092,1.18857741355896,-35.20761489868164,-6.049490928649902,12.099774360656738,-43.00237274169922,-4.3890204429626465,-3.5268595218658447,-36.78670120239258,-5.69158935546875,-0.8451946377754211,-36.106380462646484,-2.1272194385528564,-6.2994585037231445,-40.032386779785156,-6.779281139373779,10.719432830810547,-40.326171875,-8.609128952026367,7.624215126037598,-34.15102005004883,-3.3626549243927,-5.436171531677246,-37.71582794189453,-1.8024271726608276,-0.8041994571685791,-44.343833923339844,-7.0655999183654785,2.206789493560791,-35.5643424987793,-8.746357917785645,6.756666660308838,-33.85871887207031,-5.470582485198975,9.140863418579102,-43.27170944213867,-8.409123420715332,8.378403663635254,-35.71347427368164,-1.0826458930969238,-5.4201178550720215,-43.215274810791016,-1.7257381677627563,-6.25942850112915,-41.00310134887695,-4.7841691970825195,7.209941864013672,-43.440277099609375,-4.657281398773193,7.763396739959717,-43.4764404296875,-7.392809867858887,9.760651588439941,-39.01190948486328,-3.201859474182129,-5.323914051055908,-38.31829071044922,-3.0582759380340576,-5.393887519836426,-39.07481002807617,-8.034136772155762,8.937322616577148,-37.018653869628906,-4.38591194152832,6.294620037078857,-43.5663948059082,-2.6238930225372314,-5.893364906311035,-39.38547134399414,-1.6093114614486694,-5.945285797119141,-41.766902923583984,-4.052553176879883,-4.208028793334961,-37.348636627197266,-8.705355644226074,6.878763675689697,-34.3145866394043,-3.5641274452209473,3.871199131011963,-43.90166091918945,-3.9640727043151855,4.501269340515137,-43.71572494506836,-7.54828405380249,3.172585964202881,-35.30720520019531,-7.766046047210693,8.869725227355957,-38.110015869140625,-6.437943458557129,1.1995265483856201,-35.8149299621582,-8.531499862670898,7.468908786773682,-35.28030014038086,-6.550336837768555,11.442742347717285,-41.994266510009766,-1.3378232717514038,-4.339374542236328,-43.66720199584961,-3.0083532333374023,1.146297812461853,-43.920005798339844,-4.3460693359375,5.159614086151123,-43.412044525146484,-5.367554664611816,8.428619384765625,-43.27927780151367,-1.6306251287460327,-2.939678430557251,-44.047611236572266,-5.028834342956543,-2.489949941635132,-36.528053283691406,-8.387845993041992,5.2249369621276855,-34.842472076416016,-6.794003009796143,10.99704360961914,-41.781192779541016,-6.316234588623047,11.186075210571289,-42.327911376953125,-6.2779693603515625,11.315102577209473,-42.837039947509766,-2.4606943130493164,-5.259729385375977,-41.05348587036133,-7.229587078094482,10.013389587402344,-39.85983657836914,-3.5599124431610107,-4.723217010498047,-38.6701545715332,-1.8510565757751465,-5.131344795227051,-42.34685134887695,-4.262288570404053,-3.571030616760254,-37.603424072265625,-2.6830170154571533,-5.447697162628174,-40.1120491027832,-6.946084499359131,10.521207809448242,-41.005001068115234,-3.662489652633667,2.804666042327881,-43.847511291503906,-2.1744062900543213,-1.5131704807281494,-44.009700775146484,-2.6149346828460693,-0.6888488531112671,-43.801490783691406,-5.968413352966309,10.215145111083984,-43.09225845336914,-6.059708595275879,10.87348747253418,-43.14813232421875,-1.7935163974761963,-3.2301249504089355,-43.7833366394043,-6.017159938812256,-0.7408319711685181,-36.24809646606445,-8.82761287689209,6.363478660583496,-35.133384704589844,-5.418267726898193,-1.8274056911468506,-36.97444152832031,-8.69668197631836,5.800282955169678,-34.86696243286133,-8.390068054199219,8.156859397888184,-36.441307067871094,-8.51425838470459,7.589357852935791,-36.14461135864258,-7.201180458068848,9.898200988769531,-40.95490646362305,-8.202363014221191,8.294957160949707,-37.43571090698242,-4.630576133728027,-2.731192111968994,-37.571903228759766,-3.360591411590576,0.188760906457901,-43.477386474609375,-3.07149338722229,-4.77476167678833,-40.25251007080078,-2.1905517578125,-3.758329391479492,-42.98520278930664,-4.1089701652526855,-3.730236768722534,-38.62202453613281,-4.669920921325684,-2.73561954498291,-38.15924072265625,-5.099346160888672,5.183657169342041,-43.08704376220703,-3.5859360694885254,-4.404394626617432,-39.38715362548828,-6.131051540374756,8.369935989379883,-42.86392593383789,-6.5264763832092285,10.518416404724121,-42.2427864074707,-6.660240173339844,0.9631437659263611,-35.88958740234375,-7.879739761352539,8.728687286376953,-38.80497360229492,-8.632271766662598,6.5384345054626465,-35.73989486694336,-5.239548683166504,6.40778923034668,-43.15724182128906,-6.304948806762695,9.40129566192627,-42.93027877807617,-2.5727458000183105,-4.496212482452393,-41.7909049987793,-2.5099689960479736,-2.751131534576416,-43.20372009277344,-6.442386150360107,10.439434051513672,-42.9227409362793,-4.738217353820801,4.56998872756958,-43.18204116821289,-2.6543431282043457,-3.797260284423828,-42.31705093383789,-7.621208190917969,2.7758982181549072,-35.535125732421875,-4.074116230010986,-3.4768080711364746,-39.51536178588867,-3.003129482269287,-4.4062652587890625,-41.03302764892578,-7.538121223449707,9.043988227844238,-40.30661392211914,-3.210782051086426,-1.5778003931045532,-42.92658615112305,-5.664566993713379,7.128370761871338,-42.9929313659668,-7.7258501052856445,8.724623680114746,-39.71746063232422,-6.476701259613037,0.40817558765411377,-36.47288513183594,-7.004798889160156,1.6076490879058838,-36.125492095947266,-8.24431037902832,4.365088939666748,-35.15754699707031,-8.562483787536621,6.6611456871032715,-36.43501663208008,-5.98813009262085,-0.8665527701377869,-36.90915298461914,-8.279318809509277,7.733579635620117,-37.692996978759766,-4.461915493011475,-2.817711114883423,-39.254127502441406,-3.8940367698669434,1.613002896308899,-43.50753402709961,-3.5010480880737305,-4.017911911010742,-40.43436813354492,-3.490760087966919,-0.6111655831336975,-43.03535461425781,-4.562148571014404,3.1195943355560303,-43.28163528442383,-4.857638835906982,-2.3167006969451904,-38.65580368041992,-7.100870609283447,9.714584350585938,-41.70051193237305,-8.057083129882812,7.665276050567627,-38.26113510131836,-3.175598382949829,-3.315791130065918,-41.89003372192383,-3.1520960330963135,-2.7226572036743164,-42.334224700927734,-5.271812438964844,-1.650439739227295,-38.290283203125,-6.772747993469238,9.542993545532227,-42.06745910644531,-6.203252792358398,-0.03535020351409912,-37.153411865234375,-6.714177131652832,1.4777597188949585,-36.71012878417969,-3.3803913593292236,-3.567836046218872,-41.260353088378906,-6.591794013977051,1.0406736135482788,-37.700653076171875,-7.807249546051025,3.0377578735351562,-36.02749252319336,-5.775446891784668,-0.8594463467597961,-37.79233932495117,-6.618856430053711,9.122761726379395,-42.593807220458984,-4.0145487785339355,-3.1376116275787354,-40.37966537475586,-8.583629608154297,5.280644416809082,-35.58094024658203,-7.941091060638428,8.108816146850586,-39.354007720947266,-5.323754787445068,-1.4138476848602295,-38.70698928833008,-7.046438694000244,1.952501893043518,-37.253849029541016,-8.42325210571289,6.601388931274414,-37.12398910522461,-3.7345316410064697,-1.9224928617477417,-42.02992248535156,-4.00405216217041,-2.6424155235290527,-40.894893646240234,-4.569600582122803,-2.3164660930633545,-39.769508361816406,-6.451305389404297,7.886412143707275,-42.54268264770508,-7.3708086013793945,9.110112190246582,-41.07308578491211,-8.120823860168457,4.420876502990723,-36.05364227294922,-7.565952777862549,2.8836638927459717,-36.80571746826172,-3.750666379928589,-2.5352866649627686,-41.495906829833984,-4.335273742675781,1.3512296676635742,-43.04711151123047,-5.367774963378906,4.020111560821533,-42.66975784301758,-5.030606269836426,-1.3777109384536743,-39.73430633544922,-4.332865238189697,-0.9815491437911987,-41.753910064697266,-4.0942182540893555,-0.19706863164901733,-42.54868698120117,-8.49090576171875,5.633581161499023,-36.37751007080078,-5.752017021179199,6.176774501800537,-42.80095291137695,-8.056863784790039,7.320432662963867,-38.832130432128906,-6.1352105140686035,0.08973091840744019,-38.30219268798828,-8.291985511779785,6.8979058265686035,-37.839046478271484,-4.271822452545166,-1.6844712495803833,-41.29000473022461,-4.829376697540283,-1.5479886531829834,-40.197166442871094,-6.900375843048096,8.333171844482422,-41.96761703491211,-7.738282680511475,3.2739453315734863,-36.50117874145508,-7.240014553070068,8.802721977233887,-41.47471618652344,-6.9378509521484375,1.889046311378479,-38.0488395690918,-5.593274116516113,-0.6426703333854675,-39.1276741027832,-4.465805530548096,-1.8822208642959595,-40.66489028930664,-8.108207702636719,4.383946418762207,-36.68223571777344,-6.408924579620361,6.674283027648926,-42.28657150268555,-7.384372234344482,2.6472890377044678,-37.51442337036133,-5.824204921722412,5.100851535797119,-42.52693557739258,-7.894384860992432,7.628832817077637,-39.51668930053711,-7.658627510070801,8.12110710144043,-40.32876968383789,-4.606851577758789,0.6777462363243103,-42.43223190307617,-5.648695945739746,3.3161568641662598,-42.21457290649414,-5.438232898712158,-0.3058812618255615,-40.046356201171875,-8.282674789428711,5.826323509216309,-37.84307098388672,-4.722426414489746,0.007768809795379639,-41.806541442871094,-8.144859313964844,4.989588260650635,-37.74775314331055,-4.7766337394714355,1.552562952041626,-42.65757369995117,-5.189797878265381,2.353425979614258,-42.462589263916016,-6.300104141235352,5.474475383758545,-42.15409851074219,-7.3768839836120605,8.176368713378906,-41.20700454711914,-5.780858039855957,0.013468354009091854,-39.4710807800293,-4.962979316711426,-0.5968993902206421,-40.881954193115234,-8.028383255004883,4.299002170562744,-37.32362747192383,-8.138775825500488,6.331356525421143,-38.57621765136719,-6.985315799713135,7.417647838592529,-41.766876220703125,-6.330809593200684,0.8351642489433289,-38.85131072998047,-7.693484306335449,3.5176453590393066,-37.79151153564453,-6.659587383270264,1.718522310256958,-38.98194885253906,-5.291137218475342,0.36506420373916626,-41.097801208496094,-5.112940788269043,0.8894140124320984,-41.83420944213867,-7.845677375793457,6.778757572174072,-39.75806427001953,-7.65155553817749,7.233856201171875,-40.415672302246094,-5.8025803565979,0.42135804891586304,-39.95842742919922,-6.827019214630127,6.197112560272217,-41.652774810791016,-6.1569623947143555,4.237097263336182,-41.96086120605469,-5.609312534332275,2.0670061111450195,-41.72304153442383,-7.326764106750488,7.0272932052612305,-41.14571762084961,-7.336962699890137,3.0043530464172363,-38.51522445678711,-7.562904357910156,3.620368003845215,-38.60281753540039,-8.019824981689453,5.903554439544678,-38.95392990112305,-7.809983730316162,4.249825954437256,-38.44115447998047,-6.185720443725586,1.4853676557540894,-40.061500549316406,-5.731794834136963,1.4301799535751343,-41.02305603027344,-6.960019588470459,5.040693759918213,-41.04534912109375,-6.885533809661865,2.3531970977783203,-39.16593933105469,-6.323513031005859,2.281538486480713,-40.50502014160156,-6.257382869720459,3.3809359073638916,-41.448143005371094,-7.382172584533691,5.923989295959473,-40.65400695800781,-6.689430236816406,3.9203526973724365,-40.98816680908203,-7.824076175689697,4.8704047203063965,-39.02864074707031,-6.394919395446777,2.925511121749878,-40.88813781738281,-6.977930545806885,2.9743547439575195,-39.69489288330078,-7.64827823638916,5.301939964294434,-39.79574203491211,-7.383451461791992,4.106102466583252,-39.676963806152344
