/home/arvardaz/SFT_with_CNN/output3/1489683562.9841084_519.png,1.0937738418579102,0.4437919855117798,-38.21148681640625,0.8143398761749268,0.2803666591644287,-36.858497619628906,1.2857029438018799,-1.0698350667953491,-37.6986198425293,0.732180118560791,1.131325364112854,-37.606937408447266,0.8975211977958679,-0.6652344465255737,-36.498905181884766,0.6507222056388855,-0.8302031755447388,-35.50992202758789,0.4320969581604004,0.3133682906627655,-35.600948333740234,0.31204870343208313,-0.4436396658420563,-34.782958984375,0.8919739127159119,-1.3033007383346558,-36.15385055541992,1.378363013267517,-0.4037453830242157,-38.735755920410156,0.3739650249481201,1.1047900915145874,-36.20152282714844,1.533684492111206,-1.262198567390442,-39.24549102783203,0.3991187512874603,-1.0014023780822754,-34.82915496826172,1.151199460029602,-2.380906343460083,-37.145538330078125,1.2890183925628662,0.33429861068725586,-39.27405548095703,0.07112973928451538,1.988818645477295,-36.47563552856445,-0.0016334205865859985,0.7081364393234253,-34.7396240234375,1.3998534679412842,-2.1604480743408203,-38.29237365722656,0.6831997036933899,-2.3685154914855957,-35.37844467163086,0.8151897192001343,-2.0100607872009277,-35.804325103759766,0.9530783891677856,-2.5322892665863037,-36.30105972290039,0.8014403581619263,1.675527572631836,-39.1854362487793,-0.17005376517772675,1.458786129951477,-34.95262908935547,0.38855886459350586,-2.231480598449707,-34.585853576660156,1.2512259483337402,0.7977129220962524,-40.280643463134766,0.06620341539382935,2.5157694816589355,-37.507896423339844,1.5336353778839111,-0.4799649715423584,-40.067955017089844,-0.21010202169418335,-0.5190267562866211,-33.75511932373047,-0.13708578050136566,-1.0078234672546387,-33.70797348022461,-0.03042980097234249,-1.679696798324585,-33.74808120727539,1.6188968420028687,-1.8267966508865356,-39.869903564453125,-0.41686415672302246,0.7005054354667664,-33.911800384521484,0.3661898672580719,2.535407066345215,-39.21049880981445,-0.4010249972343445,2.2217535972595215,-35.19070053100586,1.2012907266616821,-2.9898972511291504,-37.7565803527832,1.4749940633773804,-2.6684458255767822,-39.09514236450195,-0.5156167149543762,-0.01749836653470993,-33.497314453125,0.4118959307670593,-2.8439807891845703,-34.73895263671875,1.638329029083252,-0.18241941928863525,-41.43201446533203,0.7709150910377502,-3.204845428466797,-35.844024658203125,0.8018884062767029,-3.6944198608398438,-36.231239318847656,-0.35439616441726685,2.8672640323638916,-36.73890686035156,-0.8534735441207886,1.2050648927688599,-33.40554428100586,-0.7382696270942688,2.005554437637329,-34.12596130371094,1.7503935098648071,-1.2717170715332031,-41.52021026611328,0.5208685398101807,-3.2545158863067627,-35.09313201904297,-0.7289614081382751,0.3873343765735626,-33.21163558959961,-0.44327449798583984,-1.1140727996826172,-33.35237503051758,1.1128803491592407,1.7308897972106934,-41.33028030395508,1.5098634958267212,0.8175433874130249,-41.94804763793945,0.09413997828960419,-2.467979907989502,-34.051185607910156,0.04183878004550934,2.8647866249084473,-38.84866714477539,1.506503939628601,-3.042886257171631,-40.21630859375,-0.5981422662734985,2.942765951156616,-35.9418830871582,-0.8179495930671692,2.6683785915374756,-34.80291748046875,1.7924776077270508,-0.051455795764923096,-42.54704284667969,1.0082249641418457,-3.6959118843078613,-37.40245819091797,0.5319998860359192,2.586181402206421,-40.42888641357422,1.642096996307373,-2.1978936195373535,-40.66592788696289,-0.5484392046928406,-0.5312972664833069,-33.170475006103516,1.2762017250061035,-3.5758447647094727,-38.86750793457031,-0.3753005266189575,-2.6196744441986084,-33.207313537597656,0.12008102238178253,-2.898817300796509,-33.9925651550293,1.9256632328033447,-1.1009342670440674,-42.8164176940918,-1.2350108623504639,1.9402414560317993,-33.123085021972656,-1.138980746269226,2.914630889892578,-34.163604736328125,-0.5330067276954651,-1.3319461345672607,-33.105167388916016,1.791033387184143,-2.1709201335906982,-42.1717414855957,0.5921852588653564,2.984963893890381,-41.63852310180664,1.2922227382659912,1.9087116718292236,-42.671424865722656,1.8208945989608765,0.6561601758003235,-43.710723876953125,1.9956549406051636,-0.4991978406906128,-43.75827407836914,0.2606397271156311,-3.7560465335845947,-34.50686264038086,0.4087032675743103,-4.091685771942139,-35.21188735961914,1.0946139097213745,-4.017915725708008,-38.364810943603516,-1.5480793714523315,2.44201922416687,-32.75426483154297,-0.1714206337928772,-2.9471569061279297,-33.5378532409668,1.660228967666626,1.5193017721176147,-44.252384185791016,-1.2812124490737915,0.8905031681060791,-32.64284133911133,1.5866310596466064,-2.9176411628723145,-41.3923454284668,-1.083140254020691,-0.1879904866218567,-32.682010650634766,-1.1185537576675415,-0.682628870010376,-32.548099517822266,-1.1325968503952026,3.450089931488037,-35.41319274902344,-1.1351509094238281,-1.385164737701416,-32.51021194458008,0.17421483993530273,-4.557363510131836,-34.47688674926758,-0.042592599987983704,-4.0706281661987305,-33.67123794555664,1.121243953704834,2.600318193435669,-43.4066276550293,-0.2812713384628296,3.2066776752471924,-38.205142974853516,-1.5546400547027588,3.365626096725464,-33.96400451660156,2.095306158065796,-0.4626951217651367,-45.31979751586914,1.1846089363098145,-4.117870330810547,-40.09144592285156,0.3115442991256714,-4.804490089416504,-35.347015380859375,0.6945086121559143,-4.383831977844238,-36.51231384277344,-0.3171401619911194,-3.680298328399658,-33.29624557495117,-0.07752971351146698,3.3999924659729004,-39.861061096191406,-0.5837438702583313,-2.397425651550293,-32.9326057434082,2.0127761363983154,-1.803463339805603,-43.89439010620117,1.7647743225097656,1.521632432937622,-45.371639251708984,-0.2906177043914795,3.7708656787872314,-40.69775390625,0.5025702118873596,3.467087507247925,-42.6733512878418,-0.9973958730697632,3.738771677017212,-37.28584289550781,2.0281739234924316,0.36892443895339966,-45.39728546142578,-1.8616353273391724,2.9874212741851807,-32.586463928222656,-1.7442612648010254,3.9112935066223145,-35.06914138793945,-1.888723611831665,1.796386957168579,-32.16590118408203,0.000575140118598938,-4.586387634277344,-33.92007064819336,1.336771845817566,2.4868011474609375,-44.64588165283203,2.078457832336426,-1.2393722534179688,-45.0837516784668,-1.4049522876739502,3.8773515224456787,-36.24232482910156,-1.924162745475769,2.3519976139068604,-32.45732879638672,-1.8081663846969604,0.7203435897827148,-32.16975402832031,0.6707080006599426,-4.88594388961792,-37.90910339355469,1.7768850326538086,-2.7446188926696777,-42.83445739746094,-1.996458649635315,3.5432608127593994,-33.219871520996094,-1.74245285987854,-0.19223740696907043,-32.178165435791016,1.3225791454315186,-3.6716549396514893,-41.37578582763672,0.9618735313415527,-4.47231912612915,-39.38189697265625,2.1328601837158203,-0.01978914439678192,-46.66537857055664,-0.7641580104827881,3.758059024810791,-38.57725143432617,1.8733136653900146,1.4892404079437256,-46.8221321105957,-0.663515567779541,-3.506643533706665,-32.838531494140625,-0.25879305601119995,-4.413759708404541,-33.462158203125,-0.3242781162261963,-4.970691680908203,-33.39502716064453,-0.15351180732250214,3.9601240158081055,-41.74285125732422,-1.698824167251587,-1.2194594144821167,-32.17644500732422,-1.0677766799926758,-3.1438329219818115,-32.61435317993164,0.23888331651687622,-5.297874927520752,-35.85148620605469,0.47444403171539307,-5.086442470550537,-37.07942199707031,0.5379496812820435,3.6383159160614014,-43.683929443359375,1.3939241170883179,2.6714649200439453,-46.33262634277344,-1.1535165309906006,4.023521900177002,-38.26082229614258,-1.045304298400879,4.060969352722168,-39.35273361206055,-1.3331897258758545,-2.3214447498321533,-32.44736099243164,-0.620951771736145,-4.505959510803223,-32.8627815246582,-0.11701565980911255,-5.5974931716918945,-34.29292297363281,1.9984506368637085,-2.2735190391540527,-45.091426849365234,1.9351911544799805,-2.476764440536499,-44.194576263427734,-2.3183202743530273,2.718567132949829,-32.14482116699219,1.4615802764892578,-3.4846181869506836,-42.43954849243164,0.9631605744361877,3.258847713470459,-44.99929428100586,1.9999616146087646,1.078728199005127,-47.702022552490234,-2.263244390487671,3.3242881298065186,-32.328369140625,-2.275287628173828,1.522196650505066,-31.88861083984375,1.5517983436584473,-3.5403976440429688,-43.35958480834961,0.6599363088607788,-4.99440336227417,-38.666988372802734,-0.549597978591919,3.8381290435791016,-39.817264556884766,-2.402430534362793,4.317493915557861,-34.522003173828125,-0.3302571773529053,-5.57436990737915,-33.49613952636719,2.131474018096924,-1.283159613609314,-46.409297943115234,-1.3037943840026855,-3.8204128742218018,-32.367454528808594,-0.5743421316146851,-5.44758939743042,-32.96165466308594,-0.061375707387924194,-5.701541423797607,-34.99067687988281,-2.704392910003662,4.012331008911133,-32.334896087646484,0.8655322194099426,3.5507895946502686,-46.05305480957031,1.5947514772415161,2.3869481086730957,-47.54248809814453,-1.3648980855941772,4.089346408843994,-37.67185592651367,1.0503671169281006,-4.410942077636719,-41.128135681152344,1.6492152214050293,-3.461956024169922,-44.475547790527344,-2.1699283123016357,0.3597691059112549,-31.95257568359375,-0.05082625150680542,4.1685333251953125,-42.9656867980957,0.13018572330474854,-5.673838138580322,-37.3859977722168,-2.008286952972412,-2.1913442611694336,-32.13261413574219,0.3740810751914978,-5.320797443389893,-37.8094596862793,-2.5586116313934326,4.214176654815674,-33.40700149536133,-1.7173058986663818,4.240446090698242,-37.27912139892578,0.026845544576644897,4.413279056549072,-44.60343933105469,-2.5964319705963135,1.929741382598877,-31.745784759521484,-3.1970014572143555,3.470869541168213,-31.546274185180664,-2.853367805480957,4.322939395904541,-32.84072494506836,-2.6014039516448975,2.7667236328125,-31.844423294067383,-1.1302413940429688,-4.716893196105957,-32.38270568847656,2.187995195388794,-0.43582719564437866,-48.445640563964844,1.9980285167694092,-2.3912720680236816,-46.18524169921875,1.6596776247024536,2.4050090312957764,-48.316123962402344,-1.0750240087509155,4.296599864959717,-40.33192443847656,-1.7330577373504639,-3.1975526809692383,-32.232574462890625,2.1559619903564453,-1.7471399307250977,-48.15290832519531,-0.5272203683853149,-6.325985431671143,-33.896602630615234,-0.5521723628044128,-6.029926776885986,-33.132728576660156,-0.12061318755149841,-6.0628533363342285,-36.1526985168457,0.005533665418624878,-5.812470436096191,-36.75238037109375,0.18467110395431519,4.3398542404174805,-45.16773223876953,0.4325239062309265,4.129201412200928,-45.92654800415039,-3.10543155670166,3.935288906097412,-31.683998107910156,-2.5341196060180664,-0.14918631315231323,-31.931358337402344,-2.292097330093384,-0.8001397252082825,-31.963687896728516,-1.8787604570388794,4.279635429382324,-36.45254898071289,-0.37485170364379883,-6.130265235900879,-34.451316833496094,-3.0566413402557373,2.475306510925293,-31.54876708984375,-2.6821651458740234,0.7619443535804749,-31.742372512817383,0.9091871380805969,3.7919068336486816,-47.487640380859375,1.9388597011566162,1.1407794952392578,-49.27967071533203,1.8221243619918823,-3.0960452556610107,-45.473941802978516,-2.472245216369629,4.302087306976318,-35.308143615722656,-3.2137176990509033,3.0687992572784424,-31.5495548248291,-1.0687998533248901,-6.458457946777344,-32.39422607421875,1.8133574724197388,-3.1740493774414062,-46.137874603271484,-0.5591869354248047,4.448355674743652,-42.47781753540039,-0.447515070438385,4.589302062988281,-43.50182342529297,-2.2056899070739746,-2.7686612606048584,-32.25779342651367,1.9755967855453491,-2.8121776580810547,-47.63426208496094,-1.3619641065597534,-5.603908061981201,-32.18906784057617,-2.384417772293091,4.447271347045898,-35.90242385864258,1.2101315259933472,-3.999452829360962,-42.71104049682617,1.5007644891738892,2.812040328979492,-49.656734466552734,-1.009214997291565,4.459315776824951,-41.1970100402832,0.8195943236351013,-4.590610504150391,-42.19276428222656,-3.1387698650360107,4.586859226226807,-32.35512924194336,-1.586581826210022,4.352779388427734,-38.612762451171875,-1.9150736331939697,-4.2095947265625,-32.04462432861328,-0.8390432596206665,-6.335433483123779,-32.82796859741211,-0.8554967045783997,-6.862016677856445,-33.10588836669922,-0.5108652114868164,-6.424654006958008,-33.50912094116211,0.06100451946258545,-5.717975616455078,-39.336578369140625,-3.4923646450042725,4.622830867767334,-31.79572296142578,1.2024821043014526,3.5634896755218506,-48.70943832397461,-3.117476463317871,1.2690534591674805,-31.574111938476562,-0.4876731038093567,-6.421279430389404,-35.3406982421875,0.4175430238246918,-5.272530555725098,-39.80501174926758,0.5766669511795044,-5.129556655883789,-41.11031723022461,1.2983026504516602,-4.074115753173828,-44.0303955078125,-2.4689252376556396,-1.5475852489471436,-31.978824615478516,2.169567584991455,-1.5501163005828857,-49.167903900146484,-3.6966915130615234,4.089409828186035,-31.28569793701172,-2.9935102462768555,4.649834632873535,-34.02644348144531,0.1006130576133728,4.76413631439209,-46.88557052612305,-2.293741226196289,4.545547008514404,-36.9629020690918,-0.6114071607589722,-6.6536946296691895,-34.80476379394531,2.0757052898406982,-0.7055301666259766,-50.021602630615234,-1.018255352973938,4.727233409881592,-42.42830276489258,-0.5815333724021912,4.899201393127441,-44.49425506591797,1.492864966392517,-3.85866379737854,-45.72191619873047,-0.14628762006759644,-5.9459028244018555,-38.482582092285156,-3.6569554805755615,2.07188081741333,-31.369688034057617,1.7445642948150635,-3.5351340770721436,-47.024227142333984,-3.471573829650879,4.715574264526367,-33.22731399536133,-2.903991222381592,0.27837076783180237,-31.76982879638672,-0.9421778321266174,-7.033279895782471,-34.071468353271484,-0.35652661323547363,-6.154458999633789,-37.29936981201172,1.8356983661651611,0.8799716830253601,-50.10300827026367,-1.8848873376846313,4.542965412139893,-39.271724700927734,-1.1146328449249268,4.998049259185791,-43.79311752319336,-2.913860321044922,4.568112850189209,-34.88127136230469,0.9771825075149536,4.261988162994385,-49.53030014038086,0.9448524117469788,-4.507176399230957,-43.300357818603516,-1.6489646434783936,4.530259132385254,-40.34540939331055,-0.37026968598365784,4.983895778656006,-45.87942886352539,-3.672394037246704,4.9960455894470215,-32.15470886230469,-1.1873767375946045,-7.328855514526367,-32.55309295654297,1.1636180877685547,-4.342031955718994,-45.455772399902344,0.41091281175613403,4.676307201385498,-48.24973678588867,-3.7471461296081543,3.545004367828369,-31.348880767822266,1.3551759719848633,2.2873661518096924,-50.6768913269043,-1.8138846158981323,-6.410459995269775,-31.88418960571289,0.27843624353408813,5.047727584838867,-49.08268737792969,-2.1174299716949463,4.53346586227417,-38.22317123413086,1.9956752061843872,-2.905853033065796,-48.583518981933594,1.1053860187530518,-4.320378303527832,-44.911197662353516,-2.006403684616089,-5.292105674743652,-31.880613327026367,-2.568627119064331,-2.2553176879882812,-32.072967529296875,-0.7053245306015015,-6.540376663208008,-36.89470291137695,0.12207448482513428,-5.593570709228516,-40.737056732177734,-2.3744473457336426,-3.1110730171203613,-32.153472900390625,-2.8024637699127197,4.619927406311035,-36.016815185546875,0.9877222776412964,3.939008951187134,-50.67551040649414,2.095888376235962,-1.9365589618682861,-50.2570686340332,1.6158877611160278,0.4901731610298157,-50.933746337890625,-0.9820300340652466,-6.967533588409424,-35.79373550415039,1.9866901636123657,-3.12198543548584,-49.50822067260742,-0.5009591579437256,5.00277853012085,-45.316287994384766,-3.59623646736145,4.843319892883301,-34.721046447753906,-1.2982499599456787,-7.351922035217285,-33.060726165771484,-1.7786146402359009,4.803362846374512,-41.12053298950195,-3.2180943489074707,4.490400314331055,-35.39790344238281,-1.4561538696289062,-7.609298229217529,-33.630706787109375,-0.576348066329956,-6.315540313720703,-37.87761688232422,-1.550585150718689,4.897672653198242,-42.113372802734375,1.4149656295776367,-4.18833589553833,-46.839561462402344,-1.2877672910690308,-7.333625793457031,-34.6631965637207,-1.4012699127197266,-7.696296215057373,-32.48739242553711,-1.0784342288970947,-6.793185710906982,-36.337379455566406,-2.9346518516540527,-2.717021942138672,-32.174903869628906,-2.6556339263916016,-3.5713775157928467,-32.003089904785156,-3.5263803005218506,1.2799009084701538,-31.450319290161133,-3.0687828063964844,-1.421165108680725,-31.91436767578125,0.3463993966579437,-5.236237525939941,-42.268531799316406,-4.384036064147949,5.119712829589844,-31.309274673461914,-1.8259824514389038,-7.0722975730896,-31.804508209228516,-3.578566312789917,4.877161026000977,-33.77681350708008,0.5532455444335938,5.030749797821045,-50.13562774658203,0.6766877770423889,4.756021022796631,-50.79476547241211,-3.8926351070404053,4.1724138259887695,-31.036243438720703,-4.14713191986084,5.071407318115234,-33.359378814697266,1.835851788520813,-0.5286497473716736,-50.92921829223633,-1.3693692684173584,5.103757858276367,-43.396575927734375,-0.16299575567245483,5.173009395599365,-47.827335357666016,-2.8107094764709473,4.7219133377075195,-37.247257232666016,-0.44939398765563965,-6.061094284057617,-40.27118682861328,0.9633175134658813,2.996778964996338,-51.114681243896484,-4.224945545196533,4.759607315063477,-30.994600296020508,-4.436920166015625,4.1640849113464355,-30.855085372924805,-3.071207046508789,-2.005845785140991,-31.984405517578125,-3.653313398361206,0.5610644817352295,-31.597881317138672,-2.4476358890533447,-4.712234020233154,-31.89185333251953,-1.8125892877578735,-7.603172302246094,-31.7648983001709,0.2554467022418976,-5.203926086425781,-43.22553253173828,0.7075525522232056,-4.802679538726807,-44.17323303222656,1.4688215255737305,-4.3633198738098145,-48.39842224121094,-4.141947269439697,2.8594658374786377,-31.25478744506836,-4.270669937133789,5.171292304992676,-32.432064056396484,1.7135741710662842,-3.912910223007202,-48.87311553955078,-4.122017860412598,5.086275577545166,-32.170982360839844,-2.446941375732422,-6.184020042419434,-31.6937255859375,-2.978228807449341,4.621761322021484,-36.268062591552734,-2.470306158065796,4.7923197746276855,-39.654937744140625,-3.4441897869110107,-0.035776495933532715,-31.675992965698242,1.1792824268341064,1.135447382926941,-51.48975372314453,-3.312856435775757,-1.102243423461914,-31.93677520751953,-2.6236467361450195,-5.293817043304443,-31.813220977783203,-1.0795094966888428,5.35280704498291,-45.2580451965332,-0.1679324507713318,5.494811534881592,-49.17844009399414,-2.6391890048980713,-4.235316753387451,-31.958559036254883,-1.4387965202331543,5.337399005889893,-44.60190963745117,-0.6027488708496094,5.284623622894287,-46.64425277709961,-3.5754401683807373,-0.37099212408065796,-31.884775161743164,-2.6681737899780273,4.672196388244629,-38.41830062866211,-2.7864933013916016,4.879294395446777,-39.245670318603516,1.8140153884887695,-1.7424004077911377,-51.43219757080078,-4.30812406539917,3.558867931365967,-31.249759674072266,-2.317310333251953,4.739605903625488,-40.39576721191406,-0.665459156036377,-6.261399269104004,-39.54808807373047,-4.876307964324951,5.354284763336182,-30.86123275756836,-1.8648754358291626,5.202505588531494,-43.182395935058594,-4.080362796783447,1.9047319889068604,-31.395278930664062,0.26765772700309753,5.5288801193237305,-50.907196044921875,-4.675053119659424,5.525412559509277,-31.579648971557617,-3.976086139678955,5.02139949798584,-33.91378402709961,1.0517922639846802,-4.777582168579102,-47.67803192138672,-3.342444896697998,4.875558853149414,-36.42372512817383,-1.2253735065460205,-6.86766242980957,-36.87862014770508,-0.056353479623794556,-5.7313337326049805,-41.86581039428711,1.9883400201797485,-2.699484348297119,-50.714317321777344,-2.3637583255767822,-6.685555934906006,-31.745203018188477,-1.8696712255477905,5.138528347015381,-42.761695861816406,0.9635176658630371,-4.733615875244141,-46.489601135253906,-4.031468391418457,1.316542625427246,-31.55161476135254,-3.802724838256836,4.656130313873291,-35.60515594482422,-1.7722179889678955,-8.251274108886719,-32.58808135986328,-2.0129454135894775,4.989582061767578,-42.02427291870117,-2.286801338195801,-8.02499008178711,-33.18723678588867,1.8295891284942627,-3.686202049255371,-50.88916015625,1.6859127283096313,-3.995990753173828,-49.93115997314453,0.7457921504974365,1.939617395401001,-51.881248474121094,-2.2717444896698,4.907279968261719,-41.08951187133789,-2.96787428855896,-3.0954861640930176,-32.114192962646484,-3.1081035137176514,-2.8183040618896484,-32.32792282104492,0.5972371697425842,-5.059393405914307,-45.767066955566406,0.561758279800415,4.104507923126221,-51.53532409667969,1.3988012075424194,-0.2860705554485321,-51.63805389404297,0.5062415599822998,2.5921144485473633,-51.844635009765625,-1.6045567989349365,-7.311013698577881,-35.894710540771484,-1.1033134460449219,-6.550884246826172,-38.26279067993164,-1.3895012140274048,5.594609260559082,-46.10985565185547,-3.8177645206451416,0.8568916320800781,-31.622394561767578,-2.375962734222412,-7.809027671813965,-31.502485275268555,-2.656801462173462,-5.910131454467773,-31.84872817993164,-0.316678911447525,5.856032371520996,-50.3794059753418,-2.006716251373291,-8.542495727539062,-31.796865463256836,-4.708869457244873,3.1162939071655273,-31.330381393432617,1.2918838262557983,0.4300948679447174,-51.37968444824219,-4.776650428771973,4.944019317626953,-31.408863067626953,-2.01747989654541,-7.921802997589111,-33.97782897949219,1.6782071590423584,-2.5074400901794434,-51.596012115478516,-3.319385528564453,4.823631763458252,-37.765018463134766,-1.3284311294555664,5.716094970703125,-46.916725158691406,-0.8564503788948059,5.601378917694092,-47.705101013183594,-0.3968089818954468,-5.914271831512451,-41.4263801574707,-4.953043460845947,5.121449947357178,-31.823816299438477,-1.906497836112976,5.279357433319092,-44.00432205200195,-5.010664463043213,4.118770599365234,-31.26831817626953,0.29144084453582764,-5.154763221740723,-45.25695037841797,-4.438962936401367,2.556762933731079,-31.35272979736328,0.13799777626991272,5.503013610839844,-51.720001220703125,-2.898517608642578,-4.214715003967285,-32.07394790649414,-0.6762666702270508,-6.133454322814941,-40.895870208740234,-3.3092472553253174,-2.3838870525360107,-32.17768859863281,-2.4082531929016113,-7.129223346710205,-31.655887603759766,-3.0284109115600586,-3.4556853771209717,-32.19279098510742,-0.29113101959228516,6.227696418762207,-51.42934036254883,-3.686798572540283,-0.9459423422813416,-32.011985778808594,-1.8177026510238647,-7.102294921875,-36.84770202636719,1.7475274801254272,-3.3687431812286377,-51.444889068603516,-3.5478341579437256,-1.7525699138641357,-32.04966354370117,0.2107940912246704,-5.2478861808776855,-44.71098709106445,-4.103702068328857,0.12801440060138702,-31.88189697265625,-0.7388116121292114,5.765511989593506,-48.64011001586914,0.21435940265655518,4.957647323608398,-51.90201950073242,-0.15183423459529877,-5.645205974578857,-42.68494415283203,0.05989440158009529,-5.241920471191406,-43.828392028808594,-2.7618677616119385,-5.52056360244751,-32.01736831665039,1.101729393005371,-0.8406414985656738,-52.12425231933594,1.271796464920044,-4.659358978271484,-49.39283752441406,-4.710649013519287,5.038327217102051,-33.327396392822266,-2.367117166519165,-8.742705345153809,-31.54105567932129,-1.9765328168869019,-7.611323356628418,-35.4440803527832,-1.9646605253219604,-7.759242534637451,-34.72380447387695,-5.062119483947754,4.6187310218811035,-31.489286422729492,-2.19427752494812,-8.684774398803711,-32.36002731323242,-3.333475351333618,4.762857437133789,-38.69721603393555,-2.896449327468872,4.897264003753662,-40.561241149902344,1.5086431503295898,-4.3743672370910645,-50.710567474365234,-2.426847219467163,5.166172981262207,-42.511627197265625,-4.487105369567871,4.913358688354492,-34.06171417236328,-4.462869644165039,1.5078740119934082,-31.509334564208984,-0.2970810830593109,6.226395130157471,-52.023067474365234,-5.060884952545166,3.7067224979400635,-31.364118576049805,-4.3598527908325195,0.7966985106468201,-31.721290588378906,-4.011775970458984,-0.41503363847732544,-31.986629486083984,-4.109356880187988,4.693395614624023,-35.95494842529297,-2.473275661468506,5.00200891494751,-41.776100158691406,-3.2867352962493896,-3.820051431655884,-32.168907165527344,-3.3168952465057373,-3.254631996154785,-32.198997497558594,-2.931044578552246,-6.906205177307129,-31.975141525268555,-3.013578414916992,-4.897665977478027,-31.95026206970215,0.5881906747817993,0.6391137838363647,-52.16123580932617,-1.4336090087890625,5.8278703689575195,-47.68178939819336,-1.494368076324463,-6.55623722076416,-39.030582427978516,0.04300382733345032,3.369868278503418,-52.35004425048828,1.5167657136917114,-1.8629051446914673,-51.90715408325195,0.25280702114105225,-5.446907043457031,-47.188201904296875,-3.3253111839294434,-4.624269962310791,-32.10239791870117,-2.98947811126709,-6.517453670501709,-31.818035125732422,-3.933206796646118,4.768584251403809,-36.93207550048828,-3.7774124145507812,-2.106060743331909,-32.19755172729492,-2.4352595806121826,5.306826114654541,-43.30317306518555,-3.208972454071045,-5.682357311248779,-32.00465774536133,-3.222426414489746,-5.221484661102295,-32.04781723022461,-5.132045745849609,4.9166154861450195,-31.954511642456055,-2.5493223667144775,-8.428389549255371,-32.706871032714844,-0.5898700952529907,-5.631760120391846,-44.34085464477539,-3.826223850250244,-2.833077907562256,-32.412147521972656,-0.44043442606925964,-5.771240234375,-43.38457107543945,-1.9527547359466553,5.537409782409668,-44.93655014038086,-0.880994439125061,6.050175666809082,-49.964115142822266,-3.579280138015747,-4.303179740905762,-32.25244140625,-4.869791507720947,2.1372263431549072,-31.59157943725586,-1.7605698108673096,-6.920548915863037,-37.59894943237305,-2.7471630573272705,5.110263347625732,-41.851627349853516,-1.9078432321548462,5.817418098449707,-46.76304244995117,-4.25284481048584,-0.7291676998138428,-32.1251335144043,-3.0611379146575928,4.983115196228027,-41.07916259765625,0.5470420122146606,1.2549335956573486,-52.18765640258789,-2.545358180999756,-8.179932594299316,-32.35642623901367,-1.9857311248779297,-7.16521692276001,-36.19453430175781,-1.426483154296875,-6.441173076629639,-40.40727233886719,-3.119192600250244,-6.200918197631836,-32.03789520263672,-1.4727299213409424,6.0797553062438965,-48.63266372680664,-2.6867127418518066,-7.718045234680176,-31.991697311401367,-1.2662378549575806,6.141946315765381,-49.46967315673828,-3.7629234790802,-1.0561619997024536,-32.25078201293945,-3.7150442600250244,4.789018154144287,-38.53826141357422,1.2079412937164307,-4.819368362426758,-50.10037612915039,1.4113655090332031,-3.0470919609069824,-52.11760330200195,-5.217887878417969,2.633035182952881,-31.895721435546875,0.8231930732727051,-5.141047954559326,-49.138275146484375,1.5543285608291626,-4.277193069458008,-51.99261474609375,-4.705629348754883,4.646306037902832,-35.01239776611328,-4.200247764587402,-1.1582247018814087,-32.16755294799805,-2.2269158363342285,5.644394874572754,-45.56301498413086,-0.17731791734695435,4.785149097442627,-52.59961700439453,-2.928361415863037,-7.6366753578186035,-32.02499771118164,-0.8851162791252136,6.45560359954834,-51.50796890258789,1.4210728406906128,-4.6289849281311035,-51.503578186035156,1.4964195489883423,-3.8455123901367188,-52.180870056152344,-5.20855712890625,3.0661511421203613,-31.69599723815918,-3.4899308681488037,4.92341423034668,-39.5540657043457,-0.8759658932685852,-6.127985000610352,-41.790855407714844,-5.251355171203613,4.699440002441406,-32.501033782958984,-4.2713751792907715,4.6380205154418945,-37.83118438720703,-1.5313055515289307,-6.71502161026001,-38.50556182861328,-4.125006675720215,-1.8766695261001587,-32.22251510620117,-0.7813668847084045,-6.042279243469238,-42.83885192871094,-5.366116523742676,4.059962272644043,-31.810775756835938,-3.377241611480713,4.935857772827148,-40.41550827026367,0.16527864336967468,1.7345914840698242,-52.41810989379883,-2.4829845428466797,5.377875328063965,-44.24899673461914,-0.522088885307312,4.1564741134643555,-52.83934783935547,-0.27335870265960693,-5.653153419494629,-46.097774505615234,-3.691007137298584,-3.3514015674591064,-32.41788864135742,-5.085012912750244,4.644392490386963,-33.69035339355469,-1.2315478324890137,6.288778305053711,-50.437965393066406,-2.8210504055023193,-8.039958953857422,-33.826297760009766,-0.31989121437072754,5.218194007873535,-52.537315368652344,-4.983334064483643,1.2906019687652588,-31.783889770507812,-4.703244209289551,0.35109567642211914,-32.242820739746094,-4.758264064788818,-0.058116450905799866,-32.26595687866211,-0.9244757890701294,6.91895055770874,-52.563995361328125,-1.573512077331543,-6.552633285522461,-39.75575637817383,0.7050350904464722,-0.9406697750091553,-52.51042175292969,0.2676738202571869,-0.33557838201522827,-52.576908111572266,0.7075501680374146,-1.512812614440918,-52.41640853881836,-1.9387887716293335,6.013181209564209,-47.99551773071289,0.8452466130256653,-2.0131306648254395,-52.630767822265625,-2.6022098064422607,-7.7979841232299805,-34.84254837036133,-4.802105903625488,4.329592227935791,-36.58418273925781,-2.003864288330078,5.91326904296875,-47.34662628173828,-3.4180147647857666,-7.072686672210693,-32.33751678466797,-3.9100584983825684,-4.048659324645996,-32.44375228881836,-0.048999518156051636,-5.576654434204102,-46.61634826660156,0.3478469252586365,-5.40108585357666,-48.556148529052734,-3.1517136096954346,5.05994176864624,-41.97930908203125,-0.6754027009010315,5.7145514488220215,-52.479225158691406,-4.4713358879089355,-2.858813524246216,-32.640106201171875,-3.1440861225128174,-7.963290214538574,-32.66952133178711,-4.782116889953613,4.356664657592773,-35.87473678588867,-3.0586650371551514,5.270342826843262,-43.49677276611328,-5.525204658508301,3.5944666862487793,-32.117584228515625,-5.4365153312683105,2.018587827682495,-32.26411437988281,-4.3065643310546875,-3.2981722354888916,-32.83443832397461,0.7840527892112732,-3.161670207977295,-53.02330017089844,-0.28111159801483154,2.5548455715179443,-52.613983154296875,-5.638608455657959,4.018895626068115,-32.72357940673828,1.1643099784851074,-4.967787265777588,-52.890647888183594,-2.6955909729003906,5.696863174438477,-46.31283950805664,-3.8540453910827637,4.856204509735107,-40.60651397705078,-3.8832507133483887,-5.7564897537231445,-32.62636184692383,-0.745997965335846,-5.761641979217529,-45.364532470703125,0.7334062457084656,-3.9848740100860596,-53.239288330078125,-0.2945988178253174,1.0181357860565186,-52.71760177612305,-4.350841045379639,4.646396636962891,-39.02974319458008,-3.2069997787475586,-8.117423057556152,-33.183502197265625,-4.790286064147949,-0.7769139409065247,-32.411399841308594,-4.633793354034424,-2.065265417098999,-32.657047271728516,-4.751671314239502,4.264993190765381,-37.23820877075195,0.6495015621185303,-5.47080135345459,-51.25518035888672,1.1429039239883423,-5.082705020904541,-52.25003433227539,-4.2656683921813965,-3.6768672466278076,-32.703182220458984,-2.5832228660583496,-7.199967861175537,-36.358741760253906,0.4987896978855133,-5.512632846832275,-50.05601119995117,-3.6231043338775635,4.970252513885498,-41.561485290527344,-2.080115795135498,6.126585006713867,-48.909610748291016,-1.1120539903640747,6.151709079742432,-52.72186279296875,-0.46179431676864624,1.834352970123291,-52.57844543457031,-5.3167314529418945,0.1625889092683792,-32.8173713684082,-1.7039989233016968,6.308183670043945,-49.98955535888672,-2.2067928314208984,-6.880857467651367,-38.21735382080078,-4.695631980895996,4.35842752456665,-38.18419647216797,-1.6119341850280762,-6.378990173339844,-40.964080810546875,-3.4584872722625732,5.057259559631348,-42.43845748901367,-2.7590866088867188,5.732872009277344,-46.956687927246094,-5.504462242126465,4.0092058181762695,-34.587764739990234,-2.4212145805358887,-7.012384414672852,-37.46732711791992,0.15252454578876495,0.4755929410457611,-52.62190628051758,-5.332411766052246,0.9103577136993408,-32.372467041015625,-0.09984023123979568,-0.7025178074836731,-52.89712905883789,-2.9386844635009766,5.429551124572754,-44.884803771972656,0.29517173767089844,-5.542646408081055,-49.2624626159668,-1.5532734394073486,6.5250396728515625,-51.202392578125,-0.4845597743988037,3.375308036804199,-52.80260467529297,-4.385871410369873,-4.460574150085449,-32.8964958190918,-3.30772066116333,-7.5163397789001465,-35.036624908447266,-3.1503612995147705,-7.2378058433532715,-36.198883056640625,-5.189926624298096,4.225064754486084,-35.50322723388672,0.17485517263412476,-1.1782418489456177,-52.67121124267578,-1.3520780801773071,6.700915336608887,-52.190757751464844,-0.6379995346069336,7.314329624176025,-53.72138977050781,-0.9377233982086182,7.356234073638916,-53.46625900268555,-1.3440263271331787,6.950728416442871,-53.02260208129883,0.6364218592643738,-4.301612377166748,-53.49247360229492,-0.7559964656829834,5.536886215209961,-53.155189514160156,-1.5224707126617432,-6.110558032989502,-43.425716400146484,-0.9916504621505737,6.715116500854492,-53.055477142333984,0.8594661951065063,-5.209664821624756,-51.68172836303711,-1.1506491899490356,6.292304992675781,-53.47090530395508,-0.9610234498977661,6.703765869140625,-53.75897979736328,-5.791619300842285,3.20982027053833,-32.85574722290039,-3.5387089252471924,-7.73126220703125,-33.17414093017578,-2.2516064643859863,-6.639686107635498,-39.29182434082031,-5.874811172485352,3.389965057373047,-33.487648010253906,-5.764273643493652,3.686368942260742,-34.08757781982422,-1.6371742486953735,-6.2257771492004395,-41.79554748535156,-0.9187858700752258,2.432384490966797,-52.99812316894531,-0.24640610814094543,-5.6818060874938965,-48.16106414794922,0.4405176341533661,-2.260565757751465,-53.03333282470703,-3.943822145462036,-6.686554908752441,-33.045387268066406,-1.1882386207580566,4.793416976928711,-53.21084213256836,-0.8815674781799316,-5.867412567138672,-46.89097213745117,-2.445427179336548,6.120463848114014,-49.30195236206055,-2.151191234588623,6.371960639953613,-50.548038482666016,-3.4903693199157715,5.248946666717529,-45.04695510864258,0.264668732881546,-1.657597541809082,-52.89812469482422,-5.618895530700684,3.749699831008911,-35.774993896484375,-3.1085822582244873,-6.919643402099609,-37.551700592041016,-2.2877728939056396,-6.480238914489746,-40.25431442260742,-1.4365942478179932,-5.888772487640381,-44.65218734741211,-0.35440516471862793,-0.26363855600357056,-52.931304931640625,0.36905309557914734,-3.149892807006836,-53.35186767578125,-1.8283472061157227,-6.249088287353516,-42.45095443725586,-6.082921981811523,1.7548412084579468,-33.46775436401367,-5.565279483795166,-0.4633496403694153,-33.14339828491211,-5.145786762237549,-1.7208517789840698,-33.03110122680664,0.6167837381362915,-5.409694194793701,-52.50594711303711,-3.916619062423706,4.9544148445129395,-43.08146667480469,-2.7717716693878174,5.869486331939697,-48.02388381958008,-1.061378002166748,5.5335516929626465,-53.420379638671875,-1.3549338579177856,6.796368598937988,-53.40798568725586,-3.731325149536133,-7.331907749176025,-34.265987396240234,-2.304793119430542,6.45743465423584,-51.0104866027832,-1.0530966520309448,3.1715404987335205,-53.08161544799805,-5.19162130355835,-2.569659471511841,-33.20326232910156,0.7251996994018555,-5.438473701477051,-53.45223617553711,-4.634144306182861,4.527622699737549,-40.89216613769531,-4.849640369415283,4.334632396697998,-39.2577018737793,-4.089041233062744,4.810461521148682,-42.07460403442383,-2.852449417114258,-6.867351531982422,-38.16171646118164,-4.115103244781494,-6.943431854248047,-33.82864761352539,-2.5989179611206055,6.151775360107422,-50.01960754394531,-2.0694613456726074,6.599457263946533,-51.62730407714844,-1.0799046754837036,3.869274616241455,-53.16257858276367,-5.798229694366455,1.2322412729263306,-33.25250244140625,-2.288935661315918,-6.298868179321289,-41.57699203491211,-2.0564284324645996,6.422628402709961,-52.015743255615234,0.21244598925113678,-2.441580057144165,-53.060176849365234,-4.641757965087891,-4.997126579284668,-33.4297981262207,-0.7953734397888184,0.619194507598877,-52.9891471862793,-0.08350911736488342,-5.81035852432251,-50.414085388183594,-5.459519386291504,3.652066230773926,-37.25431442260742,-5.982432842254639,2.778857946395874,-33.47785949707031,-5.0460405349731445,-3.042177677154541,-33.30324172973633,-2.7250678539276123,-6.680722236633301,-39.067989349365234,-0.7347630262374878,-5.80925178527832,-48.67202377319336,0.26983532309532166,-5.847714424133301,-52.51393508911133,-3.382956027984619,-6.910914897918701,-36.957489013671875,-1.1367522478103638,-5.859263896942139,-46.231475830078125,-5.939131259918213,2.2475507259368896,-33.3509407043457,-4.172157287597656,4.788239002227783,-43.89054489135742,-3.4696433544158936,5.398717880249023,-46.63280487060547,-1.7338893413543701,6.5143585205078125,-53.119388580322266,-0.20958054065704346,-1.6860088109970093,-53.14063262939453,-0.05838063359260559,-2.2598562240600586,-53.24383544921875,-4.728324890136719,-5.435224533081055,-33.93971252441406,-2.4225013256073,-6.163069725036621,-42.21803283691406,-5.101253509521484,-3.548377275466919,-33.455482482910156,-1.614633321762085,-5.941877841949463,-45.74570846557617,-1.844670295715332,6.097599029541016,-53.20751953125,-2.6907100677490234,6.1352643966674805,-50.50244903564453,-1.6941783428192139,5.271056652069092,-53.22565460205078,-1.083385944366455,1.825322151184082,-52.836280822753906,0.2705638110637665,-5.184878826141357,-53.67026901245117,-3.1710071563720703,5.732641696929932,-49.112083435058594,-3.1532671451568604,5.704897880554199,-48.45241928100586,-3.6357905864715576,-7.0570807456970215,-36.31049728393555,-0.09242293238639832,-3.6288366317749023,-53.62980270385742,-3.9843122959136963,-6.996393203735352,-35.420875549316406,-3.033276081085205,-6.362619876861572,-39.958152770996094,-6.079301357269287,2.8600265979766846,-34.43614196777344,-4.599423885345459,-6.173455238342285,-34.34776306152344,-6.029629230499268,0.38792675733566284,-33.823909759521484,0.07912388443946838,-5.84699010848999,-51.77796173095703,-0.9000403881072998,-5.864745616912842,-49.47503662109375,-0.8352084755897522,-0.26948609948158264,-53.03854751586914,-0.5971574783325195,-1.9101283550262451,-53.31912612915039,-2.124324321746826,6.506572723388672,-52.95750045776367,-0.18291378021240234,-2.8638596534729004,-53.45131301879883,-1.5760869979858398,3.8355462551116943,-53.10519027709961,-2.733552932739258,-6.199931621551514,-41.34679412841797,-2.2212717533111572,-5.960655689239502,-44.36841583251953,-5.464596271514893,3.6967594623565674,-38.34157180786133,0.25646108388900757,-4.866316795349121,-53.915489196777344,-4.013482093811035,4.981283664703369,-45.82520294189453,-4.196859359741211,4.7901129722595215,-44.580604553222656,-2.0954437255859375,6.369630813598633,-52.515377044677734,-1.3189101219177246,-5.769649982452393,-47.96894454956055,-0.4034985899925232,-2.4631857872009277,-53.518306732177734,-0.3150491714477539,-5.929020881652832,-51.544525146484375,0.3498580753803253,-5.6188530921936035,-53.76355743408203,-6.209152698516846,2.2131154537200928,-34.12590026855469,-5.747177600860596,-1.743093490600586,-33.86371612548828,-3.7367305755615234,-6.6096086502075195,-37.830421447753906,-1.817276954650879,2.6479883193969727,-52.9853630065918,-3.357473373413086,-6.552944183349609,-38.9374885559082,0.09338855743408203,-5.916445732116699,-53.54741668701172,-1.627110481262207,-5.812593460083008,-46.93024444580078,-6.089995384216309,2.88173246383667,-35.35174560546875,-4.776824951171875,4.383019924163818,-42.649715423583984,-2.413189172744751,-6.119051456451416,-42.88527297973633,-2.6634275913238525,5.987425804138184,-52.0400505065918,-0.7205691337585449,-1.1042087078094482,-52.98649978637695,-1.6130268573760986,1.9723503589630127,-52.89668273925781,-0.1873423159122467,-4.0947160720825195,-53.98164749145508,-5.024975776672363,4.261483669281006,-41.209774017333984,-1.1457765102386475,-5.859658718109131,-49.85653305053711,-1.5649038553237915,0.9282758235931396,-52.83778381347656,-2.024484872817993,-5.905523777008057,-45.2262077331543,-3.820265769958496,5.2079691886901855,-47.815364837646484,-5.889269828796387,3.096669912338257,-36.53134536743164,-3.2790398597717285,-6.138228893280029,-41.04022979736328,-1.8460241556167603,-5.835509300231934,-46.456363677978516,-3.6339640617370605,-6.023687839508057,-40.4179801940918,-0.7024017572402954,-5.909952163696289,-50.41876983642578,-2.010512113571167,4.153332710266113,-53.108253479003906,-5.35143518447876,3.8364791870117188,-39.53633117675781,-5.564817905426025,-3.778458833694458,-34.653778076171875,-6.12958288192749,2.6793951988220215,-37.64218521118164,-0.186705082654953,-5.963600158691406,-52.63234329223633,-2.1934404373168945,4.7637200355529785,-53.06687927246094,-6.33587646484375,1.1505624055862427,-34.84062194824219,-1.5044615268707275,-5.768728256225586,-48.97123718261719,-1.2491437196731567,-0.9714741706848145,-52.827308654785156,-2.653049945831299,-5.9788289070129395,-43.58679962158203,-6.329010486602783,2.3047282695770264,-35.097808837890625,-0.3379647731781006,-3.564774990081787,-53.76988983154297,-2.5364503860473633,5.019779205322266,-52.74678421020508,-5.777866840362549,-2.878568410873413,-34.445674896240234,-2.586726665496826,5.8019280433654785,-52.836544036865234,-0.022253423929214478,-5.287542343139648,-54.31739807128906,0.09701994061470032,-5.9834489822387695,-54.142391204833984,-4.697607517242432,-6.191834926605225,-35.41436004638672,-6.462517738342285,1.7114832401275635,-34.96559143066406,-4.304293632507324,-6.324914455413818,-37.05718994140625,-2.136091470718384,3.159830093383789,-52.996856689453125,-1.7969141006469727,-5.737290859222412,-48.64304733276367,-1.1637375354766846,-0.3487623631954193,-52.99100875854492,-3.3283073902130127,5.570190906524658,-50.056060791015625,-4.783891677856445,-6.048791885375977,-36.22465133666992,-3.138639450073242,-6.061751842498779,-41.805416107177734,-4.268483638763428,4.765778541564941,-46.53569412231445,-6.231097221374512,0.032242074608802795,-34.42680358886719,-3.1633975505828857,-5.896582126617432,-42.874263763427734,-5.014853000640869,4.113577365875244,-43.740333557128906,-1.2391047477722168,-1.6204472780227661,-53.26078796386719,-0.6049891710281372,-3.127687692642212,-53.61778259277344,-6.154033660888672,2.5007247924804688,-36.40291213989258,-5.495805263519287,3.717172145843506,-40.78863525390625,0.2934701144695282,-6.065289497375488,-54.40129852294922,-1.0745280981063843,-2.491509437561035,-53.435333251953125,-0.910780131816864,-5.8774871826171875,-51.20088577270508,-1.6327773332595825,-0.03796955198049545,-53.002140045166016,-5.110133647918701,-5.362615585327148,-35.132728576660156,-6.077531337738037,-1.5640008449554443,-34.61420822143555,-3.991490364074707,-6.148232460021973,-39.09524917602539,-3.3429677486419678,5.404891014099121,-51.30233383178711,-6.033252716064453,2.8282504081726074,-38.816139221191406,-5.438787460327148,-4.807256698608398,-35.55878448486328,-2.4998934268951416,-5.7242608070373535,-46.452152252197266,-2.089977502822876,-5.63597297668457,-47.962745666503906,-0.49443429708480835,-5.858174800872803,-52.7734260559082,-0.44419363141059875,-4.624524116516113,-54.079803466796875,-6.424418926239014,2.3057188987731934,-36.14339065551758,-5.356231689453125,3.827105760574341,-42.24244689941406,-1.911002278327942,1.6381163597106934,-52.836002349853516,-4.339895725250244,4.702393531799316,-47.25090026855469,-1.7347025871276855,-0.7946548461914062,-52.838706970214844,-2.4765994548797607,3.9319093227386475,-52.872711181640625,-4.614619731903076,4.3992600440979,-45.11274337768555,-6.434781551361084,1.194520354270935,-35.62660598754883,-0.9349954128265381,-5.827770709991455,-51.92382049560547,-0.2915131747722626,-5.760173797607422,-54.19306182861328,-4.745907783508301,-5.8971381187438965,-37.121517181396484,-1.3573023080825806,-5.743717670440674,-50.54127502441406,-2.185110330581665,0.7612618207931519,-52.689422607421875,-2.7077455520629883,-5.7256269454956055,-45.74030303955078,-0.7582639455795288,-4.025742530822754,-53.898292541503906,-0.13674992322921753,-5.763125419616699,-54.56443405151367,-3.144702672958374,5.182927131652832,-52.32742691040039,-3.032940149307251,-5.7392191886901855,-44.77875518798828,-2.3376336097717285,-5.544583320617676,-47.29667282104492,-1.3758234977722168,-1.988330364227295,-53.23151779174805,-0.1019236147403717,-6.457218647003174,-54.65883255004883,-6.4305033683776855,-0.20318754017353058,-35.504878997802734,-3.3780505657196045,-5.722014427185059,-43.792972564697266,-0.7992230653762817,-5.193637847900391,-53.77048110961914,-4.197123050689697,4.673700332641602,-49.248268127441406,-2.2725346088409424,1.3672624826431274,-52.85672378540039,-0.6323134303092957,-5.582814693450928,-53.47857666015625,-2.8700947761535645,3.3499908447265625,-52.71166229248047,-3.2784440517425537,5.191669464111328,-52.00735092163086,-2.4813263416290283,2.0782618522644043,-52.784122467041016,-0.3032073676586151,-6.172720432281494,-54.834197998046875,-1.7339158058166504,-1.2172449827194214,-53.03377914428711,-0.8852251768112183,-4.7897820472717285,-53.914772033691406,-0.5768688917160034,-5.405478477478027,-54.175262451171875,-6.394574165344238,2.503413438796997,-37.916839599609375,-3.9318535327911377,4.834105968475342,-50.3489990234375,-6.3933868408203125,1.4289140701293945,-36.55128860473633,-1.2730772495269775,-3.781026601791382,-53.62897872924805,-3.1360604763031006,4.127840995788574,-52.316986083984375,-6.187335014343262,-1.9731892347335815,-35.34438705444336,-6.484570026397705,2.013319969177246,-36.98433303833008,-5.025852680206299,-5.445612907409668,-37.84333038330078,-4.661498546600342,-5.5884480476379395,-39.19214630126953,-4.26240873336792,-5.742660045623779,-40.02617645263672,-5.86149787902832,-3.552861213684082,-35.58585739135742,-1.8170493841171265,-5.613714218139648,-49.68458557128906,-2.4520952701568604,-0.39288702607154846,-52.640533447265625,-5.2700958251953125,-5.2824788093566895,-36.830589294433594,-1.5443906784057617,-5.626811504364014,-51.76346206665039,-1.3823628425598145,-5.42099666595459,-52.67238235473633,-5.894304275512695,2.9430816173553467,-40.63579177856445,-4.098551273345947,-5.545562267303467,-41.98131561279297,-4.4731950759887695,4.366443634033203,-48.44131851196289,-1.3623392581939697,-2.967329263687134,-53.4510498046875,-1.8356996774673462,-1.6669960021972656,-53.07033157348633,-6.500965595245361,0.5889915823936462,-36.170867919921875,-4.977053165435791,3.8774795532226562,-45.132808685302734,-1.0062237977981567,-5.485037803649902,-53.876243591308594,-6.219954490661621,2.7738590240478516,-40.085350036621094,-5.759286880493164,3.231085777282715,-43.0735969543457,-6.531778335571289,-0.328437864780426,-36.39494705200195,-1.6958805322647095,-2.5360772609710693,-53.220279693603516,-3.3615338802337646,4.279408931732178,-51.860694885253906,-6.569642543792725,1.9989309310913086,-37.885467529296875,-4.442221641540527,-5.456331729888916,-40.66518783569336,-5.199463844299316,3.5069291591644287,-46.40626907348633,-3.852679491043091,4.726503372192383,-51.2159423828125,-2.1113131046295166,-5.372638702392578,-51.06059265136719,-3.172116756439209,2.605283737182617,-52.321468353271484,-5.957456111907959,-3.7441089153289795,-36.437931060791016,-6.4054036140441895,-1.3479461669921875,-36.171302795410156,-2.5759706497192383,-5.3459296226501465,-49.05778884887695,-2.1952106952667236,-5.4919209480285645,-49.4544677734375,-2.38957142829895,-0.9984535574913025,-52.798404693603516,-6.519266128540039,1.3675163984298706,-37.867767333984375,-6.612558364868164,0.6186240911483765,-37.69911193847656,-2.87874698638916,1.182096004486084,-52.53485870361328,-2.7468039989471436,-5.390839099884033,-48.06727600097656,-6.582785606384277,0.3213783800601959,-37.031654357910156,-6.325427055358887,-2.16082763671875,-36.340579986572266,-6.422814846038818,2.2786014080047607,-39.30652618408203,-3.862074851989746,4.256779670715332,-51.27716064453125,-3.3915207386016846,-5.470626354217529,-45.56961441040039,-3.3547496795654297,-5.321527481079102,-46.32324981689453,-5.041938781738281,3.6857340335845947,-47.49028396606445,-2.9458658695220947,0.08579246699810028,-52.286930084228516,-5.257073402404785,3.3159515857696533,-45.20977020263672,-3.6397993564605713,3.1934242248535156,-51.63947296142578,-1.522998571395874,-4.312932014465332,-53.634944915771484,-5.717874526977539,-4.312335968017578,-37.46609878540039,-4.337108612060547,-5.147838592529297,-42.974388122558594,-3.261254072189331,-5.065662860870361,-47.096153259277344,-2.3939976692199707,-5.283620834350586,-50.40480422973633,-5.328832626342773,-4.855699062347412,-38.786312103271484,-6.155274391174316,2.9700305461883545,-41.3137092590332,-4.572478294372559,3.9539647102355957,-49.69039535522461,-1.9036740064620972,-3.9920098781585693,-53.39937973022461,-1.5391669273376465,-4.636662006378174,-53.27861022949219,-1.5596438646316528,-5.158773899078369,-53.344844818115234,-6.510248184204102,-1.4295859336853027,-37.40605545043945,-2.3220701217651367,-1.891365885734558,-52.88719177246094,-6.588036060333252,0.9914273023605347,-38.55097961425781,-6.241622447967529,-2.81299090385437,-37.131202697753906,-6.327897548675537,1.9652513265609741,-39.94489288330078,-6.571523189544678,-0.4459238052368164,-37.4076042175293,-2.0932912826538086,-3.1349539756774902,-53.11353302001953,-4.00819206237793,-5.229793071746826,-44.72606658935547,-5.035983562469482,-4.953232765197754,-40.281883239746094,-4.9277238845825195,-4.8066020011901855,-41.221946716308594,-1.92861008644104,-5.2841010093688965,-52.240806579589844,-1.6786816120147705,-5.4281535148620605,-52.84214782714844,-5.551130771636963,-4.5239691734313965,-38.640411376953125,-6.007422924041748,3.1332008838653564,-43.330204010009766,-4.418168544769287,3.565014362335205,-50.87330627441406,-6.240151405334473,2.4976134300231934,-42.061805725097656,-4.537522792816162,3.891524314880371,-50.339935302734375,-3.439446449279785,1.9302250146865845,-52.09318542480469,-3.764622926712036,2.331181287765503,-51.694454193115234,-2.612410068511963,-2.941983938217163,-52.7276725769043,-3.4446966648101807,0.9091126322746277,-52.06591796875,-6.193098545074463,1.9251364469528198,-40.85163116455078,-5.0170745849609375,-4.502869129180908,-42.37571716308594,-6.579143047332764,-0.6228767037391663,-38.17713165283203,-5.964814186096191,-3.594618558883667,-38.4428825378418,-6.5199384689331055,0.9742982387542725,-39.68452453613281,-6.364415645599365,1.3619208335876465,-40.84370422363281,-3.7953011989593506,-4.62278413772583,-47.53480911254883,-6.6123948097229,0.24803107976913452,-38.80269241333008,-2.957986354827881,-4.73789644241333,-50.78313446044922,-2.0360496044158936,-4.410278797149658,-52.832557678222656,-5.579446315765381,3.3199563026428223,-45.126705169677734,-3.273790121078491,-0.5471652150154114,-52.19916534423828,-4.307992935180664,2.9136006832122803,-50.88971710205078,-3.298353433609009,-4.863044738769531,-48.6385383605957,-2.587022304534912,-4.9376301765441895,-51.74268341064453,-6.381875991821289,-2.2492194175720215,-38.077781677246094,-5.7617974281311035,-3.9130594730377197,-39.45362854003906,-2.165292263031006,-5.072986602783203,-52.691551208496094,-3.834549903869629,-4.679401397705078,-46.81975555419922,-6.2124152183532715,-2.858480930328369,-38.687862396240234,-5.358982086181641,3.5405678749084473,-47.18534851074219,-6.56863260269165,0.059455543756484985,-39.84084701538086,-6.514810085296631,-1.4523730278015137,-38.41728973388672,-3.1788318157196045,-2.116379976272583,-52.21672058105469,-5.673081874847412,-3.710214614868164,-40.830482482910156,-3.2408030033111572,-4.745121002197266,-49.48097229003906,-3.360966205596924,-1.4599878787994385,-52.073795318603516,-5.848692893981934,2.810265064239502,-44.535400390625,-5.587601661682129,3.04718017578125,-45.84458541870117,-4.969058990478516,3.7607991695404053,-48.87522506713867,-4.348928928375244,2.2062828540802,-50.92568588256836,-6.201751708984375,2.5059306621551514,-43.1801872253418,-3.8565239906311035,0.7625315189361572,-51.623104095458984,-6.489412307739258,0.27496030926704407,-40.61566925048828,-4.732677936553955,-4.667973518371582,-43.860897064208984,-6.587183475494385,-0.8463857769966125,-39.03763961791992,-5.432827949523926,-3.922346830368042,-41.790611267089844,-4.457627296447754,-4.574070453643799,-45.49879837036133,-6.419594764709473,0.8447827100753784,-41.276065826416016,-2.797290086746216,-3.654515504837036,-52.486961364746094,-3.840219259262085,0.18276235461235046,-51.4217529296875,-6.296115875244141,-2.430178642272949,-39.39179992675781,-6.075198173522949,-2.96108341217041,-39.859825134277344,-6.334219455718994,1.1650642156600952,-42.07557678222656,-2.699857473373413,-4.040597915649414,-52.15040588378906,-6.009043216705322,2.1725854873657227,-43.985538482666016,-5.550313949584961,2.449378490447998,-45.55392074584961,-6.448324680328369,-1.7422397136688232,-39.316505432128906,-5.904160499572754,1.5356720685958862,-45.07722091674805,-5.492508411407471,3.0524134635925293,-47.484649658203125,-6.227831840515137,1.6095681190490723,-43.03392791748047,-2.911106586456299,-4.511412143707275,-51.69100570678711,-6.546102523803711,-0.845228910446167,-40.05742645263672,-4.877199649810791,3.261425256729126,-49.81060791015625,-3.770620822906494,-0.9705842733383179,-51.68611526489258,-6.3524169921875,0.7311874032020569,-42.28485870361328,-5.707118511199951,1.902573585510254,-46.108882904052734,-4.424858570098877,1.5221463441848755,-50.77088928222656,-6.074182987213135,-2.692535638809204,-40.859859466552734,-6.402764320373535,-1.4271906614303589,-40.44684982299805,-6.44058084487915,-0.2875819206237793,-41.07362365722656,-3.3961853981018066,-4.292482376098633,-50.56147766113281,-3.1849117279052734,-2.900904893875122,-52.14957809448242,-5.046773433685303,2.85957932472229,-48.81731414794922,-5.553393363952637,2.278939962387085,-47.19171905517578,-6.278234481811523,-2.07246732711792,-40.37518310546875,-5.124462604522705,-4.101869106292725,-43.89704132080078,-4.517814636230469,-3.983940601348877,-46.716468811035156,-6.330652713775635,-0.323878675699234,-42.113651275634766,-6.0205254554748535,-2.471301317214966,-41.98583221435547,-5.605152606964111,-3.4109833240509033,-42.48447799682617,-4.804481506347656,2.414593458175659,-50.023887634277344,-3.757357597351074,-4.39068078994751,-48.734352111816406,-4.149994373321533,-0.3168254494667053,-51.106449127197266,-6.1556782722473145,1.024336814880371,-44.004886627197266,-4.330356121063232,0.7568820714950562,-50.91944885253906,-6.223470211029053,-1.9183149337768555,-41.38075637817383,-6.359615325927734,-0.7813266515731812,-41.842185974121094,-3.4036967754364014,-3.727285385131836,-51.203800201416016,-5.424326419830322,2.542215585708618,-47.626224517822266,-3.328252077102661,-3.264608860015869,-51.80303192138672,-5.834901809692383,1.121333122253418,-45.96284866333008,-6.276485919952393,0.24548357725143433,-43.06122589111328,-6.339914798736572,-1.2454055547714233,-41.345211029052734,-5.201478481292725,2.252458095550537,-48.75232696533203,-3.924511671066284,-3.85648512840271,-49.52839279174805,-5.689702033996582,1.5966076850891113,-46.8645133972168,-4.306125640869141,-3.9392313957214355,-47.87831497192383,-4.016523361206055,-1.0597825050354004,-51.24958038330078,-3.7577130794525146,-1.968894600868225,-51.502811431884766,-5.551815509796143,-3.3490893840789795,-43.50184631347656,-5.005668640136719,-3.379835605621338,-46.29372787475586,-6.189000606536865,-0.7282503843307495,-43.22218322753906,-4.874246597290039,0.9232831597328186,-50.011329650878906,-5.846045970916748,-2.613478660583496,-43.02632141113281,-5.168257713317871,1.126213550567627,-49.23640060424805,-5.294861793518066,-3.6789252758026123,-44.32041931152344,-5.179139614105225,-3.5461370944976807,-45.225460052490234,-4.4203901290893555,-3.55415940284729,-48.46469497680664,-3.7008752822875977,-2.8801729679107666,-51.360267639160156,-6.174048900604248,-0.16090691089630127,-43.700008392333984,-6.140414237976074,-1.5761637687683105,-42.68580627441406,-5.328341960906982,1.628927230834961,-48.61024475097656,-4.666370391845703,0.1047942265868187,-50.328033447265625,-3.897610664367676,-3.3705594539642334,-50.48660659790039,-6.061799049377441,0.4051077365875244,-44.7143440246582,-5.562112331390381,1.2414135932922363,-47.75189971923828,-5.90971565246582,0.19356174767017365,-45.629554748535156,-5.9672369956970215,-1.8832335472106934,-43.663246154785156,-5.7218780517578125,-2.7139570713043213,-43.97766876220703,-4.469244480133057,-1.1664179563522339,-50.49673080444336,-4.228001117706299,-1.9122211933135986,-50.747650146484375,-6.095693111419678,-0.6961688995361328,-44.034358978271484,-4.367563247680664,-3.0913567543029785,-49.378089904785156,-4.893110752105713,-3.1927170753479004,-47.35353088378906,-5.500758171081543,-2.7086031436920166,-45.24120330810547,-4.235706806182861,-2.6449639797210693,-50.36776351928711,-5.699761867523193,0.5585259795188904,-47.09679412841797,-5.590137004852295,0.4138326048851013,-47.73337936401367,-4.875804424285889,-0.2142915427684784,-49.887413024902344,-5.433107852935791,0.5128762722015381,-48.40339279174805,-5.889258861541748,-0.9004650712013245,-45.132164001464844,-5.766381740570068,-1.9049116373062134,-44.8005256652832,-4.9303879737854,-2.2924184799194336,-48.501243591308594,-5.812919616699219,-0.04780184477567673,-46.277713775634766,-5.697030067443848,-1.4352636337280273,-45.85789489746094,-5.296766757965088,-2.539649724960327,-46.7081184387207,-4.734074592590332,-1.98047935962677,-49.48902893066406,-5.269369125366211,-2.104123115539551,-47.41441345214844,-5.262443542480469,-0.15514928102493286,-48.908546447753906,-5.5141496658325195,-1.8984795808792114,-46.422340393066406,-5.693003177642822,-0.6454300880432129,-46.827919006347656,-5.073892116546631,-1.0003889799118042,-49.14472961425781,-5.442106246948242,-0.7391191124916077,-48.000030517578125
