<?xml version="1.0" encoding="UTF-8"?>
<document version="1.2.0">
  <chunk>
    <sensors>
      <sensor id="0" label="NIKON D800 (18 mm)" type="frame">
        <resolution width="2400" height="1600"/>
        <property name="pixel_width" value="0.010000000000000002"/>
        <property name="pixel_height" value="0.010000000000000002"/>
        <property name="focal_length" value="18"/>
        <property name="fixed" value="true"/>
        <calibration type="frame" class="initial">
          <resolution width="2400" height="1600"/>
          <fx>1887.3979937413362</fx>
          <fy>1887.3979937413362</fy>
          <cx>1187.4168448401772</cx>
          <cy>807.75879695084984</cy>
          <k1>-0.092795329656423522</k1>
          <k2>-0.018212785765883647</k2>
          <k3>0.12708723001435238</k3>
          <p1>0.00038491003208536803</p1>
          <p2>-0.0013913651973255447</p2>
        </calibration>
      </sensor>
    </sensors>
    <cameras>
      <camera id="0" label="DSC_0400.JPG" sensor_id="0" enabled="true">
        <transform>9.9564442481459658e-001 -8.4226131895481435e-003 9.2850626937411973e-002 -7.8870651567696604e-001 5.9582906535999354e-002 8.2347624739685898e-001 -5.6421338802079957e-001 4.0479189560863098e+000 -7.1708134715202099e-002 5.6728822441528459e-001 8.2039137846238985e-001 2.9054130982732218e-001 0.0000000000000000e+000 0.0000000000000000e+000 0.0000000000000000e+000 1.0000000000000000e+000</transform>
        <orientation>1</orientation>
      </camera>
      <camera id="1" label="DSC_0403.JPG" sensor_id="0" enabled="true">
        <transform>9.5637595164704692e-001 3.8717866859787259e-002 -2.8956167891665702e-001 2.0037856620188244e+000 -1.8979556440509665e-001 8.3585203217373816e-001 -5.1510098431587470e-001 3.9429739246584750e+000 2.2208710643203983e-001 5.4758771634949954e-001 8.0673726209949170e-001 2.5903922245671279e-001 0.0000000000000000e+000 0.0000000000000000e+000 0.0000000000000000e+000 1.0000000000000000e+000</transform>
        <orientation>1</orientation>
      </camera>
      <camera id="2" label="DSC_0406.JPG" sensor_id="0" enabled="true">
        <transform>8.1679258491163909e-001 8.5004361687560342e-002 -5.7063484973094092e-001 4.2117587996792576e+000 -3.7457335654973678e-001 8.3040756043649999e-001 -4.1245373574858624e-001 3.5074544762895754e+000 4.3879912693216111e-001 5.5063376400652297e-001 7.1011110689777424e-001 6.1667951186486858e-001 0.0000000000000000e+000 0.0000000000000000e+000 0.0000000000000000e+000 1.0000000000000000e+000</transform>
        <orientation>1</orientation>
      </camera>
      <camera id="3" label="DSC_0409.JPG" sensor_id="0" enabled="true">
        <transform>6.1880000892238995e-001 9.8960959817345262e-002 -7.7929023950623166e-001 5.7173617447976968e+000 -5.0018537459257195e-001 8.1457682431246781e-001 -2.9373319243269602e-001 2.6178793125658988e+000 6.0572364986133620e-001 5.7155168246191401e-001 5.5355897090880646e-001 1.5781234262812016e+000 0.0000000000000000e+000 0.0000000000000000e+000 0.0000000000000000e+000 1.0000000000000000e+000</transform>
        <orientation>1</orientation>
      </camera>
      <camera id="4" label="DSC_0412.JPG" sensor_id="0" enabled="true">
        <transform>4.0689957388522169e-001 1.0981511784153056e-001 -9.0684804496976001e-001 6.8762384785661874e+000 -5.6834570090445979e-001 8.0763035253054238e-001 -1.5721443297232693e-001 1.4675090848604315e+000 7.1513348476731498e-001 5.7937367351722380e-001 3.9103739642099955e-001 3.0051784045828600e+000 0.0000000000000000e+000 0.0000000000000000e+000 0.0000000000000000e+000 1.0000000000000000e+000</transform>
        <orientation>1</orientation>
      </camera>
      <camera id="5" label="DSC_0415.JPG" sensor_id="0" enabled="true">
        <transform>1.8954193226148131e-001 1.4580581621092220e-001 -9.7098636441180308e-001 7.6511607410447278e+000 -6.0352418360978555e-001 7.9734238222557730e-001 1.9197148181981927e-003 6.2034202775998148e-001 7.7448848649461910e-001 5.8564988642183502e-001 2.3912715199526380e-001 4.0798351585203410e+000 0.0000000000000000e+000 0.0000000000000000e+000 0.0000000000000000e+000 1.0000000000000000e+000</transform>
        <orientation>1</orientation>
      </camera>
      <camera id="6" label="DSC_0418.JPG" sensor_id="0" enabled="true">
        <transform>-2.1811888656559505e-001 1.2568119636104333e-001 -9.6779563349120457e-001 7.4200950980300648e+000 -5.9464380972954944e-001 7.6921015399644888e-001 2.3391126210400112e-001 -1.2418518689310845e+000 7.7383647553841262e-001 6.2651414658411042e-001 -9.3043716909156998e-002 6.2526062998726468e+000 0.0000000000000000e+000 0.0000000000000000e+000 0.0000000000000000e+000 1.0000000000000000e+000</transform>
        <orientation>1</orientation>
      </camera>
      <camera id="7" label="DSC_0421.JPG" sensor_id="0" enabled="true">
        <transform>-6.3900448491193507e-001 1.3645795577762421e-001 -7.5700230816518954e-001 5.2661575757173225e+000 -4.2117619317438326e-001 7.6143085895279783e-001 4.9278155539502444e-001 -2.7134373143531829e+000 6.4364888142959376e-001 6.3372097435653563e-001 -4.2908489147840656e-001 8.3741777355122728e+000 0.0000000000000000e+000 0.0000000000000000e+000 0.0000000000000000e+000 1.0000000000000000e+000</transform>
        <orientation>1</orientation>
      </camera>
      <camera id="8" label="DSC_0424.JPG" sensor_id="0" enabled="true">
        <transform>-8.1550066068009119e-001 1.0188959513068480e-001 -5.6971675667338406e-001 3.8238821403993604e+000 -3.2840777778138691e-001 7.2909001654415972e-001 6.0047987415760107e-001 -3.5664186380797509e+000 4.7655745081052503e-001 6.7679114812454688e-001 -5.6111205467110725e-001 9.4300843340925269e+000 0.0000000000000000e+000 0.0000000000000000e+000 0.0000000000000000e+000 1.0000000000000000e+000</transform>
        <orientation>1</orientation>
      </camera>
      <camera id="9" label="DSC_0427.JPG" sensor_id="0" enabled="true">
        <transform>-9.2577949169800089e-001 6.8070672551814537e-002 -3.7188535369080444e-001 2.5371531540296046e+000 -2.0990412530291402e-001 7.2557304122956745e-001 6.5535030328954214e-001 -4.3871886789966617e+000 3.1444012296812507e-001 6.8477014054295615e-001 -6.5743232631851189e-001 1.0418413032449870e+001 0.0000000000000000e+000 0.0000000000000000e+000 0.0000000000000000e+000 1.0000000000000000e+000</transform>
        <orientation>1</orientation>
      </camera>
      <camera id="10" label="DSC_0430.JPG" sensor_id="0" enabled="true">
        <transform>-9.8634285894411167e-001 3.9622771923986472e-002 -1.5986807234409309e-001 6.7083524300143060e-001 -8.4433448780510956e-002 7.1175270089021769e-001 6.9733713905291850e-001 -4.2237839474261101e+000 1.4141696269183998e-001 7.0131172007926701e-001 -6.9868670657346466e-001 1.0183737031112441e+001 0.0000000000000000e+000 0.0000000000000000e+000 0.0000000000000000e+000 1.0000000000000000e+000</transform>
        <orientation>1</orientation>
      </camera>
      <camera id="11" label="DSC_0433.JPG" sensor_id="0" enabled="true">
        <transform>-9.8121144742811206e-001 3.4168755035724328e-002 1.8988573304842607e-001 -1.7929946303546300e+000 1.5758227884286777e-001 7.0978531254881150e-001 6.8656582749556883e-001 -4.1689533939779340e+000 -1.1131900480474180e-001 7.0358887588512586e-001 -7.0183386417298721e-001 1.0174188066236567e+001 0.0000000000000000e+000 0.0000000000000000e+000 0.0000000000000000e+000 1.0000000000000000e+000</transform>
        <orientation>1</orientation>
      </camera>
      <camera id="12" label="DSC_0436.JPG" sensor_id="0" enabled="true">
        <transform>-9.0648509661462029e-001 1.7222174229822196e-002 4.2188643771799539e-001 -3.8548435813554045e+000 3.1124708690220193e-001 7.0243565482126114e-001 6.4008546439574732e-001 -3.8028102754494135e+000 -2.8532441274884901e-001 7.1153885877766643e-001 -6.4210780398535905e-001 9.7916433500438718e+000 0.0000000000000000e+000 0.0000000000000000e+000 0.0000000000000000e+000 1.0000000000000000e+000</transform>
        <orientation>1</orientation>
      </camera>
      <camera id="13" label="DSC_0439.JPG" sensor_id="0" enabled="true">
        <transform>-7.2261631889853573e-001 5.1284961693187914e-003 6.9123031920523503e-001 -6.3903293681430258e+000 4.8439109279644965e-001 7.1714682211845937e-001 5.0106457143252092e-001 -3.2037158788989131e+000 -4.9314391903478960e-001 6.9690324583290308e-001 -5.2070619457288303e-001 9.2892314321402019e+000 0.0000000000000000e+000 0.0000000000000000e+000 0.0000000000000000e+000 1.0000000000000000e+000</transform>
        <orientation>1</orientation>
      </camera>
      <camera id="14" label="DSC_0442.JPG" sensor_id="0" enabled="true">
        <transform>-3.8824173017268737e-001 -4.4519640836012064e-002 9.2048159163144094e-001 -7.6790462197656124e+000 6.1448339674865426e-001 7.3187143519612929e-001 2.9457487581970465e-001 -1.9785983208690900e+000 -6.8678855120972593e-001 6.7998691452394211e-001 -2.5678645214157014e-001 7.8786515512000275e+000 0.0000000000000000e+000 0.0000000000000000e+000 0.0000000000000000e+000 1.0000000000000000e+000</transform>
        <orientation>1</orientation>
      </camera>
      <camera id="15" label="DSC_0445.JPG" sensor_id="0" enabled="true">
        <transform>-4.4637416132761273e-002 -6.9560196846350730e-002 9.9657858701443491e-001 -8.3725916185446394e+000 6.4591508354900773e-001 7.5900243020272606e-001 8.1908581908334943e-002 -2.5968625626984060e-001 -7.6210314651290412e-001 6.4736132875006747e-001 1.1050073034959890e-002 5.8548942247882678e+000 0.0000000000000000e+000 0.0000000000000000e+000 0.0000000000000000e+000 1.0000000000000000e+000</transform>
        <orientation>1</orientation>
      </camera>
      <camera id="16" label="DSC_0448.JPG" sensor_id="0" enabled="true">
        <transform>1.7318414583877312e-001 -6.7740035326050441e-002 9.8255714299175489e-001 -7.7671465722946582e+000 6.3115310230935584e-001 7.7349278304110547e-001 -5.7919565162395437e-002 6.7762733368800110e-001 -7.5607738563943994e-001 6.3017473941546598e-001 1.7671102039001146e-001 4.6299585864417621e+000 0.0000000000000000e+000 0.0000000000000000e+000 0.0000000000000000e+000 1.0000000000000000e+000</transform>
        <orientation>1</orientation>
      </camera>
      <camera id="17" label="DSC_0451.JPG" sensor_id="0" enabled="true">
        <transform>4.5540357815504373e-001 -5.4522340984158868e-002 8.8861403057637467e-001 -7.1012611277141984e+000 5.6589907509344617e-001 7.8826587442293183e-001 -2.4165088046318645e-001 2.0694102672271444e+000 -6.8728874413303565e-001 6.1291453364548154e-001 3.8983324208458248e-001 2.9672993418977289e+000 0.0000000000000000e+000 0.0000000000000000e+000 0.0000000000000000e+000 1.0000000000000000e+000</transform>
        <orientation>1</orientation>
      </camera>
      <camera id="18" label="DSC_0454.JPG" sensor_id="0" enabled="true">
        <transform>6.8038271794090166e-001 -2.8091876161472934e-002 7.3231837585921600e-001 -5.7712811972304427e+000 4.4779518878641489e-001 8.0696403580489662e-001 -3.8508247664261819e-001 2.8320844847786972e+000 -5.8013690283164232e-001 5.8993210745915670e-001 5.6162379095058601e-001 1.9484802215891368e+000 0.0000000000000000e+000 0.0000000000000000e+000 0.0000000000000000e+000 1.0000000000000000e+000</transform>
        <orientation>1</orientation>
      </camera>
      <camera id="19" label="DSC_0457.JPG" sensor_id="0" enabled="true">
        <transform>8.3963869282631720e-001 -4.5513157039899083e-002 5.4123508574848966e-001 -4.3022561233610341e+000 3.5184457205810471e-001 8.0471616270919510e-001 -4.7816032310077494e-001 3.4689305882102870e+000 -4.1377803545157232e-001 5.9191253577775305e-001 6.9168438421507517e-001 1.1120439337984191e+000 0.0000000000000000e+000 0.0000000000000000e+000 0.0000000000000000e+000 1.0000000000000000e+000</transform>
        <orientation>1</orientation>
      </camera>
      <camera id="20" label="DSC_0460.JPG" sensor_id="0" enabled="true">
        <transform>9.5663344591221233e-001 -3.1174980561589141e-002 2.8962142660568274e-001 -2.6188336935322920e+000 1.9226309374162948e-001 8.1449909022968714e-001 -5.4738116043567808e-001 3.9818959262855129e+000 -2.1883179144499035e-001 5.7932663722808109e-001 7.8517086958889393e-001 4.2368862925212142e-001 0.0000000000000000e+000 0.0000000000000000e+000 0.0000000000000000e+000 1.0000000000000000e+000</transform>
        <orientation>1</orientation>
      </camera>
      <camera id="21" label="DSC_0463.JPG" sensor_id="0" enabled="true">
        <transform>9.8210759144278970e-001 -4.7779412529485449e-003 1.8826005977855684e-001 -1.5496094852655333e+000 1.1210261854547583e-001 8.1809596676582208e-001 -5.6404963618173054e-001 3.9796689395826550e+000 -1.5131979958250660e-001 5.7506187531332531e-001 8.0399387921515397e-001 3.9673898056149071e-001 0.0000000000000000e+000 0.0000000000000000e+000 0.0000000000000000e+000 1.0000000000000000e+000</transform>
        <orientation>1</orientation>
      </camera>
      <camera id="22" label="DSC_0487.JPG" sensor_id="0" enabled="true">
        <transform>-7.0635160618544379e-001 -4.1844056705791682e-001 -5.7094211640015913e-001 3.0854876491752687e+000 -3.5018075116872233e-001 9.0752492627574632e-001 -2.3188779549409377e-001 2.2359013466829873e+000 6.1517546273413171e-001 3.6138622392812944e-002 -7.8756152142000724e-001 1.0365918543967533e+001 0.0000000000000000e+000 0.0000000000000000e+000 0.0000000000000000e+000 1.0000000000000000e+000</transform>
        <orientation>1</orientation>
      </camera>
      <camera id="23" label="DSC_0490.JPG" sensor_id="0" enabled="true">
        <transform>-9.6011743179946996e-001 -1.5236631595188199e-001 -2.3443340828056389e-001 9.7377279723711929e-001 -1.2547499844415050e-001 9.8409892424434309e-001 -1.2571925893261879e-001 1.4943801943897612e+000 2.4986104522360167e-001 -9.1289720474857866e-002 -9.6396869503910332e-001 1.1379799356034587e+001 0.0000000000000000e+000 0.0000000000000000e+000 0.0000000000000000e+000 1.0000000000000000e+000</transform>
        <orientation>1</orientation>
      </camera>
      <camera id="24" label="DSC_0493.JPG" sensor_id="0" enabled="true">
        <transform>-9.6090071883505523e-001 2.1570518092428120e-001 1.7361187593219890e-001 -1.2816084794712173e+000 1.9502080383685971e-001 9.7232196604893306e-001 -1.2867354199509493e-001 1.5617741279121853e+000 -1.9656219019205906e-001 -8.9784571398216800e-002 -9.7637187389116209e-001 1.1565422156354227e+001 0.0000000000000000e+000 0.0000000000000000e+000 0.0000000000000000e+000 1.0000000000000000e+000</transform>
        <orientation>1</orientation>
      </camera>
      <camera id="25" label="DSC_0496.JPG" sensor_id="0" enabled="true">
        <transform>-6.9229904586613467e-001 5.1479110828669716e-001 5.0567988483011039e-001 -3.5002044572472948e+000 4.6651115997620840e-001 8.5391887711677450e-001 -2.3062933230896662e-001 2.2586902677377378e+000 -5.5053552901742153e-001 7.6240842942488979e-002 -8.3132302094728894e-001 1.1293969527720263e+001 0.0000000000000000e+000 0.0000000000000000e+000 0.0000000000000000e+000 1.0000000000000000e+000</transform>
        <orientation>1</orientation>
      </camera>
      <camera id="26" label="DSC_0499.JPG" sensor_id="0" enabled="true">
        <transform>-2.3270069146788114e-001 6.7084507856897790e-001 7.0414293204586798e-001 -4.8532324010675580e+000 6.2061186129332424e-001 6.5987049975111778e-001 -4.2357034974162860e-001 3.7589742967010746e+000 -7.4879323301723655e-001 3.3843434240335563e-001 -5.6988673442150117e-001 9.5927588117429305e+000 0.0000000000000000e+000 0.0000000000000000e+000 0.0000000000000000e+000 1.0000000000000000e+000</transform>
        <orientation>1</orientation>
      </camera>
      <camera id="27" label="DSC_0502.JPG" sensor_id="0" enabled="true">
        <transform>1.8074792815604507e-001 6.9621601004210387e-001 6.9470386052500810e-001 -4.8359417844512658e+000 6.1844404818331433e-001 4.6877132017760120e-001 -6.3069834996262875e-001 4.7702460185745368e+000 -7.6475953458190438e-001 5.4363288783884423e-001 -3.4584120275939839e-001 8.2879939272123071e+000 0.0000000000000000e+000 0.0000000000000000e+000 0.0000000000000000e+000 1.0000000000000000e+000</transform>
        <orientation>1</orientation>
      </camera>
      <camera id="28" label="DSC_0505.JPG" sensor_id="0" enabled="true">
        <transform>5.9023484082568412e-001 5.7736784493198523e-001 5.6415352902740445e-001 -3.5597044113393221e+000 5.3945884476305239e-001 2.3777429793564353e-001 -8.0774224728444466e-001 5.7203061901719909e+000 -6.0050560986754520e-001 7.8109522779223717e-001 -1.7112351573585852e-001 7.0373482271157659e+000 0.0000000000000000e+000 0.0000000000000000e+000 0.0000000000000000e+000 1.0000000000000000e+000</transform>
        <orientation>1</orientation>
      </camera>
      <camera id="29" label="DSC_0508.JPG" sensor_id="0" enabled="true">
        <transform>9.5819610352249718e-001 2.2241014040470694e-001 1.7998321210452595e-001 -1.4225458013939212e+000 1.7597452640075970e-001 3.7881299768934312e-002 -9.8366557995379955e-001 6.2141381192417304e+000 -2.2559519775990922e-001 9.7421698639110932e-001 -2.8408052894842470e-003 6.1494842323873442e+000 0.0000000000000000e+000 0.0000000000000000e+000 0.0000000000000000e+000 1.0000000000000000e+000</transform>
        <orientation>1</orientation>
      </camera>
      <camera id="30" label="DSC_0511.JPG" sensor_id="0" enabled="true">
        <transform>9.8591067353257233e-001 -8.7898424944036269e-002 -1.4231658619748805e-001 4.1851056313427482e-001 -1.3694205977740934e-001 6.4444166497055158e-002 -9.8848056210955426e-001 6.3753054031438152e+000 9.6057358273428886e-002 9.9404266321765955e-001 5.1499200233330544e-002 5.6856477496079396e+000 0.0000000000000000e+000 0.0000000000000000e+000 0.0000000000000000e+000 1.0000000000000000e+000</transform>
        <orientation>1</orientation>
      </camera>
      <camera id="31" label="DSC_0514.JPG" sensor_id="0" enabled="true">
        <transform>8.0029034967721857e-001 -3.8602481559256185e-001 -4.5882480094284783e-001 2.3017928418451508e+000 -4.2135896744445378e-001 1.8236257753297805e-001 -8.8836958011273248e-001 6.2040296889298627e+000 4.2660517667705244e-001 9.0428354627420782e-001 -1.6712006764111671e-002 6.0057997712047255e+000 0.0000000000000000e+000 0.0000000000000000e+000 0.0000000000000000e+000 1.0000000000000000e+000</transform>
        <orientation>1</orientation>
      </camera>
      <camera id="32" label="DSC_0517.JPG" sensor_id="0" enabled="true">
        <transform>5.2026855836813102e-001 -5.3858050608650276e-001 -6.6276063977664923e-001 4.0112592903911377e+000 -5.8148493075749452e-001 3.4496779338752059e-001 -7.3679881706426276e-001 5.3637578289104910e+000 6.2545655522625920e-001 7.6871858309068575e-001 -1.3370055173988582e-001 6.9795582796063087e+000 0.0000000000000000e+000 0.0000000000000000e+000 0.0000000000000000e+000 1.0000000000000000e+000</transform>
        <orientation>1</orientation>
      </camera>
      <camera id="33" label="DSC_0520.JPG" sensor_id="0" enabled="true">
        <transform>-2.1290609204973537e-001 -6.5123652575750779e-001 -7.2839685851011193e-001 4.4088622657223135e+000 -6.0557715638710852e-001 6.7298864173068007e-001 -4.2469117693165803e-001 3.4766892887489580e+000 7.6677721903445506e-001 3.5068115948933476e-001 -5.3765734510839036e-001 9.1511798274303384e+000 0.0000000000000000e+000 0.0000000000000000e+000 0.0000000000000000e+000 1.0000000000000000e+000</transform>
        <orientation>1</orientation>
      </camera>
      <camera id="34" label="DSC_0523.JPG" sensor_id="0" enabled="true">
        <transform>9.0752057665388741e-002 -6.7939426298796746e-001 -7.2813975269074194e-001 4.5688652661860791e+000 -6.6974881967625643e-001 4.9947391469780311e-001 -5.4951098904272455e-001 4.2293386948590213e+000 7.3702142612800581e-001 5.3753999288935561e-001 -4.0969522022199872e-001 8.6247101956789951e+000 0.0000000000000000e+000 0.0000000000000000e+000 0.0000000000000000e+000 1.0000000000000000e+000</transform>
        <orientation>1</orientation>
      </camera>
      <camera id="35" label="DSC_0526.JPG" sensor_id="0" enabled="true">
        <transform>-7.8985604128013998e-001 -3.5868905129252454e-001 -4.9746316299414034e-001 2.1442416043549191e+000 -2.1717888194130824e-001 9.2216097353413296e-001 -3.2008197720162823e-001 2.6096380457531057e+000 5.7355101542233300e-001 -1.4478018985154392e-001 -8.0627410310300918e-001 1.0522259107916158e+001 0.0000000000000000e+000 0.0000000000000000e+000 0.0000000000000000e+000 1.0000000000000000e+000</transform>
        <orientation>1</orientation>
      </camera>
      <camera id="36" label="DSC_0529.JPG" sensor_id="0" enabled="true">
        <transform>-9.8081478288976542e-001 -9.3800421935778713e-002 -1.7089131782970193e-001 6.1602375943560672e-001 -6.3991312513871093e-002 9.8296920327102166e-001 -1.7226914216854217e-001 1.8170579586981759e+000 1.8413982075492094e-001 -1.5802856154949707e-001 -9.7011313780761799e-001 1.1225075599373801e+001 0.0000000000000000e+000 0.0000000000000000e+000 0.0000000000000000e+000 1.0000000000000000e+000</transform>
        <orientation>1</orientation>
      </camera>
      <camera id="37" label="DSC_0532.JPG" sensor_id="0" enabled="true">
        <transform>-9.2697978789780877e-001 3.5023356018531326e-001 1.3433140417956702e-001 -1.2688150285338353e+000 3.1825039014484191e-001 9.2386423734321621e-001 -2.1258306642555871e-001 2.3648512121477032e+000 -1.9855770446293336e-001 -1.5430918403697855e-001 -9.6786544194957824e-001 1.1208458997296665e+001 0.0000000000000000e+000 0.0000000000000000e+000 0.0000000000000000e+000 1.0000000000000000e+000</transform>
        <orientation>1</orientation>
      </camera>
      <camera id="38" label="DSC_0535.JPG" sensor_id="0" enabled="true">
        <transform>9.9999805118910046e-001 1.3303988074578382e-003 1.4586490374316487e-003 -3.3512473670174970e-003 -1.3267070636481832e-003 9.9999592202906062e-001 -2.5289866777425171e-003 -2.9643338748742885e-003 -1.4620076499634086e-003 2.5270465492443703e-003 9.9999573827560351e-001 -1.0602722809737368e-003 0.0000000000000000e+000 0.0000000000000000e+000 0.0000000000000000e+000 1.0000000000000000e+000</transform>
        <orientation>1</orientation>
      </camera>
      <camera id="39" label="DSC_0538.JPG" sensor_id="0" enabled="true">
        <transform>9.7192453653670963e-001 1.3645835144973470e-001 -1.9168154214092425e-001 9.5421652408907276e-001 -1.3863618236361927e-001 9.9034121986569090e-001 2.0681331138318552e-003 1.2710345266430628e-001 1.9011234630487189e-001 2.4563927913831711e-002 9.8145499602778552e-001 -2.1114617989383042e-001 0.0000000000000000e+000 0.0000000000000000e+000 0.0000000000000000e+000 1.0000000000000000e+000</transform>
        <orientation>1</orientation>
      </camera>
      <camera id="40" label="DSC_0541.JPG" sensor_id="0" enabled="true">
        <transform>8.5277465767621230e-001 3.1974076887865888e-001 -4.1296637144215875e-001 2.4004557768200168e+000 -3.3196177793952297e-001 9.4226370942695759e-001 4.4050878358789201e-002 -2.0452991453630626e-001 4.0320808673989883e-001 9.9523578180419486e-002 9.0968032636400142e-001 -1.0163240393259519e-001 0.0000000000000000e+000 0.0000000000000000e+000 0.0000000000000000e+000 1.0000000000000000e+000</transform>
        <orientation>1</orientation>
      </camera>
      <camera id="41" label="DSC_0547.JPG" sensor_id="0" enabled="true">
        <transform>5.2784809803196120e-001 5.3407306206155047e-001 -6.6041074323805515e-001 4.3955655715533988e+000 -5.7228643636687415e-001 7.9819319093667973e-001 1.8808472743108345e-001 -1.0537651107459662e+000 6.2758634478017827e-001 2.7866394514274812e-001 7.2696752714473756e-001 5.6349529455041636e-001 0.0000000000000000e+000 0.0000000000000000e+000 0.0000000000000000e+000 1.0000000000000000e+000</transform>
        <orientation>1</orientation>
      </camera>
      <camera id="42" label="DSC_0550.JPG" sensor_id="0" enabled="true">
        <transform>1.9566746939274368e-001 5.9265710945713379e-001 -7.8132694311111173e-001 5.0494503892551812e+000 -6.1531307401453716e-001 6.9457744192346360e-001 3.7276265654949692e-001 -2.3001508640064832e+000 7.6361250799618274e-001 4.0782315748492304e-001 5.0057587821508853e-001 2.1325087562090470e+000 0.0000000000000000e+000 0.0000000000000000e+000 0.0000000000000000e+000 1.0000000000000000e+000</transform>
        <orientation>1</orientation>
      </camera>
      <camera id="43" label="DSC_0553.JPG" sensor_id="0" enabled="true">
        <transform>-2.1963183748655218e-001 5.7208953361587811e-001 -7.9023757281557283e-001 4.9377002941698009e+000 -6.3463000683341442e-001 5.3142043570130826e-001 5.6110344406860657e-001 -3.5645198101812650e+000 7.4094980288066825e-001 6.2474465667678880e-001 2.4634833785698698e-001 3.8122370468951323e+000 0.0000000000000000e+000 0.0000000000000000e+000 0.0000000000000000e+000 1.0000000000000000e+000</transform>
        <orientation>1</orientation>
      </camera>
      <camera id="44" label="DSC_0556.JPG" sensor_id="0" enabled="true">
        <transform>-4.3623077928101744e-001 5.3834915245011061e-001 -7.2102905438277864e-001 4.4527054552879486e+000 -6.0615902704730618e-001 4.1639697400366005e-001 6.7763175395612818e-001 -4.3753893546172140e+000 6.6503679682927275e-001 7.3266209817134886e-001 1.4468002200102692e-001 4.5118449698780836e+000 0.0000000000000000e+000 0.0000000000000000e+000 0.0000000000000000e+000 1.0000000000000000e+000</transform>
        <orientation>1</orientation>
      </camera>
      <camera id="45" label="DSC_0559.JPG" sensor_id="0" enabled="true">
        <transform>-8.7540574484516076e-001 2.9724315774117044e-001 -3.8119717610201032e-001 1.8412093005793801e+000 -3.2597638508779631e-001 2.1929567797196103e-001 9.1959164958578810e-001 -5.0287997336596852e+000 3.5693721892957897e-001 9.2927709043044615e-001 -9.5078446263820782e-002 5.8318454937155000e+000 0.0000000000000000e+000 0.0000000000000000e+000 0.0000000000000000e+000 1.0000000000000000e+000</transform>
        <orientation>1</orientation>
      </camera>
      <camera id="46" label="DSC_0562.JPG" sensor_id="0" enabled="true">
        <transform>-9.8740043514990106e-001 5.9428315011237146e-002 -1.4665829686966636e-001 -1.2051221629203372e-001 -1.3690984823256219e-001 1.4389583287244889e-001 9.8007636576895452e-001 -5.1646319523414688e+000 7.9347804775701358e-002 9.8780679520687131e-001 -1.3394648640560758e-001 6.1287775418540251e+000 0.0000000000000000e+000 0.0000000000000000e+000 0.0000000000000000e+000 1.0000000000000000e+000</transform>
        <orientation>1</orientation>
      </camera>
      <camera id="47" label="DSC_0565.JPG" sensor_id="0" enabled="true">
        <transform>-7.7020267999383851e-001 -3.9292711846293610e-001 5.0239039730743507e-001 -3.4385489048765363e+000 4.1591316306380327e-001 2.8774957336444917e-001 8.6267979217021118e-001 -5.0568127971767600e+000 -4.8353290738125654e-001 8.7338906714304043e-001 -5.8201931878917534e-002 5.7430843591563630e+000 0.0000000000000000e+000 0.0000000000000000e+000 0.0000000000000000e+000 1.0000000000000000e+000</transform>
        <orientation>1</orientation>
      </camera>
      <camera id="48" label="DSC_0568.JPG" sensor_id="0" enabled="true">
        <transform>-9.0409838365609663e-001 -2.5377463639443110e-001 3.4380888091104900e-001 -2.6873262132289746e+000 2.8418944436584748e-001 2.4377763977172717e-001 9.2725876758235992e-001 -5.2612298034888463e+000 -3.1912767410781606e-001 9.3604000783631058e-001 -1.4827889717803844e-001 6.0999655342239087e+000 0.0000000000000000e+000 0.0000000000000000e+000 0.0000000000000000e+000 1.0000000000000000e+000</transform>
        <orientation>1</orientation>
      </camera>
      <camera id="49" label="DSC_0571.JPG" sensor_id="0" enabled="true">
        <transform>-6.5432128517595578e-001 -4.5595636750006363e-001 6.0329714627356923e-001 -4.3254858230818192e+000 4.8081227113889180e-001 3.6492344623620587e-001 7.9727688936112517e-001 -4.7953777622822349e+000 -5.8368074808746795e-001 8.1174790995926671e-001 -1.9547761734168279e-002 5.4809240763083027e+000 0.0000000000000000e+000 0.0000000000000000e+000 0.0000000000000000e+000 1.0000000000000000e+000</transform>
        <orientation>1</orientation>
      </camera>
      <camera id="50" label="DSC_0574.JPG" sensor_id="0" enabled="true">
        <orientation>1</orientation>
      </camera>
      <camera id="51" label="DSC_0577.JPG" sensor_id="0" enabled="true">
        <transform>-2.3596364867868766e-001 -5.6101080628772193e-001 7.9346583526364955e-001 -5.7981014824990176e+000 5.7749371429648533e-001 5.7574328581551781e-001 5.7880970861449810e-001 -3.6693871059451801e+000 -7.8155112849402897e-001 5.9479958310909309e-001 1.8812572786027637e-001 4.2658041601231016e+000 0.0000000000000000e+000 0.0000000000000000e+000 0.0000000000000000e+000 1.0000000000000000e+000</transform>
        <orientation>1</orientation>
      </camera>
      <camera id="52" label="DSC_0580.JPG" sensor_id="0" enabled="true">
        <transform>3.5307921557136612e-001 -5.2424307569757256e-001 7.7492210261074512e-001 -5.5122178319943211e+000 5.7028534586637714e-001 7.7720450294230337e-001 2.6594695880245356e-001 -1.6043307221344214e+000 -7.4169379923360257e-001 3.4802637570930817e-001 5.7338289997964531e-001 1.8159211993892757e+000 0.0000000000000000e+000 0.0000000000000000e+000 0.0000000000000000e+000 1.0000000000000000e+000</transform>
        <orientation>1</orientation>
      </camera>
      <camera id="53" label="DSC_0583.JPG" sensor_id="0" enabled="true">
        <transform>6.7102570384854232e-001 -4.1574153528243385e-001 6.1390836499885981e-001 -4.3159936076336454e+000 4.4105001990511061e-001 8.8939456797811212e-001 1.2021723001603651e-001 -6.7584964994705221e-001 -5.9598606084057859e-001 1.9009544521642791e-001 7.8016942838828163e-001 6.0012245458150315e-001 0.0000000000000000e+000 0.0000000000000000e+000 0.0000000000000000e+000 1.0000000000000000e+000</transform>
        <orientation>1</orientation>
      </camera>
      <camera id="54" label="DSC_0586.JPG" sensor_id="0" enabled="true">
        <transform>4.5301067169554249e-001 -4.5911010651492351e-001 7.6419843066170268e-001 -5.1411290271728562e+000 4.5599843638483012e-001 8.5590917490083362e-001 2.4389528559438009e-001 -1.0481912385901424e+000 -7.6605923879589333e-001 2.3798612231899105e-001 5.9708948093148206e-001 1.3588800755291373e+000 0.0000000000000000e+000 0.0000000000000000e+000 0.0000000000000000e+000 1.0000000000000000e+000</transform>
        <orientation>1</orientation>
      </camera>
    </cameras>
    <reference>LOCAL_CS["Local Coordinates (m)",LOCAL_DATUM["Local Datum",0],UNIT["metre",1,AUTHORITY["EPSG","9001"]]]</reference>
    <region>
      <center>-3.2177239782591116e-001 4.2076540978959143e-001 5.6714573002776723e+000</center>
      <size>7.8173680444558471e+000 4.7403708358605705e+000 3.2277165551980342e+000</size>
      <R>-1.2937239415987420e-003 -7.0181136268147659e-001 -7.1236166200149476e-001 9.5961242121419166e-001 1.9953238992199085e-001 -1.9832001014384740e-001 2.8132246147401746e-001 -6.8384767059864104e-001 6.7320876114843642e-001</R>
    </region>
    <settings>
      <property name="accuracy_tiepoints" value="1"/>
      <property name="accuracy_cameras" value="10"/>
      <property name="accuracy_cameras_ypr" value="2"/>
      <property name="accuracy_markers" value="0.0050000000000000001"/>
      <property name="accuracy_scalebars" value="0.001"/>
      <property name="accuracy_projections" value="0.10000000000000001"/>
    </settings>
  </chunk>
</document>
