/home/arvardaz/SFT_with_CNN/output1/1488972736.6113582_1287.png,-0.5015127062797546,-0.11786495894193649,-7.2617316246032715,-0.3307979702949524,-0.30516576766967773,-7.420742988586426,-0.1632011979818344,-0.08329920470714569,-7.197363376617432,-0.5685169100761414,-0.24917568266391754,-7.413642883300781,-0.11537346988916397,-0.28670617938041687,-7.390874862670898,0.01802820898592472,-0.41536399722099304,-7.513202667236328,-0.2069118469953537,-0.48464179039001465,-7.600722789764404,0.020414214581251144,-0.5418081283569336,-7.656955718994141,0.04060743749141693,-0.2857081890106201,-7.391143798828125,-0.39598333835601807,0.021956568583846092,-7.123948097229004,-0.41815266013145447,-0.45047467947006226,-7.5985493659973145,-0.2868010699748993,0.17264141142368317,-7.011793613433838,0.120787113904953,-0.49082151055336,-7.610494613647461,0.14129358530044556,-0.043129630386829376,-7.2086639404296875,-0.5907042622566223,0.0534823015332222,-7.1305084228515625,-0.612978458404541,-0.45679450035095215,-7.675039291381836,-0.1921321600675583,-0.6255283951759338,-7.774375915527344,-0.018872743472456932,0.1069488450884819,-7.075400352478027,0.32173582911491394,-0.29877668619155884,-7.446667194366455,0.21005885303020477,-0.2723419666290283,-7.402339935302734,0.2571776211261749,-0.1532197743654251,-7.310197353363037,-0.8341833353042603,-0.03881599009037018,-7.294002532958984,-0.3555886447429657,-0.6426905989646912,-7.823863506317139,0.3779318928718567,-0.4175008237361908,-7.575843334197998,-0.782008945941925,0.1846955418586731,-7.075407028198242,-0.8189417719841003,-0.3302294611930847,-7.614404678344727,-0.5192596316337585,0.23967881500720978,-6.9795122146606445,0.14113077521324158,-0.659075140953064,-7.839759349822998,0.23814207315444946,-0.6289110779762268,-7.806975841522217,0.3606530725955963,-0.5702927112579346,-7.751962184906006,-0.24483400583267212,0.3223017752170563,-6.917211055755615,-0.10492385923862457,-0.725379228591919,-7.923040390014648,-0.9986452460289001,-0.07244609296321869,-7.415651798248291,-0.52391117811203,-0.6507871150970459,-7.8838934898376465,0.19303955137729645,0.11171010881662369,-7.1199116706848145,-0.005988387390971184,0.282534122467041,-6.970523834228516,0.07337111979722977,-0.7198781967163086,-7.943363189697266,0.47763893008232117,-0.33729827404022217,-7.530231952667236,-0.7162878513336182,0.43312567472457886,-6.859482288360596,0.431353360414505,-0.15116634964942932,-7.352251052856445,0.48369812965393066,-0.04340825229883194,-7.29135799407959,-0.8055423498153687,-0.4527456760406494,-7.7758307456970215,-0.14750894904136658,-0.8160246014595032,-8.07275676727295,-0.372959703207016,-0.7789230942726135,-8.02759838104248,-0.5200110673904419,0.5378825664520264,-6.780092716217041,0.5184287428855896,-0.24985510110855103,-7.4607110023498535,0.02666061371564865,-0.7852575182914734,-8.02703857421875,0.2951187491416931,-0.6501246094703674,-7.8907151222229,-1.0662915706634521,0.2894316017627716,-7.057858467102051,-0.9580848813056946,0.4404432475566864,-6.88756799697876,0.47795534133911133,-0.4581262469291687,-7.666197776794434,-1.023179531097412,-0.13317729532718658,-7.523581027984619,-0.051136016845703125,0.5038440823554993,-6.853723049163818,-0.7373194098472595,-0.5713909864425659,-7.892714023590088,-0.5678146481513977,-0.7179097533226013,-8.017263412475586,-0.8562207221984863,0.5950809717178345,-6.742946624755859,0.3629097640514374,0.13530750572681427,-7.153946399688721,-1.1341323852539062,0.11329174041748047,-7.284544944763184,-0.25703760981559753,0.4890623092651367,-6.829250335693359,0.2040519118309021,-0.7246642112731934,-7.953127384185791,0.18881188333034515,0.34666720032691956,-6.985802173614502,0.5940338373184204,-0.5422372817993164,-7.819982051849365,0.565253496170044,-0.4307680130004883,-7.646130561828613,-0.6861754655838013,0.7248172760009766,-6.646236896514893,-0.2567390203475952,-0.8953152894973755,-8.203889846801758,-0.5480247139930725,-0.8182539343833923,-8.143817901611328,0.36180204153060913,-0.6633152365684509,-7.918520927429199,-0.4176979064941406,0.7272517681121826,-6.676353931427002,-1.334280252456665,0.27550095319747925,-7.190646171569824,-1.2384260892868042,0.4829351007938385,-6.9197998046875,-1.1098538637161255,0.7240440845489502,-6.673300266265869,-0.8969659805297852,0.8220440149307251,-6.582149028778076,0.673745334148407,-0.2780180275440216,-7.536500453948975,0.6641573905944824,-0.14182624220848083,-7.433684825897217,0.3242279589176178,0.31967055797576904,-7.042220115661621,-0.313078910112381,-0.9742115139961243,-8.318208694458008,0.6215293407440186,-0.47549909353256226,-7.737975120544434,-1.3284657001495361,0.7513909935951233,-6.699124813079834,-0.009121210314333439,-0.8753424286842346,-8.204197883605957,-0.19623532891273499,0.6837050914764404,-6.746112823486328,0.19011686742305756,-0.7880744934082031,-8.112809181213379,0.2972669005393982,-0.761727511882782,-8.107889175415039,-0.7780389785766602,-0.6567668318748474,-8.06329345703125,0.4337034523487091,-0.7017384767532349,-8.081717491149902,0.828048050403595,-0.20092368125915527,-7.51855993270874,0.8195746541023254,-0.3615383505821228,-7.6500067710876465,-1.4446570873260498,0.5598493218421936,-6.923550128936768,-1.0209940671920776,-0.24286015331745148,-7.655314922332764,-0.6121819615364075,-0.8540495038032532,-8.261470794677734,-1.0651394128799438,1.0734786987304688,-6.434556484222412,0.16475388407707214,0.6125612854957581,-6.876418590545654,0.7847270369529724,-0.04393107444047928,-7.408160209655762,0.5847951173782349,0.07800440490245819,-7.256730556488037,0.7848652601242065,-0.43486592173576355,-7.752252578735352,-1.2285658121109009,0.00016669114120304585,-7.487049579620361,0.5806261301040649,-0.5893805027008057,-7.893344879150391,-0.6650198698043823,0.9637905955314636,-6.507121562957764,-1.4445358514785767,0.9306558966636658,-6.585845470428467,-1.3847479820251465,0.12786294519901276,-7.47561502456665,-1.5319920778274536,0.4147056043148041,-7.144051551818848,-1.0259253978729248,-0.3793271780014038,-7.894606113433838,-1.2299509048461914,1.016258716583252,-6.479550838470459,-0.3983997702598572,-1.0230623483657837,-8.41789722442627,-0.8290651440620422,-0.6992805600166321,-8.231245040893555,-0.13030707836151123,-0.9817720055580139,-8.403005599975586,0.891136109828949,-0.27594712376594543,-7.597076892852783,-1.5513463020324707,0.7595407962799072,-6.7735114097595215,-0.894259512424469,1.1067923307418823,-6.421506404876709,-0.9440326690673828,-0.5299066305160522,-8.066527366638184,-0.265168696641922,-0.9803342819213867,-8.41128921508789,0.07220101356506348,-0.8895130753517151,-8.337331771850586,0.5353131294250488,0.3630141019821167,-7.121725082397461,-0.3778965175151825,0.8937009572982788,-6.597317695617676,-0.5685396194458008,-0.9542956352233887,-8.416869163513184,0.2434161752462387,-0.8101490139961243,-8.281706809997559,-0.05211053788661957,0.7756283283233643,-6.763494968414307,0.30502814054489136,0.5463898181915283,-6.962057113647461,-1.2876288890838623,1.2567825317382812,-6.33574104309082,-1.1630611419677734,-0.1847480833530426,-7.742957592010498,-1.588257908821106,1.1688082218170166,-6.442597389221191,0.799618124961853,-0.49535998702049255,-7.86520528793335,0.9060396552085876,-0.3446691334247589,-7.693222522735596,1.0180670022964478,-0.29840657114982605,-7.685654640197754,-1.5284441709518433,0.27422669529914856,-7.370889663696289,0.4373171925544739,-0.7198185920715332,-8.225876808166504,0.7546237111091614,-0.5282654166221619,-7.978625297546387,0.8257594704627991,0.0938984677195549,-7.357306480407715,0.6589332222938538,0.2597838342189789,-7.219393730163574,-1.6686497926712036,0.566582441329956,-7.060980796813965,-1.7603628635406494,1.0225483179092407,-6.6305437088012695,-1.1801809072494507,-0.2257058024406433,-7.8566813468933105,-1.300054907798767,-0.05465785041451454,-7.746598243713379,0.6169379949569702,-0.6071223020553589,-8.081788063049316,0.9855753779411316,-0.40310773253440857,-7.808710098266602,1.0434428453445435,-0.10834622383117676,-7.541879177093506,-0.6999322175979614,1.2111304998397827,-6.3884124755859375,-0.5689566731452942,1.0841126441955566,-6.465903282165527,-0.30176013708114624,-1.029498815536499,-8.530292510986328,-0.19731605052947998,0.9251759052276611,-6.6567463874816895,-1.7331852912902832,0.783717155456543,-6.851859092712402,-1.6017605066299438,1.343544840812683,-6.3258795738220215,-0.43500155210494995,-1.0595675706863403,-8.532429695129395,-0.049679115414619446,-0.966579794883728,-8.487944602966309,-0.28184744715690613,1.0774487257003784,-6.56013298034668,0.4775325655937195,0.5023241639137268,-7.0556511878967285,-1.306342601776123,-0.0026985215954482555,-7.602006912231445,-0.8487155437469482,-0.7666622400283813,-8.422532081604004,1.121498465538025,-0.22502422332763672,-7.650435447692871,-1.0228912830352783,1.3301376104354858,-6.298843860626221,0.9079028964042664,-0.4851435124874115,-8.013373374938965,1.152944564819336,-0.3039330542087555,-7.747889041900635,0.9909903407096863,0.014051498845219612,-7.4682135581970215,-0.5651336312294006,-1.0799176692962646,-8.6488037109375,-1.8969733715057373,0.9444366097450256,-6.796426296234131,-1.8317523002624512,1.2344423532485962,-6.477870464324951,-1.1316367387771606,-0.31132644414901733,-7.949545383453369,0.11310082674026489,0.8278564214706421,-6.8023810386657715,-0.4119289815425873,1.249813437461853,-6.452025890350342,0.16289764642715454,-0.8585376143455505,-8.408480644226074,-1.694077730178833,0.4521864652633667,-7.258882522583008,0.7383266091346741,0.39866694808006287,-7.233039855957031,0.6253854632377625,-0.6080827713012695,-8.244199752807617,0.6278390288352966,0.41453084349632263,-7.167085647583008,-0.7139981389045715,-0.9309695959091187,-8.540738105773926,-1.119333267211914,-0.35816729068756104,-8.057205200195312,-1.9093844890594482,0.6994038224220276,-7.118819713592529,-0.11157119274139404,-0.9977608323097229,-8.580633163452148,-0.38122454285621643,-1.116507649421692,-8.784405708312988,-0.675835132598877,-1.0087696313858032,-8.649776458740234,-0.27962344884872437,-1.0578171014785767,-8.612127304077148,1.0752971172332764,-0.4163818359375,-7.937131881713867,-1.3929940462112427,1.591234564781189,-6.157558917999268,-0.7906492352485657,1.4071693420410156,-6.291931629180908,-1.915078043937683,1.3575325012207031,-6.401747703552246,-1.445571780204773,0.09216591715812683,-7.681676387786865,0.8046567440032959,-0.5245462656021118,-8.136216163635254,-1.1154078245162964,1.6657302379608154,-6.12740421295166,1.2220672369003296,-0.06913051754236221,-7.620255947113037,1.2451072931289673,-0.22335956990718842,-7.702402114868164,0.9392141699790955,0.24971066415309906,-7.366114616394043,0.8299821019172668,0.31609076261520386,-7.303433418273926,-1.9539085626602173,0.7866519093513489,-7.037985801696777,-1.992697834968567,0.9109094738960266,-6.917235851287842,-0.48310956358909607,-1.144770860671997,-8.77678108215332,0.26135313510894775,-0.7804732918739319,-8.456905364990234,0.3806222975254059,-0.7379973530769348,-8.37740707397461,-1.04127037525177,-0.4863032400608063,-8.159001350402832,1.1277693510055542,-0.007816537283360958,-7.5537333488464355,-0.19380053877830505,-1.0376001596450806,-8.711039543151855,0.10911422967910767,-0.882422685623169,-8.543377876281738,-2.09059476852417,1.160841941833496,-6.679678440093994,-1.7763010263442993,1.6106667518615723,-6.209122180938721,-0.584149956703186,1.3685632944107056,-6.352466106414795,-0.9269220232963562,-0.6255303621292114,-8.36979866027832,-0.30571234226226807,-1.0772621631622314,-8.768739700317383,1.4025579690933228,-0.2595975697040558,-7.843690395355225,-0.6379764676094055,1.4889696836471558,-6.295241832733154,-1.6961191892623901,0.3922247886657715,-7.410496234893799,-1.828506588935852,0.5418996810913086,-7.310194969177246,0.7214993834495544,-0.5148226618766785,-8.245104789733887,-0.8608416318893433,1.6933964490890503,-6.156071662902832,1.262766718864441,-0.34523841738700867,-7.95687198638916,-1.0157256126403809,-0.5467085242271423,-8.310084342956543,-0.12805446982383728,1.0425851345062256,-6.658778667449951,-2.1301448345184326,1.5620225667953491,-6.339567184448242,-1.565624475479126,0.217304065823555,-7.604462146759033,0.03724298253655434,1.0466135740280151,-6.749880313873291,-0.6752744317054749,-1.0881198644638062,-8.757473945617676,-1.2783052921295166,-0.15525975823402405,-7.926113605499268,1.0150856971740723,-0.44563987851142883,-8.14011001586914,1.3344051837921143,-0.21942412853240967,-7.768956661224365,1.405048131942749,-0.12223096191883087,-7.724597454071045,1.2806708812713623,-0.12716801464557648,-7.644809722900391,0.5453192591667175,0.7394768595695496,-7.081860065460205,-0.624047040939331,-1.152435302734375,-8.873915672302246,-2.173865795135498,1.3607717752456665,-6.51077938079834,0.031151866540312767,-0.9162192344665527,-8.66480827331543,1.0909208059310913,0.1803152859210968,-7.487931251525879,0.4126773476600647,0.7436950206756592,-6.9947190284729,0.25083065032958984,0.9362736344337463,-6.861930847167969,-0.25024867057800293,1.2643816471099854,-6.528424263000488,0.5201722979545593,-0.6496255397796631,-8.37563419342041,-1.2573710680007935,1.8180484771728516,-6.049358367919922,-0.47062790393829346,-1.1700769662857056,-8.931097984313965,-0.8598092198371887,-0.8248900175094604,-8.593168258666992,-2.2112293243408203,1.046267032623291,-6.930749416351318,-1.1438149213790894,-0.3849227726459503,-8.208817481994629,1.1901813745498657,0.12283780425786972,-7.545669078826904,-1.5047471523284912,1.8935575485229492,-6.035451889038086,-1.7432740926742554,0.4018489718437195,-7.516048908233643,-1.9893237352371216,0.6940491199493408,-7.26771879196167,-0.4656660258769989,1.5122663974761963,-6.359987735748291,0.6766306161880493,0.635711669921875,-7.182410717010498,-0.09878024458885193,-0.9734968543052673,-8.823027610778809,-0.6613273024559021,1.6788592338562012,-6.217958927154541,-0.789356529712677,-0.9206683039665222,-8.754955291748047,0.1976528912782669,-0.8120245933532715,-8.561473846435547,1.3377273082733154,0.06525883078575134,-7.652953147888184,0.8382794857025146,0.47471851110458374,-7.3118486404418945,-1.8120352029800415,1.7839124202728271,-6.14835786819458,-1.3819940090179443,-0.03285498172044754,-7.937548637390137,-1.9351930618286133,0.6170452833175659,-7.433487892150879,-0.9327068328857422,-0.6802539229393005,-8.502822875976562,-2.3902008533477783,1.4567229747772217,-6.518187046051025,-0.0929364562034607,1.2144486904144287,-6.637333393096924,-1.4906193017959595,0.12756851315498352,-7.802036762237549,-2.14846134185791,0.900556206703186,-7.115525722503662,-0.7313745021820068,-1.1089587211608887,-8.896005630493164,1.5504183769226074,-0.14110323786735535,-7.813020706176758,-0.34677550196647644,1.5431853532791138,-6.423261642456055,-2.335728883743286,1.2557005882263184,-6.753222465515137,-0.3744281232357025,-1.1043457984924316,-8.910357475280762,-2.1363983154296875,1.7969695329666138,-6.258371353149414,1.4467042684555054,-0.2793689966201782,-8.032061576843262,-2.4916861057281494,1.3750340938568115,-6.726582050323486,-1.2717777490615845,-0.18729804456233978,-8.069287300109863,-0.9411907196044922,1.8607932329177856,-6.068793773651123,-0.29459431767463684,1.454563021659851,-6.4808526039123535,1.2362689971923828,-0.36481940746307373,-8.121260643005371,0.6440181732177734,-0.5588926076889038,-8.354248046875,0.953104555606842,0.47506293654441833,-7.394941806793213,0.3772207796573639,0.9592185616493225,-6.959190845489502,0.7969785928726196,-0.48480939865112305,-8.270480155944824,-1.059798002243042,-0.5034504532814026,-8.38915729522705,-2.4475221633911133,1.6793522834777832,-6.4058098793029785,-1.2968742847442627,2.0450706481933594,-5.954949855804443,-1.8241184949874878,1.9814258813858032,-6.103496074676514,1.147542953491211,0.3544921875,-7.520223617553711,-0.9958857893943787,2.0381019115448,-5.983495235443115,-2.093787670135498,0.815949559211731,-7.188506603240967,-0.9675778150558472,-0.6677559614181519,-8.66048526763916,1.5024405717849731,-0.04249231889843941,-7.7910475730896,-1.6220636367797852,0.24591588973999023,-7.775115966796875,-0.9711645245552063,-0.5566568374633789,-8.514853477478027,1.4922547340393066,0.09277014434337616,-7.7621002197265625,0.8091232180595398,0.6083943843841553,-7.298610687255859,-1.7425214052200317,0.3835332989692688,-7.652815341949463,-0.5188146829605103,1.7392728328704834,-6.26664924621582,1.3335388898849487,0.22604763507843018,-7.656394004821777,1.6266638040542603,-0.09794332832098007,-7.8427228927612305,1.0586003065109253,0.439604789018631,-7.501601219177246,0.7208476662635803,-0.46416911482810974,-8.394956588745117,0.8995321393013,-0.44100356101989746,-8.315912246704102,0.042184095829725266,-0.89921635389328,-8.75446605682373,0.5034182667732239,-0.6150516271591187,-8.502519607543945,0.15154369175434113,1.1640887260437012,-6.804915904998779,-0.6668978929519653,-1.1956658363342285,-9.109369277954102,1.5797761678695679,-0.23063771426677704,-8.010388374328613,-0.8764879703521729,-0.8323778510093689,-8.737295150756836,-2.5973920822143555,1.5286351442337036,-6.585102081298828,-2.613713026046753,1.6537858247756958,-6.493677139282227,-0.4603869915008545,-1.2012895345687866,-8.993501663208008,-0.8696169257164001,-0.8667869567871094,-8.8906888961792,-1.6316403150558472,2.0537068843841553,-6.014288425445557,-1.9140055179595947,0.5644442439079285,-7.520529747009277,-2.3853890895843506,1.1930547952651978,-6.922062873840332,-1.2060623168945312,-0.3038160800933838,-8.292978286743164,0.5139187574386597,0.9779476523399353,-7.086538314819336,-2.3151214122772217,1.8429450988769531,-6.33030891418457,-0.5666027069091797,-1.230857253074646,-9.088232040405273,-0.4397163391113281,-1.179329752922058,-9.113152503967285,0.6064720749855042,-0.5490202307701111,-8.47008228302002,0.16262923181056976,-0.7958235144615173,-8.733366966247559,1.126054048538208,-0.3743836283683777,-8.23224925994873,1.683989405632019,-0.18963587284088135,-7.98652458190918,0.046712152659893036,1.331749677658081,-6.744235515594482,-0.12714318931102753,1.4120596647262573,-6.596700668334961,-0.6467889547348022,2.0141329765319824,-6.118316650390625,-0.23511914908885956,-1.0194075107574463,-8.962578773498535,-0.792628824710846,-1.0211869478225708,-8.99637508392334,-0.7809322476387024,2.029602527618408,-6.052438259124756,-0.7497455477714539,-1.071694016456604,-8.985523223876953,1.4241182804107666,-0.27218830585479736,-8.180474281311035,-1.085955023765564,-0.444350004196167,-8.402204513549805,-1.4681652784347534,0.06477151066064835,-8.030052185058594,0.26698896288871765,-0.7474576830863953,-8.658904075622559,-2.002916097640991,2.057591199874878,-6.1712446212768555,0.4411274492740631,-0.6174318790435791,-8.562480926513672,1.2439990043640137,-0.3172638416290283,-8.245809555053711,-2.1533758640289307,0.8289137482643127,-7.3211188316345215,-2.585575819015503,1.3925148248672485,-6.825373649597168,1.0293502807617188,-0.38884782791137695,-8.285709381103516,-2.0824668407440186,0.7535098195075989,-7.444335460662842,-2.28397798538208,1.0244078636169434,-7.110569000244141,0.3087579011917114,-0.6686868071556091,-8.651300430297852,-1.3176896572113037,-0.11460260301828384,-8.1656494140625,-1.442086100578308,0.017598366364836693,-8.129136085510254,-1.4546146392822266,2.2529075145721436,-5.920405864715576,-0.36640089750289917,-1.068957805633545,-9.027421951293945,-1.5348186492919922,0.1804485023021698,-7.936403751373291,0.6265121698379517,0.8946250677108765,-7.1791558265686035,-0.6645267605781555,-1.2462440729141235,-9.252469062805176,-1.9101588726043701,0.5662875175476074,-7.638484954833984,-0.06958603113889694,-0.9134058356285095,-8.894797325134277,-2.7707998752593994,1.6404744386672974,-6.598964691162109,-0.7711235880851746,-1.1596108675003052,-9.16174602508545,-0.9175472259521484,-0.78463214635849,-8.809212684631348,-0.4939717650413513,1.970155119895935,-6.239552021026611,-1.149632215499878,-0.406721293926239,-8.471216201782227,1.016876220703125,0.5520833134651184,-7.481402397155762,0.28680023550987244,1.1799758672714233,-6.893196105957031,-1.2000999450683594,2.2031009197235107,-5.902276515960693,1.513343095779419,-0.22512544691562653,-8.136926651000977,-1.85465407371521,0.5014421939849854,-7.671489238739014,-0.3795039653778076,1.7733601331710815,-6.357600212097168,0.025182634592056274,-0.8373332619667053,-8.845114707946777,-1.0233972072601318,-0.4811725616455078,-8.617990493774414,1.7212183475494385,0.005643673241138458,-7.8801655769348145,-1.750321865081787,0.40402087569236755,-7.75364351272583,1.6170529127120972,0.13519972562789917,-7.939955711364746,-1.0319201946258545,2.3388588428497314,-5.8726372718811035,-0.8744762539863586,2.218982696533203,-5.965795040130615,-2.194702386856079,2.090954065322876,-6.259452819824219,-1.638102650642395,0.2780572474002838,-7.8775954246521,0.7985259890556335,-0.4363603889942169,-8.388895988464355,0.7242799997329712,-0.41240057349205017,-8.410965919494629,-0.24319298565387726,1.7160205841064453,-6.473325252532959,-2.567197561264038,1.8501912355422974,-6.423986434936523,-1.750259280204773,2.192936897277832,-6.050748348236084,-2.3138225078582764,2.0473756790161133,-6.338902473449707,1.2023589611053467,0.462581992149353,-7.615943908691406,0.814131498336792,0.7455048561096191,-7.357238292694092,-2.2867021560668945,0.9803096055984497,-7.321133613586426,0.10441894084215164,-0.8033026456832886,-8.77673053741455,1.7503217458724976,-0.16138522326946259,-8.1074800491333,1.3566070795059204,-0.25123074650764465,-8.220708847045898,-2.7775919437408447,1.5766277313232422,-6.7707438468933105,1.858006477355957,-0.07906340807676315,-7.977802276611328,-0.29095426201820374,-0.976298987865448,-9.077486038208008,-1.8585904836654663,2.0933141708374023,-6.126043319702148,-0.643754243850708,-1.1251952648162842,-9.1686429977417,1.5157712697982788,0.23383380472660065,-7.826950550079346,-1.3271255493164062,2.364159345626831,-5.897525787353516,-1.278332233428955,-0.17710533738136292,-8.352642059326172,-2.3929646015167236,1.0998495817184448,-7.247774600982666,-2.45306396484375,1.1989057064056396,-7.085788726806641,0.3669227361679077,1.1549140214920044,-6.986973762512207,-0.7199338674545288,-1.0545285940170288,-9.176305770874023,-2.0094823837280273,0.7022778987884521,-7.581605434417725,-0.47341465950012207,-1.0505465269088745,-9.187261581420898,-0.17231562733650208,1.6676126718521118,-6.5703630447387695,-0.18791881203651428,-0.946604311466217,-8.997674942016602,-2.8497426509857178,1.7927855253219604,-6.555063724517822,1.0137401819229126,-0.3465126156806946,-8.327054977416992,0.463238924741745,1.111968994140625,-7.074899196624756,0.6579970717430115,-0.4587479531764984,-8.482378005981445,1.6062817573547363,-0.1950671523809433,-8.132402420043945,0.8583963513374329,-0.38405582308769226,-8.377344131469727,-2.9561119079589844,1.7176084518432617,-6.695570945739746,0.4041534960269928,-0.5834986567497253,-8.635555267333984,1.0647563934326172,0.6249290108680725,-7.587325572967529,-1.1491142511367798,2.4114460945129395,-5.856868743896484,0.5523086190223694,-0.5159355998039246,-8.568275451660156,-0.09832459688186646,1.59148108959198,-6.627077579498291,0.21531669795513153,-0.6648885607719421,-8.776501655578613,-2.580641269683838,1.3308100700378418,-6.992823123931885,-2.76572322845459,1.8666374683380127,-6.499927043914795,0.18605493009090424,1.3197686672210693,-6.847363471984863,-0.008219505660235882,1.4559224843978882,-6.729966640472412,1.2657921314239502,-0.24862146377563477,-8.24495792388916,-1.6956357955932617,2.3546981811523438,-6.041853427886963,-0.6934714913368225,2.228527784347534,-6.059769153594971,-0.8596648573875427,-0.8154626488685608,-9.000476837158203,1.9224433898925781,-0.06955356895923615,-8.059331893920898,1.3057984113693237,0.4494563937187195,-7.71129846572876,1.4080538749694824,0.34006211161613464,-7.7621564865112305,-0.590493381023407,-1.0543737411499023,-9.201925277709961,1.8268377780914307,0.04725073277950287,-7.960470676422119,-1.3631008863449097,-0.012376459315419197,-8.274896621704102,-1.5812186002731323,0.24908339977264404,-8.04158878326416,-0.883445680141449,2.4027018547058105,-5.917534828186035,-1.8336448669433594,0.5096471309661865,-7.801032066345215,-0.9120685458183289,-0.7009419798851013,-8.890422821044922,-0.006227325648069382,-0.8210437893867493,-8.94067668914795,-3.017160177230835,1.818786859512329,-6.647202491760254,-0.40554797649383545,-0.9915292859077454,-9.16988754272461,0.10595718771219254,-0.7293657660484314,-8.870230674743652,0.30686721205711365,-0.6058148145675659,-8.724909782409668,-1.0663163661956787,-0.39619383215904236,-8.649703025817871,-1.7267086505889893,0.4047253131866455,-7.863649845123291,0.9297775626182556,-0.32986965775489807,-8.412273406982422,0.8200429081916809,-0.3740718960762024,-8.441761016845703,1.5316365957260132,-0.11180316656827927,-8.216939926147461,1.155411958694458,-0.2934718728065491,-8.327921867370605,-1.97819185256958,2.273350477218628,-6.206305980682373,-2.4929583072662354,1.2290480136871338,-7.209503173828125,0.7361573576927185,0.913206934928894,-7.368438720703125,-2.5123653411865234,2.1052908897399902,-6.4221343994140625,-1.4807038307189941,2.3727331161499023,-5.93257999420166,-0.31656956672668457,2.0251235961914062,-6.403420448303223,1.0883644819259644,-0.2632489800453186,-8.388015747070312,1.4745718240737915,-0.16869637370109558,-8.259292602539062,-1.1815067529678345,-0.25452861189842224,-8.53782844543457,0.6038834452629089,-0.43641820549964905,-8.583856582641602,-1.941890001296997,0.6314443945884705,-7.743234634399414,1.2979480028152466,-0.1932496279478073,-8.324734687805176,1.2065715789794922,-0.22718597948551178,-8.345072746276855,-0.6946607828140259,-0.9964544773101807,-9.190449714660645,1.7429275512695312,0.11612556874752045,-8.011909484863281,0.012878247536718845,1.6405311822891235,-6.794516086578369,0.7188940048217773,-0.3283672630786896,-8.541731834411621,0.13780653476715088,1.4773075580596924,-6.838899612426758,-2.154367208480835,0.8406601548194885,-7.524821758270264,-2.7709248065948486,1.5421857833862305,-6.9231343269348145,1.0124943256378174,-0.24328385293483734,-8.439353942871094,-0.1331302523612976,-0.8264238238334656,-9.041426658630371,0.9528732299804688,0.7298693656921387,-7.522148609161377,-1.7547259330749512,0.4336133599281311,-7.915181636810303,-2.3957881927490234,1.1196898221969604,-7.376986980438232,0.3519956171512604,-0.5304218530654907,-8.74531078338623,-1.6507635116577148,0.34451329708099365,-8.03417682647705,-2.0970468521118164,2.224923610687256,-6.240551471710205,1.7322413921356201,0.03350888565182686,-8.051839828491211,1.1441819667816162,0.5361902713775635,-7.67121696472168,0.5722715258598328,1.1291356086730957,-7.246004581451416,1.39226233959198,-0.14833185076713562,-8.280645370483398,-2.63861083984375,1.3704755306243896,-7.149505138397217,1.6828782558441162,-0.057373445481061935,-8.130860328674316,-2.7369065284729004,1.486733317375183,-7.042849540710449,0.40034422278404236,-0.525658905506134,-8.625239372253418,-1.3513473272323608,-0.00534283509477973,-8.362920761108398,-0.7362926006317139,2.369129180908203,-6.005737781524658,-1.2789924144744873,2.5276551246643066,-5.880545139312744,-0.25779786705970764,-0.787529706954956,-9.106167793273926,-0.5760073065757751,2.272623062133789,-6.145169258117676,-1.0341700315475464,2.606376886367798,-5.806436061859131,-0.9596883654594421,-0.49457481503486633,-8.841005325317383,0.42850667238235474,-0.488665372133255,-8.711770057678223,-2.2390248775482178,0.9629411697387695,-7.530456066131592,-2.8049228191375732,2.0379393100738525,-6.5093560218811035,1.6642682552337646,-0.03622366487979889,-8.178448677062988,-3.0067856311798096,1.766477346420288,-6.814103603363037,-0.9172279834747314,2.568758010864258,-5.856576919555664,-1.134987473487854,2.6039273738861084,-5.8219075202941895,-0.3188793659210205,-0.8621854186058044,-9.141058921813965,-1.4817347526550293,0.132741779088974,-8.241125106811523,0.3699532747268677,1.2819709777832031,-7.039109230041504,-0.7100341320037842,-0.8725485801696777,-9.157876014709473,-1.2494605779647827,-0.058086492121219635,-8.522096633911133,0.8203386664390564,0.8425138592720032,-7.411941051483154,0.5582908987998962,-0.4202428162097931,-8.659420013427734,0.24551959335803986,1.4424296617507935,-6.937543869018555,-0.5180679559707642,-0.9194429516792297,-9.207891464233398,-1.5731018781661987,0.26666122674942017,-8.148219108581543,-2.2110347747802734,2.2560434341430664,-6.317174434661865,-2.052905797958374,0.7895218133926392,-7.676942825317383,-2.7108407020568848,2.1693665981292725,-6.52675724029541,-0.16470561921596527,1.9097198247909546,-6.586153507232666,0.8159691691398621,-0.2924537658691406,-8.491183280944824,-0.8225601315498352,-0.6820171475410461,-9.024188041687012,-2.864596366882324,1.6337697505950928,-6.962305545806885,1.554287075996399,0.2956428527832031,-7.989044189453125,-2.8800668716430664,2.0010228157043457,-6.562086582183838,0.00678778113797307,-0.704942524433136,-9.008101463317871,0.13641293346881866,-0.5672648549079895,-8.872368812561035,0.2112504094839096,-0.5203514695167542,-8.862104415893555,-3.2031803131103516,1.9062137603759766,-6.755183696746826,0.6606665253639221,1.0431541204452515,-7.32346248626709,-1.716348648071289,2.4670815467834473,-6.081545352935791,-1.8370270729064941,2.46417236328125,-6.188353538513184,-1.5987262725830078,2.5037190914154053,-6.062400817871094,-2.55993390083313,1.313178300857544,-7.289358139038086,-1.5265867710113525,2.573044538497925,-5.99483060836792,1.4035660028457642,0.42447370290756226,-7.873402118682861,-1.0621544122695923,-0.19012856483459473,-8.714019775390625,-2.474048137664795,1.2187684774398804,-7.351329803466797,1.5259793996810913,0.011284181848168373,-8.272943496704102,0.9449755549430847,-0.20287364721298218,-8.498982429504395,-0.23283793032169342,1.9690579175949097,-6.50324010848999,-0.4665124714374542,2.243373394012451,-6.27327299118042,-1.7581218481063843,0.49840861558914185,-7.980220317840576,-2.967435121536255,1.9792619943618774,-6.6584553718566895,0.7006828784942627,-0.225950226187706,-8.645941734313965,1.659489393234253,0.12355367094278336,-8.15123462677002,-0.9940306544303894,-0.3146083354949951,-8.770513534545898,-1.9545423984527588,0.7269697189331055,-7.8456220626831055,-0.4618256986141205,-0.8094080686569214,-9.191458702087402,-0.17977479100227356,-0.6476563215255737,-9.089187622070312,0.763371467590332,-0.16821791231632233,-8.577640533447266,-1.3504302501678467,2.7512848377227783,-5.920755386352539,-2.3856489658355713,2.2560412883758545,-6.424908638000488,-0.6043635010719299,-0.7351966500282288,-9.182498931884766,-0.9963402152061462,2.8592498302459717,-5.774860858917236,-2.3259947299957275,1.1296615600585938,-7.560796737670898,-1.5774495601654053,0.3517644703388214,-8.220556259155273,1.2482355833053589,-0.016945403069257736,-8.399529457092285,-0.06819740682840347,1.8406521081924438,-6.733338832855225,-1.217419147491455,2.8686203956604004,-5.874415397644043,-2.1064815521240234,2.4166505336761475,-6.347728252410889,-1.3747249841690063,0.1515745371580124,-8.437971115112305,1.6355433464050293,0.23076218366622925,-8.113417625427246,0.33183810114860535,-0.4263628125190735,-8.822883605957031,0.5493725538253784,-0.2808234691619873,-8.71259593963623,-1.1175297498703003,-0.0782753974199295,-8.64682674407959,-0.7322371602058411,2.6778934001922607,-5.987062931060791,-0.9085103869438171,2.7634637355804443,-5.827028274536133,0.8483226299285889,-0.15938910841941833,-8.563154220581055,1.134218454360962,0.6241125464439392,-7.77113676071167,-0.6004322171211243,2.493145704269409,-6.114071369171143,-1.6977238655090332,0.4808736741542816,-8.101762771606445,-2.6755943298339844,1.4708943367004395,-7.2457194328308105,-3.0746238231658936,2.021594762802124,-6.742679119110107,-2.245948553085327,2.333717107772827,-6.429348468780518,0.11309811472892761,-0.39418041706085205,-8.934074401855469,-2.8216166496276855,1.6010935306549072,-7.091650485992432,0.8818666338920593,0.8733874559402466,-7.5585150718688965,-1.232860803604126,0.06787882000207901,-8.561551094055176,0.5031912922859192,1.2353088855743408,-7.238261699676514,-1.8047958612442017,0.6055951118469238,-8.001002311706543,-2.3992133140563965,1.2413630485534668,-7.5210771560668945,-0.7950963973999023,-0.4315597414970398,-9.000905990600586,0.9842661023139954,0.7790046334266663,-7.656243324279785,-1.994592547416687,2.4079151153564453,-6.244366645812988,0.017997797578573227,-0.5369825959205627,-9.00877857208252,-1.8006072044372559,2.587239980697632,-6.215555191040039,-2.127963066101074,0.9357811808586121,-7.714242458343506,-0.5126945972442627,2.381000518798828,-6.218042373657227,-2.987847328186035,1.7720048427581787,-6.971603870391846,-2.5597305297851562,2.2316477298736572,-6.486413478851318,0.9762755036354065,-0.04290829226374626,-8.533944129943848,1.3309189081192017,0.49854937195777893,-8.006311416625977,1.1582727432250977,0.6545772552490234,-7.892054557800293,-0.930556058883667,-0.32649409770965576,-8.873997688293457,-1.6877517700195312,2.566725730895996,-6.159379959106445,-3.123208999633789,1.9038958549499512,-6.858626365661621,-3.3974575996398926,2.0383362770080566,-6.6218461990356445,-3.378803253173828,2.0198423862457275,-6.702829837799072,-3.256216287612915,2.020873546600342,-6.799351692199707,-1.183744192123413,2.949936866760254,-5.857361316680908,-3.0036532878875732,2.117743730545044,-6.609464168548584,0.1983487904071808,1.618664026260376,-7.0283966064453125,-3.2154252529144287,2.0146069526672363,-6.71776008605957,-0.825683057308197,2.7059926986694336,-5.9231390953063965,-3.178447961807251,2.1390790939331055,-6.694238185882568,-3.2859387397766113,2.131808042526245,-6.652730464935303,-0.46528902649879456,-0.6235992312431335,-9.163532257080078,1.5639134645462036,0.22515001893043518,-8.196036338806152,0.7254776954650879,1.0372645854949951,-7.488822937011719,-0.5644457936286926,-0.5253416895866394,-9.135279655456543,-0.6823732852935791,-0.4616796672344208,-9.077717781066895,0.3884679973125458,1.3643072843551636,-7.180964946746826,-2.401745319366455,2.393108367919922,-6.510196208953857,-0.3723408281803131,2.2590184211730957,-6.407766819000244,-1.5211827754974365,2.7025694847106934,-6.027881145477295,1.3804478645324707,0.14556103944778442,-8.333243370056152,-2.8688504695892334,2.2369396686553955,-6.653748989105225,-0.20574131608009338,2.1216847896575928,-6.62743616104126,-2.7146801948547363,1.5726680755615234,-7.283193588256836,-2.8909809589385986,1.732338786125183,-7.134310245513916,-2.110236644744873,1.0324488878250122,-7.798748016357422,-1.6208279132843018,2.6408042907714844,-6.1009674072265625,-0.86863774061203,-0.19576875865459442,-8.912063598632812,0.958562433719635,0.8502126336097717,-7.786046028137207,0.5960589647293091,1.1889054775238037,-7.423007965087891,0.029829038307070732,1.7976059913635254,-6.919947147369385,-1.8867321014404297,2.576782703399658,-6.282113075256348,-1.3862711191177368,2.8453457355499268,-5.973951816558838,0.3253380358219147,1.495602011680603,-7.162154197692871,-0.2538228929042816,-0.35801631212234497,-9.101356506347656,0.1976843923330307,-0.25756698846817017,-8.925861358642578,0.44616374373435974,-0.20051348209381104,-8.796106338500977,-0.8728716969490051,2.8870718479156494,-5.892017364501953,-1.8514494895935059,0.7675628662109375,-8.03101634979248,-2.535151481628418,1.4105950593948364,-7.440955638885498,-3.0301809310913086,2.1920294761657715,-6.646103382110596,-3.266880989074707,2.1013834476470947,-6.762206554412842,1.3760021924972534,0.39145416021347046,-8.160719871520996,-2.95473575592041,1.8173575401306152,-7.12936544418335,-2.549687623977661,2.351836681365967,-6.563362121582031,0.5885253548622131,-0.0886911079287529,-8.751303672790527,-0.9652194380760193,3.039562702178955,-5.790957927703857,-1.5443964004516602,0.5047484636306763,-8.331966400146484,-1.3390913009643555,0.2664428949356079,-8.500725746154785,-1.720220685005188,0.6268545389175415,-8.141464233398438,0.8855324983596802,0.9242351055145264,-7.688268661499023,1.3481593132019043,0.31815093755722046,-8.28913402557373,-2.7945661544799805,1.705869436264038,-7.254461288452148,-3.045377016067505,1.886233925819397,-7.039186000823975,-2.689633846282959,2.3037171363830566,-6.59409236907959,-0.13323375582695007,-0.3733527362346649,-9.040196418762207,0.4252941906452179,1.396152138710022,-7.321455955505371,-3.0521364212036133,1.9670530557632446,-6.996130466461182,-1.4896447658538818,2.745542049407959,-6.061240196228027,1.022607445716858,0.12123958766460419,-8.514019012451172,-2.0589029788970947,2.5471277236938477,-6.403196811676025,-0.5808181762695312,2.6366968154907227,-6.182737827301025,-1.0030664205551147,0.04843945801258087,-8.753591537475586,-0.44809022545814514,-0.46036142110824585,-9.128551483154297,0.6672240495681763,-0.04204120114445686,-8.69302749633789,0.756672203540802,1.048271656036377,-7.596859455108643,-0.4006979465484619,2.403785467147827,-6.453467845916748,-0.7908239960670471,2.9618916511535645,-5.937968730926514,1.0184634923934937,0.774973452091217,-7.888849258422852,-0.13900448381900787,2.0336203575134277,-6.731950759887695,-0.33480238914489746,-0.4369470179080963,-9.10617446899414,-1.9034494161605835,0.9441812038421631,-8.00520133972168,-2.3022284507751465,1.285069465637207,-7.669591426849365,-3.1836159229278564,2.114659070968628,-6.846258163452148,-1.6401605606079102,2.7296524047851562,-6.170895099639893,-1.542686104774475,2.7856621742248535,-6.106575965881348,1.0526601076126099,0.25621411204338074,-8.467952728271484,0.3335942029953003,1.5048470497131348,-7.300101280212402,0.7470262050628662,0.0356917530298233,-8.667555809020996,-0.07292228937149048,2.004552125930786,-6.86073112487793,-3.1140244007110596,2.1785831451416016,-6.840981483459473,-2.841235399246216,1.7978613376617432,-7.231176853179932,-2.9601032733917236,2.2435779571533203,-6.772183418273926,-2.2704122066497803,2.437408924102783,-6.527307033538818,-1.0352312326431274,3.096381187438965,-5.872200012207031,-2.6213979721069336,1.6454401016235352,-7.420956611633301,-2.548072576522827,1.5346580743789673,-7.471198558807373,1.1130152940750122,0.7030403017997742,-7.984724521636963,-1.3242912292480469,2.9805426597595215,-6.017606258392334,1.1936677694320679,0.5800708532333374,-8.128836631774902,0.604993462562561,1.1989489793777466,-7.596868515014648,-0.5622647404670715,-0.2964278757572174,-9.0711669921875,1.1496835947036743,0.38111209869384766,-8.374929428100586,-0.0328037366271019,-0.17669187486171722,-8.998126029968262,-0.7148373126983643,2.85542631149292,-6.036077976226807,-0.4730163514614105,2.560565948486328,-6.415879249572754,-1.8963509798049927,2.641279697418213,-6.365616321563721,-1.616032600402832,2.8174655437469482,-6.2203826904296875,-3.165149211883545,2.125174045562744,-6.934664726257324,-1.4500882625579834,2.888371706008911,-6.08534049987793,-2.6769859790802,2.344386339187622,-6.692983627319336,0.43072253465652466,1.3904200792312622,-7.430941104888916,0.07325643301010132,1.8309643268585205,-7.091554641723633,-1.1237432956695557,0.22882387042045593,-8.666075706481934,-1.1206259727478027,3.1098363399505615,-5.869243144989014,-2.1397175788879395,1.2387045621871948,-7.822395324707031,-1.9750298261642456,1.0631581544876099,-7.952571868896484,-3.0936942100524902,2.0602262020111084,-6.959582328796387,-0.33515480160713196,2.3367831707000732,-6.626498699188232,-1.5324196815490723,2.8837571144104004,-6.140843868255615,-0.6749780178070068,2.861036777496338,-6.12772798538208,-0.9630643129348755,3.1446566581726074,-5.829047203063965,-0.4081193804740906,-0.2768787145614624,-9.092093467712402,0.364835649728775,-0.0002427251311019063,-8.841681480407715,0.8717648983001709,0.9286250472068787,-7.89830207824707,-2.440441370010376,2.4566543102264404,-6.694485664367676,0.746504008769989,1.0746428966522217,-7.735584735870361,-0.8844296336174011,3.1599652767181396,-5.882723808288574,-0.2195931375026703,2.194300889968872,-6.770456314086914,-0.660880446434021,-0.1424407958984375,-8.997967720031738,-1.6984710693359375,0.8291578888893127,-8.20638656616211,0.25639721751213074,1.6128326654434204,-7.244765758514404,-2.9721150398254395,2.069150447845459,-7.090995788574219,-1.7336148023605347,2.6985654830932617,-6.309199333190918,-2.303995132446289,2.484524965286255,-6.63120698928833,-1.2726728916168213,3.0921218395233154,-5.9850311279296875,-1.5267032384872437,0.6202952861785889,-8.368547439575195,-0.5131833553314209,2.6480774879455566,-6.43172025680542,-2.1010148525238037,2.5663037300109863,-6.578494071960449,-0.025846056640148163,1.952315092086792,-6.984714031219482,-2.388084888458252,1.5362269878387451,-7.629863262176514,-0.8233523964881897,0.01825922541320324,-8.870960235595703,0.45113155245780945,1.3848071098327637,-7.564512729644775,-0.16618667542934418,2.137064218521118,-6.851077556610107,0.49402716755867004,1.3027323484420776,-7.690082550048828,-0.5620666742324829,2.705639600753784,-6.297069549560547,-2.736927032470703,2.356971263885498,-6.791206359863281,-1.2735297679901123,0.40737149119377136,-8.551206588745117,0.6670471429824829,0.3039017617702484,-8.646472930908203,-0.8591574430465698,0.26766929030418396,-8.805448532104492,-0.7808577418327332,3.036118984222412,-6.010769367218018,-2.84765362739563,2.311077833175659,-6.858185768127441,-0.2813969552516937,-0.045798055827617645,-9.007798194885254,-0.4386734068393707,2.524017810821533,-6.578832626342773,-1.7418309450149536,2.709731101989746,-6.430523872375488,0.157695010304451,1.741483211517334,-7.239073276519775,-0.5256544351577759,-0.10941214859485626,-9.038490295410156,-1.3506587743759155,3.0217349529266357,-6.056248188018799,-2.862654685974121,2.2659528255462646,-6.9628424644470215,0.5189492702484131,0.20594674348831177,-8.746551513671875,-3.0194149017333984,2.213768482208252,-7.0012736320495605,-1.082465410232544,3.243279457092285,-5.870003700256348,-0.9332208037376404,3.2665047645568848,-5.829362392425537,1.0431034564971924,0.5726894736289978,-8.304166793823242,-0.4000082015991211,-0.06433537602424622,-9.047778129577637,0.8983091115951538,0.8255552649497986,-8.085326194763184,-2.5379393100738525,2.441746711730957,-6.778700351715088,-0.4105072617530823,2.493431329727173,-6.66401481628418,-1.8762506246566772,2.671846628189087,-6.429251670837402,-2.6881003379821777,1.835187554359436,-7.36513614654541,0.932529628276825,0.7048572301864624,-8.259932518005371,0.357604444026947,1.493887186050415,-7.477245330810547,-2.1722357273101807,1.4031367301940918,-7.80240535736084,-0.027811741456389427,-0.02263764664530754,-8.970285415649414,0.21611693501472473,1.6619142293930054,-7.400636196136475,-1.7600733041763306,1.0612881183624268,-8.148962020874023,-1.664182424545288,2.842022180557251,-6.362432479858398,-1.4172041416168213,2.9811010360717773,-6.140642166137695,-0.6974930763244629,0.07673027366399765,-8.90511703491211,-1.3802123069763184,0.6440919041633606,-8.469208717346191,-0.9446579813957214,3.2991607189178467,-5.7661285400390625,-1.5180219411849976,2.9362549781799316,-6.275830268859863,-0.6487858891487122,2.8548736572265625,-6.273604393005371,-1.9356800317764282,2.6897401809692383,-6.533153057098389,0.9160728454589844,0.48781368136405945,-8.445560455322266,0.253812700510025,0.1417308896780014,-8.85115909576416,0.654341995716095,1.1244062185287476,-7.863430976867676,-2.785579204559326,2.062774896621704,-7.256499767303467,-1.0085057020187378,0.44345614314079285,-8.6959810256958,0.7675727009773254,0.5399956107139587,-8.499155044555664,-0.18625932931900024,2.188380002975464,-6.982656478881836,-0.35916799306869507,2.396857738494873,-6.781879901885986,-0.8150846362113953,3.079587936401367,-6.063234329223633,-1.1826872825622559,3.18208909034729,-6.00184965133667,-0.6337201595306396,0.07655641436576843,-8.969840049743652,-1.5511449575424194,0.8667175769805908,-8.326290130615234,-2.2344698905944824,2.533480644226074,-6.67824125289917,-2.234067440032959,1.536840558052063,-7.753666400909424,-1.7760063409805298,2.7416045665740967,-6.531384468078613,-2.670504570007324,2.3819382190704346,-6.890443801879883,-1.9559416770935059,1.2290873527526855,-7.970702171325684,-0.3707636892795563,0.09260114282369614,-8.963435173034668,-0.732783317565918,2.974954128265381,-6.220358371734619,-0.9802842736244202,3.291494846343994,-5.91039514541626,0.811302125453949,0.8390455842018127,-8.184925079345703,-0.6055926084518433,2.773428201675415,-6.420837879180908,-2.053743839263916,2.6156888008117676,-6.702704906463623,-0.1123577132821083,2.0878238677978516,-7.08196496963501,-1.2766613960266113,3.1260409355163574,-6.105250835418701,-1.0181818008422852,3.3398797512054443,-5.849483489990234,-2.8496885299682617,2.2378690242767334,-7.122607707977295,-0.010283619165420532,1.9573124647140503,-7.224131107330322,-0.30745893716812134,2.299283504486084,-6.889344215393066,-1.591670274734497,2.884036064147949,-6.374199390411377,-0.8970317244529724,3.416581153869629,-5.802769184112549,-0.09456248581409454,0.2005513608455658,-8.908035278320312,0.08849640935659409,1.8217538595199585,-7.37358283996582,-1.0431468486785889,3.2160675525665283,-6.069720268249512,-2.4349722862243652,1.863951325416565,-7.558436870574951,-2.1852569580078125,2.5964207649230957,-6.733684539794922,-0.9397233724594116,3.1866681575775146,-6.043832778930664,-2.5438287258148193,2.445858955383301,-6.952788829803467,-2.818195343017578,2.1956284046173096,-7.175461292266846,-2.311718702316284,2.5384232997894287,-6.812910079956055,-0.9686533808708191,3.4391889572143555,-5.840145111083984,-1.7164374589920044,2.813537836074829,-6.495417594909668,-1.1341564655303955,3.211420774459839,-6.092983245849609,-1.0451416969299316,3.2829411029815674,-5.983322620391846,-0.854126513004303,0.3556385040283203,-8.825517654418945,-2.5790627002716064,2.0101847648620605,-7.423028945922852,-0.5104719400405884,0.22353865206241608,-8.889283180236816,-1.2946398258209229,3.1069247722625732,-6.238279819488525,-2.649606704711914,2.3326268196105957,-7.072960376739502,0.2556890547275543,0.31353238224983215,-8.792564392089844,-0.6653450727462769,0.2515999376773834,-8.897852897644043,0.6518173217773438,0.9462260603904724,-8.199685096740723,0.5392383933067322,1.1529877185821533,-8.010467529296875,0.4819280803203583,1.2703593969345093,-7.85690450668335,0.5284806489944458,0.4691106975078583,-8.63648509979248,-0.5413317084312439,2.660233974456787,-6.586863040924072,-1.8308054208755493,2.7393383979797363,-6.704819679260254,0.725782573223114,0.7830311059951782,-8.338689804077148,-0.7536892294883728,2.9873275756835938,-6.3605217933654785,-0.8864672183990479,3.106741189956665,-6.2631001472473145,-1.2181320190429688,0.7276095747947693,-8.522936820983887,0.24277816712856293,1.5674817562103271,-7.671580791473389,-2.293504476547241,1.782021164894104,-7.664657115936279,-1.429685354232788,3.0102367401123047,-6.307985782623291,-1.6353044509887695,2.8709182739257812,-6.491175651550293,-0.312690794467926,0.24689511954784393,-8.902825355529785,-1.859330177307129,1.315154790878296,-8.014755249023438,-0.9989504814147949,3.280576229095459,-6.087331771850586,-1.1291478872299194,0.6810824275016785,-8.62374210357666,-1.524239182472229,1.1007848978042603,-8.307178497314453,-0.16275686025619507,0.3724053204059601,-8.847624778747559,-1.4869604110717773,2.9631636142730713,-6.411487102508545,-2.6309218406677246,2.2628934383392334,-7.1614603996276855,-0.7556043863296509,0.41355419158935547,-8.838529586791992,0.36207854747772217,1.3692278861999512,-7.8516058921813965,-1.9207502603530884,1.5860731601715088,-7.9344096183776855,-2.648329734802246,2.1593050956726074,-7.330567359924316,-0.7286528944969177,2.8989217281341553,-6.5401482582092285,-2.3628573417663574,2.4773013591766357,-7.009044647216797,0.4766538739204407,0.6401160359382629,-8.57515811920166,0.05254111811518669,0.41657859086990356,-8.794682502746582,-0.5265774130821228,2.6017391681671143,-6.79780387878418,-0.5402718186378479,2.6460747718811035,-6.684586048126221,-1.7329277992248535,2.8159759044647217,-6.651575088500977,-0.6347157955169678,0.4640169143676758,-8.801055908203125,-0.4759787917137146,0.5134565234184265,-8.798418045043945,-2.116659164428711,2.616781234741211,-6.868809223175049,-0.41571927070617676,2.4545083045959473,-6.91117000579834,-0.35102394223213196,0.4250749945640564,-8.834511756896973,0.1883326917886734,0.512611985206604,-8.727524757385254,-0.9551766514778137,0.6142839193344116,-8.704798698425293,-2.566044330596924,2.213900566101074,-7.305531024932861,-0.14233505725860596,2.1005492210388184,-7.239832401275635,-0.248292937874794,2.210845947265625,-7.176870822906494,-2.0665078163146973,1.738044261932373,-7.822020530700684,-1.884227991104126,2.6823642253875732,-6.851643085479736,-1.761155605316162,1.406668782234192,-8.036338806152344,-2.403041362762451,2.3521599769592285,-7.183259963989258,-1.1947460174560547,3.180821418762207,-6.261343479156494,0.4775078296661377,0.8437429666519165,-8.417012214660645,0.06540706008672714,1.7215955257415771,-7.653275012969971,-0.37641867995262146,2.3091487884521484,-7.106310844421387,-0.6775317788124084,2.80664324760437,-6.653400897979736,0.4434122145175934,1.0802663564682007,-8.20687198638916,-1.2930155992507935,0.8647263050079346,-8.518035888671875,-2.344588279724121,2.0409510135650635,-7.560659885406494,-1.230680227279663,3.1476075649261475,-6.3692240715026855,-1.0968832969665527,3.1519196033477783,-6.279153347015381,-1.005225419998169,3.213253974914551,-6.253410339355469,-0.05946265161037445,0.6430889368057251,-8.708268165588379,-1.5737215280532837,2.9069583415985107,-6.589822769165039,-0.6342640519142151,0.620906412601471,-8.739994049072266,0.2296568900346756,0.6986181735992432,-8.615314483642578,-0.9620475172996521,0.7421995401382446,-8.618816375732422,-0.24511690437793732,0.5584295988082886,-8.765498161315918,-1.3626898527145386,3.0382132530212402,-6.469277858734131,-0.1002226248383522,1.9943020343780518,-7.440152645111084,0.30718931555747986,1.314499855041504,-8.02131462097168,0.18239812552928925,1.4497679471969604,-7.92892599105835,-0.8673336505889893,3.0731041431427,-6.410712718963623,-0.9024273753166199,3.164365768432617,-6.3057637214660645,0.39606669545173645,1.0461434125900269,-8.277246475219727,-1.5320883989334106,1.1768884658813477,-8.329117774963379,-2.393463373184204,2.2623515129089355,-7.414366245269775,-1.2810816764831543,1.043020248413086,-8.450215339660645,-2.3998966217041016,2.153320550918579,-7.496924877166748,-2.211763858795166,2.5264155864715576,-7.048349857330322,-2.245990037918091,2.4529130458831787,-7.1628265380859375,-1.3588730096817017,3.0045559406280518,-6.610447406768799,-2.0163419246673584,2.6165151596069336,-7.0043559074401855,-1.0481934547424316,0.8865292072296143,-8.5154390335083,0.006055172067135572,1.6255377531051636,-7.8641133308410645,-0.29118239879608154,0.7057292461395264,-8.69467544555664,0.2414657175540924,0.9663733839988708,-8.416494369506836,-0.7481124997138977,0.8078576922416687,-8.631650924682617,-0.9410162568092346,0.9534744620323181,-8.523056030273438,-0.5048536658287048,2.393409490585327,-7.193251132965088,-0.5200137495994568,0.7344209551811218,-8.68930435180664,-0.8191163539886475,2.8740570545196533,-6.755901336669922,-1.093170404434204,3.1028730869293213,-6.4225969314575195,-1.7531012296676636,1.4229519367218018,-8.10560131072998,-1.7555391788482666,2.7571513652801514,-6.892876625061035,-2.272367477416992,2.3147356510162354,-7.361595153808594,-0.5738492608070374,2.5550456047058105,-6.99437141418457,-0.8807783126831055,3.01955246925354,-6.595199108123779,0.025693027302622795,0.8201766014099121,-8.589614868164062,0.1970302015542984,1.1474882364273071,-8.278413772583008,-0.9535180926322937,3.152465343475342,-6.4285783767700195,-0.42032188177108765,2.2813456058502197,-7.257759094238281,0.07750274240970612,0.9635058045387268,-8.477913856506348,-2.007412910461426,1.7300300598144531,-7.901830673217773,-0.5916581153869629,0.9233647584915161,-8.585660934448242,-0.15956366062164307,0.8167827725410461,-8.623861312866211,-1.4614343643188477,2.8958616256713867,-6.800449371337891,0.01655547134578228,1.353360652923584,-8.156014442443848,-0.6831086874008179,2.6812686920166016,-6.918563365936279,-1.5703548192977905,2.8284592628479004,-6.877864837646484,-1.5957189798355103,1.3955483436584473,-8.183171272277832,-1.7757600545883179,1.5704025030136108,-8.034748077392578,-2.223703622817993,1.958584189414978,-7.6960835456848145,-2.142636775970459,2.3899853229522705,-7.333742618560791,-1.3981425762176514,1.22788667678833,-8.3500394821167,-1.9426769018173218,2.5943260192871094,-7.113860607147217,-0.7123587727546692,1.027076244354248,-8.515824317932129,-0.1163434386253357,1.8650518655776978,-7.67792272567749,-0.33785876631736755,0.8727627992630005,-8.614201545715332,-0.04273288697004318,1.512551188468933,-8.019892692565918,-0.30335694551467896,2.107407569885254,-7.492805480957031,-0.8880711197853088,1.0796252489089966,-8.473737716674805,-1.1994881629943848,3.0471701622009277,-6.633155822753906,-1.8125444650650024,2.6121857166290283,-7.100645065307617,-0.07589908689260483,1.0511072874069214,-8.45524787902832,-0.024240540340542793,1.1582610607147217,-8.349085807800293,-1.0310887098312378,1.1772620677947998,-8.405508995056152,-1.0919888019561768,3.0165467262268066,-6.624526500701904,-1.4185538291931152,1.376594066619873,-8.230365753173828,-1.633020043373108,1.5728099346160889,-8.024091720581055,-0.19777412712574005,0.9893906116485596,-8.522720336914062,-1.4112026691436768,1.6101404428482056,-8.089720726013184,-1.9461402893066406,1.8384493589401245,-7.880044937133789,-1.213950753211975,1.288319706916809,-8.325749397277832,-0.9556003212928772,3.0023558139801025,-6.681726932525635,-0.44339269399642944,1.0413472652435303,-8.52138900756836,-2.2261500358581543,2.154226064682007,-7.577337265014648,-1.6223431825637817,2.756714344024658,-7.011805057525635,-0.9708439111709595,1.2544498443603516,-8.37149715423584,-1.587062954902649,1.7321306467056274,-7.982782363891602,-1.9975574016571045,2.434141159057617,-7.329601764678955,-0.17814067006111145,1.302647352218628,-8.278024673461914,-0.3739317059516907,1.1472986936569214,-8.434369087219238,-0.6535677909851074,1.151839256286621,-8.442217826843262,-0.8799269199371338,2.8371903896331787,-6.87947940826416,-1.3065203428268433,2.957461357116699,-6.770890712738037,-2.0476796627044678,2.039337396621704,-7.67416524887085,-1.7699602842330933,1.8660354614257812,-7.880372524261475,-0.24491089582443237,1.1828421354293823,-8.38645076751709,-0.22656898200511932,1.85626220703125,-7.776666164398193,-0.5403390526771545,2.2647900581359863,-7.430307388305664,-0.7541761994361877,1.3207452297210693,-8.332711219787598,-0.3361574709415436,1.4677003622055054,-8.184133529663086,-0.2106979787349701,1.599228024482727,-8.019000053405762,-2.0884923934936523,2.261530637741089,-7.50634241104126,-0.6725038886070251,2.571408748626709,-7.09676456451416,-1.6855332851409912,2.634425401687622,-7.163507461547852,-1.2038607597351074,1.4997830390930176,-8.203864097595215,-1.8686190843582153,2.520890951156616,-7.26357364654541,-0.3778449296951294,1.333600401878357,-8.29926872253418,-0.6398445963859558,1.3197649717330933,-8.339727401733398,-1.0528441667556763,2.8944740295410156,-6.853594779968262,-1.8645727634429932,1.9029899835586548,-7.831483364105225,-1.202035665512085,2.9460206031799316,-6.8105549812316895,-1.4245349168777466,1.7916693687438965,-7.9834136962890625,-0.9594394564628601,1.4234346151351929,-8.269699096679688,-0.5010150074958801,1.2765913009643555,-8.35583782196045,-1.9263420104980469,2.099093198776245,-7.681299209594727,-0.8551220893859863,2.67244029045105,-7.087588310241699,-1.607377529144287,1.8865962028503418,-7.902317523956299,-0.6688782572746277,2.4371466636657715,-7.294783115386963,-1.5602706670761108,2.7144858837127686,-7.0914506912231445,-1.415126085281372,2.816570281982422,-6.978362083435059,-0.32744666934013367,1.760630488395691,-7.9268388748168945,-0.6102849245071411,2.183978319168091,-7.587556838989258,-0.7924540638923645,1.5321850776672363,-8.194339752197266,-1.8058533668518066,2.4036495685577393,-7.451791763305664,-0.41688939929008484,1.640304446220398,-8.057239532470703,-1.7639102935791016,2.2817749977111816,-7.582426071166992,-0.34993162751197815,1.9051318168640137,-7.7938385009765625,-0.4685008227825165,2.0350377559661865,-7.702287197113037,-0.801966667175293,2.5117509365081787,-7.285801887512207,-1.228564739227295,2.8711092472076416,-6.937083721160889,-0.9488096237182617,1.559288740158081,-8.177924156188965,-0.5771786570549011,1.515005350112915,-8.190390586853027,-1.7939705848693848,2.144662618637085,-7.688724994659424,-1.6843178272247314,2.512967824935913,-7.3474345207214355,-1.0457254648208618,2.7872257232666016,-7.025084972381592,-1.160375952720642,1.6680525541305542,-8.097996711730957,-1.6320892572402954,2.057408094406128,-7.787354946136475,-1.2150733470916748,1.8279868364334106,-7.982645034790039,-0.620298445224762,1.692276120185852,-8.061365127563477,-0.49624714255332947,1.7987667322158813,-7.949402332305908,-1.4621014595031738,2.640031099319458,-7.236514568328857,-1.3475085496902466,2.728329658508301,-7.1345672607421875,-0.8824244737625122,1.6578012704849243,-8.110182762145996,-0.9836005568504333,2.6186139583587646,-7.220961570739746,-0.755078911781311,2.335367441177368,-7.486240386962891,-0.6278684139251709,1.9910671710968018,-7.801767349243164,-1.1700718402862549,2.7323732376098633,-7.133769512176514,-1.4355473518371582,2.022648811340332,-7.836845397949219,-1.4740580320358276,2.1333014965057373,-7.755983829498291,-1.5784887075424194,2.4877841472625732,-7.409743785858154,-1.5620275735855103,2.2226061820983887,-7.674482345581055,-0.9573803544044495,1.842793583869934,-7.96947717666626,-0.7337713241577148,1.8676321506500244,-7.9269022941589355,-1.0433591604232788,2.450108051300049,-7.439512729644775,-1.2365353107452393,1.9507395029067993,-7.89881706237793,-0.9315723180770874,1.9966574907302856,-7.847200393676758,-0.8113327026367188,2.2043275833129883,-7.648069381713867,-1.204322099685669,2.569812536239624,-7.333824157714844,-0.9664220213890076,2.2810778617858887,-7.60412073135376,-1.4883019924163818,2.3534834384918213,-7.568568229675293,-0.9026082754135132,2.117509603500366,-7.743475437164307,-1.1807020902633667,2.087581157684326,-7.802195072174072,-1.3533935546875,2.4534823894500732,-7.473404407501221,-1.2842249870300293,2.270709276199341,-7.651847839355469
