/home/arvardaz/SFT_with_CNN/output1/1488972736.6113582_4210.png,-0.169164776802063,-2.0308663845062256,-11.135395050048828,-0.20877277851104736,-2.0544748306274414,-11.431002616882324,-0.23441879451274872,-2.354382276535034,-11.239665031433105,-0.14419865608215332,-1.8758286237716675,-11.277342796325684,-0.2449207454919815,-2.2559738159179688,-11.506712913513184,-0.2649399936199188,-2.282590866088867,-11.726265907287598,-0.22205612063407898,-2.0355334281921387,-11.712812423706055,-0.25133180618286133,-2.1916005611419678,-11.894177436828613,-0.26418858766555786,-2.390679121017456,-11.582964897155762,-0.18319804966449738,-2.2189924716949463,-11.016725540161133,-0.17257322371006012,-1.868943691253662,-11.587936401367188,-0.1720193326473236,-2.4081172943115234,-10.910367012023926,-0.2617679536342621,-2.3124983310699463,-11.88379192352295,-0.23785817623138428,-2.630988836288452,-11.373587608337402,-0.1315026432275772,-2.063157081604004,-10.907198905944824,-0.09765853732824326,-1.6779849529266357,-11.54586124420166,-0.1989191770553589,-1.940990924835205,-11.914676666259766,-0.20724350214004517,-2.5934998989105225,-11.121410369873047,-0.2702878713607788,-2.612337827682495,-11.764945983886719,-0.26887229084968567,-2.539414882659912,-11.665871620178223,-0.25743427872657776,-2.656097173690796,-11.560254096984863,-0.04844353348016739,-1.7698941230773926,-10.947566032409668,-0.1546984314918518,-1.7795735597610474,-11.876590728759766,-0.2685864269733429,-2.5749237537384033,-11.94532585144043,-0.054649606347084045,-1.969822645187378,-10.701692581176758,-0.0260563213378191,-1.571493148803711,-11.332205772399902,-0.11827298998832703,-2.2455012798309326,-10.736469268798828,-0.21899929642677307,-2.1960678100585938,-12.1405029296875,-0.23378296196460724,-2.3014159202575684,-12.149385452270508,-0.24783162772655487,-2.4469640254974365,-12.13989543914795,-0.140432208776474,-2.534215211868286,-10.783061027526855,-0.17432278394699097,-1.9332419633865356,-12.112190246582031,0.03554053604602814,-1.5812236070632935,-10.965655326843262,-0.09609075635671616,-1.6150689125061035,-11.83779525756836,-0.19981074333190918,-2.7661917209625244,-11.251921653747559,-0.16117803752422333,-2.7085049152374268,-10.958170890808105,-0.17915260791778564,-2.0837581157684326,-12.209935188293457,-0.25804251432418823,-2.7076501846313477,-11.918368339538574,-0.04340816289186478,-2.1914772987365723,-10.4498929977417,-0.248746857047081,-2.7957723140716553,-11.672170639038086,-0.2237606793642044,-2.903698444366455,-11.596096992492676,0.0013648159801959991,-1.4869675636291504,-11.514830589294434,-0.12581990659236908,-1.81740140914917,-12.241316795349121,-0.1028851643204689,-1.6513187885284424,-12.079654693603516,-0.05219179391860962,-2.427013397216797,-10.434176445007324,-0.25178027153015137,-2.7991464138031006,-11.84265422821045,-0.1593073010444641,-1.9929206371307373,-12.279308319091797,-0.19661282002925873,-2.3189594745635986,-12.244355201721191,0.0424024760723114,-1.7749338150024414,-10.49028491973877,0.012789087370038033,-1.9788830280303955,-10.345233917236328,-0.24577784538269043,-2.619384765625,-12.076939582824707,0.07291454821825027,-1.5050193071365356,-11.059117317199707,-0.08429644256830215,-2.7964773178100586,-10.732319831848145,-0.0071325162425637245,-1.463228464126587,-11.693035125732422,-0.042648863047361374,-1.5126264095306396,-11.942054748535156,0.004680968355387449,-2.1720829010009766,-10.211770057678223,-0.18127864599227905,-2.9136126041412354,-11.344088554382324,0.08926127851009369,-1.5798295736312866,-10.706509590148926,-0.08528325706720352,-2.6192800998687744,-10.623631477355957,-0.19244880974292755,-2.191636323928833,-12.283291816711426,-0.13098664581775665,-2.8999295234680176,-11.027009963989258,-0.21035553514957428,-2.6419386863708496,-12.282937049865723,-0.25225594639778137,-2.711759090423584,-12.090980529785156,0.004377500154078007,-2.4004485607147217,-10.157468795776367,-0.07397280633449554,-1.654030442237854,-12.319007873535156,-0.02533358708024025,-1.4525012969970703,-12.092259407043457,-0.194709911942482,-2.3632664680480957,-12.302896499633789,-0.007301042787730694,-2.62469744682312,-10.307700157165527,0.16132709383964539,-1.5026373863220215,-10.453455924987793,0.10133130848407745,-1.747188925743103,-10.204117774963379,0.07772883772850037,-2.0279767513275146,-9.967415809631348,0.05378188565373421,-2.278038740158081,-9.9560546875,-0.23776759207248688,-2.900507926940918,-11.984745025634766,-0.214701309800148,-2.9785778522491455,-11.834465026855469,-0.1273026019334793,-2.9898271560668945,-11.145980834960938,-0.04058513045310974,-1.5408740043640137,-12.411465644836426,-0.22559301555156708,-2.7163681983947754,-12.20443058013916,0.14324229955673218,-1.8446134328842163,-9.861152648925781,-0.09187237173318863,-1.8758541345596313,-12.429405212402344,-0.016786249354481697,-2.7779901027679443,-10.487198829650879,-0.12167813628911972,-2.109584093093872,-12.417351722717285,-0.12070276588201523,-2.2145750522613525,-12.451637268066406,0.059554435312747955,-1.3457019329071045,-11.833693504333496,-0.11518532037734985,-2.3650078773498535,-12.46706771850586,-0.21685175597667694,-3.0715253353118896,-12.004502296447754,-0.23428389430046082,-2.9596962928771973,-12.178679466247559,0.18404969573020935,-1.6018110513687134,-10.060995101928711,0.0896836370229721,-1.424311637878418,-11.209429740905762,0.04136045277118683,-1.3503531217575073,-12.158270835876465,0.14568832516670227,-2.281294584274292,-9.632283210754395,-0.02061372995376587,-3.0233590602874756,-10.79073429107666,-0.18034809827804565,-3.1315581798553467,-11.820722579956055,-0.17699983716011047,-3.052504062652588,-11.553306579589844,-0.2083674520254135,-2.8708012104034424,-12.27066707611084,0.16620905697345734,-1.3955192565917969,-10.857611656188965,-0.1894451528787613,-2.590421676635742,-12.351444244384766,0.06916923820972443,-2.55912184715271,-9.939446449279785,0.20257584750652313,-1.8523846864700317,-9.626931190490723,0.2669864296913147,-1.3192552328109741,-10.69994831085205,0.2505784332752228,-1.4049677848815918,-10.245769500732422,0.1648915857076645,-1.297175407409668,-11.441998481750488,0.15908154845237732,-2.102593421936035,-9.613628387451172,0.0070607615634799,-1.4196510314941406,-12.462834358215332,0.15548375248908997,-1.2385286092758179,-11.94291877746582,-0.00943422969430685,-1.672383189201355,-12.561092376708984,-0.2215411216020584,-3.072465419769287,-12.130003929138184,0.2303430140018463,-1.6363080739974976,-9.795594215393066,0.13751479983329773,-2.4463582038879395,-9.68856143951416,0.1714000105857849,-1.2567092180252075,-11.681283950805664,0.014849693514406681,-1.5546374320983887,-12.499411582946777,-0.017996784299612045,-1.9042212963104248,-12.564595222473145,-0.06819901615381241,-3.1691410541534424,-11.276785850524902,0.04722971096634865,-2.7520363330841064,-10.179842948913574,0.07607629150152206,-1.303112268447876,-12.339007377624512,-0.02436017617583275,-2.100848436355591,-12.566709518432617,0.04074263945221901,-2.9372196197509766,-10.516529083251953,-0.02408614568412304,-3.0927038192749023,-10.953733444213867,0.23181194067001343,-2.195291519165039,-9.352904319763184,0.21042785048484802,-1.303668737411499,-11.163522720336914,0.2851726710796356,-1.8697985410690308,-9.325654983520508,-0.17234905064105988,-2.8271961212158203,-12.386584281921387,-0.2031523436307907,-3.029921054840088,-12.239733695983887,-0.19084882736206055,-3.1484291553497314,-12.263230323791504,0.3130910396575928,-1.286725640296936,-10.476666450500488,-0.02618296816945076,-2.3218109607696533,-12.573531150817871,-0.10911954194307327,-2.7439327239990234,-12.457581520080566,-0.12590929865837097,-3.240060329437256,-11.728362083435059,-0.08674536645412445,-3.204909563064575,-11.46078109741211,0.3149287700653076,-1.3751014471054077,-10.036940574645996,0.3388369679450989,-1.6081535816192627,-9.448122024536133,0.264678418636322,-1.2408515214920044,-11.253046035766602,0.321058064699173,-1.2409414052963257,-11.023772239685059,-0.07309079170227051,-2.563709259033203,-12.502745628356934,-0.17228195071220398,-3.0423247814178467,-12.387961387634277,-0.16387392580509186,-3.290837049484253,-12.072361946105957,0.161457359790802,-2.6676719188690186,-9.702407836914062,0.11115831136703491,-2.7048802375793457,-9.890499114990234,0.06965223699808121,-1.4700919389724731,-12.587539672851562,0.08782166242599487,-2.905306816101074,-10.289351463317871,0.3260760009288788,-1.469222068786621,-9.74357795715332,0.3256770372390747,-1.9648712873458862,-9.142191886901855,0.06749332696199417,-1.341762900352478,-12.540753364562988,0.05081583932042122,-1.7257148027420044,-12.64753246307373,0.1361282467842102,-2.924124002456665,-10.097052574157715,-0.010737817734479904,-3.197239875793457,-11.125061988830566,0.2556265890598297,-1.2965959310531616,-10.896228790283203,0.24660314619541168,-1.1413978338241577,-12.097126960754395,-0.1781686395406723,-3.2786407470703125,-12.248821258544922,0.22244694828987122,-2.4648711681365967,-9.416680335998535,-0.0743781179189682,-2.8853135108947754,-12.53083324432373,-0.16806627810001373,-3.245591402053833,-12.373394966125488,-0.12422078102827072,-3.3182411193847656,-11.928016662597656,0.1525326818227768,-1.1898095607757568,-12.564623832702637,0.4196337163448334,-1.412431001663208,-9.534408569335938,0.38718074560165405,-1.679032564163208,-9.191326141357422,0.26466161012649536,-1.2208529710769653,-11.386878967285156,0.08319614082574844,-3.0917093753814697,-10.593114852905273,0.19613997638225555,-2.9154632091522217,-9.863297462463379,0.04215548560023308,-1.9767296314239502,-12.637887001037598,0.3788215219974518,-1.2509046792984009,-10.219672203063965,0.00911859143525362,-3.3296844959259033,-11.428853034973145,0.04009544104337692,-2.527202606201172,-12.613677024841309,-0.012267595157027245,-3.25899076461792,-11.322297096252441,0.19873587787151337,-1.1548378467559814,-12.335131645202637,0.3067328929901123,-1.1824537515640259,-11.490278244018555,0.4792167842388153,-1.209730863571167,-9.88008975982666,0.1027534082531929,-1.6341785192489624,-12.695674896240234,0.1993309110403061,-1.2961833477020264,-12.764734268188477,0.21693964302539825,-1.1249597072601318,-12.469945907592773,0.1050412580370903,-1.4550648927688599,-12.668228149414062,-0.10220329463481903,-3.0795719623565674,-12.523681640625,0.35161536931991577,-2.296699047088623,-8.99224853515625,0.24105499684810638,-2.700045585632324,-9.481986045837402,0.4295642077922821,-1.6808011531829834,-9.029804229736328,0.3958878219127655,-1.1964139938354492,-10.82536506652832,-0.001466877292841673,-2.746553421020508,-12.583104133605957,0.3461545705795288,-2.576037883758545,-9.066093444824219,-0.10424212366342545,-3.440709352493286,-12.188852310180664,-0.15620212256908417,-3.3719472885131836,-12.342597007751465,-0.026110880076885223,-3.4027817249298096,-11.700272560119629,-0.01025635376572609,-3.354133367538452,-11.567422866821289,0.48835864663124084,-1.2306832075119019,-9.755165100097656,0.4942149519920349,-1.2832320928573608,-9.585667610168457,0.18746596574783325,-1.1982486248016357,-12.725933074951172,0.11792861670255661,-2.0823445320129395,-12.673049926757812,0.07575846463441849,-2.2246599197387695,-12.655235290527344,0.2796946167945862,-1.1671156883239746,-11.668909072875977,-0.09655409306287766,-3.403759479522705,-12.063742637634277,0.1779993623495102,-1.5113115310668945,-12.763471603393555,0.1279863566160202,-1.8840605020523071,-12.71342658996582,0.5123271942138672,-1.3703898191452026,-9.23845100402832,0.4511246979236603,-1.961190938949585,-8.826438903808594,0.23040564358234406,-2.8450491428375244,-9.645256996154785,0.31740954518318176,-1.1491297483444214,-11.943042755126953,0.20574653148651123,-1.3823697566986084,-12.769025802612305,-0.10171770304441452,-3.4541666507720947,-12.533221244812012,0.28048941493034363,-2.8660190105438232,-9.51213550567627,0.44474098086357117,-1.182741641998291,-10.352317810058594,0.4948152005672455,-1.1602023839950562,-10.13558292388916,0.09309440851211548,-2.6500582695007324,-12.607869148254395,0.35277220606803894,-2.7995991706848145,-9.194029808044434,-0.06303795427083969,-3.266522169113159,-12.587804794311523,0.34136685729026794,-1.1226623058319092,-11.815018653869629,0.16186003386974335,-3.0151731967926025,-10.257198333740234,0.5553720593452454,-1.6005674600601196,-8.765851020812988,0.44366639852523804,-1.1677268743515015,-10.643903732299805,0.20777961611747742,-3.134958267211914,-10.395696640014648,0.2379753738641739,-1.0623829364776611,-12.586295127868652,0.37542396783828735,-1.168250560760498,-11.209729194641113,0.028908930718898773,-2.960865020751953,-12.643680572509766,-0.11790217459201813,-3.4327890872955322,-12.427746772766113,-0.09091624617576599,-3.5474936962127686,-12.377553939819336,-0.13474632799625397,-3.4595391750335693,-12.267086029052734,0.16377097368240356,-3.351144313812256,-11.03913402557373,0.2690960764884949,-1.0476099252700806,-12.724615097045898,0.5424123406410217,-1.4301955699920654,-8.972084999084473,0.20052532851696014,-1.7698779106140137,-12.77397346496582,-0.007695014588534832,-3.470919609069824,-11.89440631866455,0.12216371297836304,-3.2619924545288086,-10.914530754089355,0.18285106122493744,-3.2413015365600586,-10.637397766113281,0.23944099247455597,-3.0406153202056885,-9.984339714050293,0.11785547435283661,-2.3835289478302,-12.671832084655762,0.4150531589984894,-2.5404510498046875,-8.85768985748291,0.277493417263031,-1.1568535566329956,-12.847554206848145,0.32835888862609863,-1.0611084699630737,-12.23676872253418,0.6260250806808472,-1.1499172449111938,-9.409276962280273,0.3986144959926605,-1.1093180179595947,-11.59280014038086,-0.019576843827962875,-3.5161478519439697,-12.014001846313477,0.4896148145198822,-2.3637423515319824,-8.68360710144043,0.5322209000587463,-1.1181029081344604,-10.392648696899414,0.5912062525749207,-1.0988059043884277,-9.941276550292969,0.3202332556247711,-3.007211208343506,-9.625761032104492,0.14589925110340118,-3.3925364017486572,-11.22910213470459,0.28950628638267517,-1.590959906578064,-12.846549034118652,0.36070016026496887,-2.9486303329467773,-9.340910911560059,0.36723607778549194,-1.0371845960617065,-12.432289123535156,0.17825070023536682,-1.985918641090393,-12.728286743164062,-0.0027015535160899162,-3.5896904468536377,-12.189790725708008,0.10480443388223648,-3.427605628967285,-11.4857816696167,0.5330657362937927,-2.0215306282043457,-8.66950511932373,0.48193007707595825,-1.1288048028945923,-11.09586238861084,0.6480504870414734,-1.0678765773773193,-10.120583534240723,0.37429454922676086,-1.084970474243164,-12.058677673339844,0.6422473788261414,-1.2833678722381592,-8.815442085266113,0.261515736579895,-3.125441074371338,-10.16159439086914,0.5114805102348328,-1.1407804489135742,-10.861594200134277,0.6474842429161072,-1.0916509628295898,-9.64477252960205,0.328792929649353,-0.9680651426315308,-12.661319732666016,-0.06022399291396141,-3.6409308910369873,-12.517678260803223,0.3711298406124115,-3.106081485748291,-9.707789421081543,0.661931037902832,-1.1806256771087646,-9.111541748046875,0.29604077339172363,-1.2736626863479614,-12.843461036682129,0.6618998050689697,-1.7184271812438965,-8.57455825805664,0.012163902632892132,-3.4333436489105225,-12.689492225646973,0.746109127998352,-1.105000615119934,-8.9488525390625,0.45365747809410095,-1.1217927932739258,-11.325006484985352,0.4176501929759979,-2.826063394546509,-9.00119400024414,0.34359458088874817,-3.097336769104004,-9.822064399719238,0.04312869906425476,-3.1913399696350098,-12.693565368652344,0.1497400552034378,-2.5351297855377197,-12.666524887084961,0.14901775121688843,-3.504464864730835,-11.596358299255371,0.25129401683807373,-3.33410906791687,-10.749927520751953,0.12214832007884979,-2.721266984939575,-12.64429759979248,0.43306851387023926,-1.0822889804840088,-11.82020378112793,0.724748969078064,-1.3602443933486938,-8.585742950439453,0.5110209584236145,-2.629775047302246,-8.64597225189209,0.6400618553161621,-2.108484983444214,-8.52064037322998,0.12882134318351746,-3.5863595008850098,-11.84318733215332,0.487498939037323,-2.8783798217773438,-8.816559791564941,0.6333077549934387,-1.0826789140701294,-9.76802921295166,0.4990636706352234,-1.018239974975586,-12.137475967407227,-0.0010857479646801949,-3.6481034755706787,-12.423020362854004,0.5916083455085754,-1.0859166383743286,-10.711334228515625,0.4736229479312897,-1.1020643711090088,-11.976570129394531,0.07369138300418854,-3.7055323123931885,-12.321295738220215,0.1920481026172638,-3.4638147354125977,-11.3859224319458,0.6161972284317017,-1.0743141174316406,-10.493006706237793,0.4187101423740387,-3.0844900608062744,-9.408047676086426,0.11195289343595505,-3.6546716690063477,-12.097517967224121,-0.019075479358434677,-3.717327117919922,-12.549753189086914,0.18624785542488098,-3.5515196323394775,-11.738353729248047,0.2344166338443756,-2.631380558013916,-12.676432609558105,0.17147934436798096,-2.816401243209839,-12.699216842651367,0.2743634879589081,-1.7627894878387451,-12.828259468078613,0.2338351011276245,-2.350163459777832,-12.72670841217041,0.3135579824447632,-3.2694921493530273,-10.420305252075195,0.4112456142902374,-0.9291433691978455,-12.88242244720459,0.0134802907705307,-3.574810743331909,-12.712685585021973,0.4273170828819275,-1.005021333694458,-12.327147483825684,0.7663202285766602,-1.118134617805481,-8.716038703918457,0.7906485795974731,-1.1825908422470093,-8.576249122619629,0.2986564636230469,-1.1355183124542236,-12.911352157592773,0.5110926032066345,-0.9551054239273071,-12.450641632080078,0.602263867855072,-2.329331636428833,-8.515310287475586,0.6703816056251526,-1.0401445627212524,-10.21817684173584,0.7443303465843201,-1.0656886100769043,-9.233597755432129,0.5225533246994019,-1.0682936906814575,-11.570615768432617,0.3367711901664734,-3.425938129425049,-10.889625549316406,0.7678347826004028,-1.5651600360870361,-8.507344245910645,0.35888633131980896,-1.0059585571289062,-12.93812084197998,0.3959202468395233,-1.1308650970458984,-12.987141609191895,0.24342763423919678,-2.4761290550231934,-12.718160629272461,0.31568384170532227,-1.9168576002120972,-12.814188957214355,0.129275843501091,-3.0626416206359863,-12.717499732971191,0.011606469750404358,-3.6886658668518066,-12.724709510803223,0.4006061553955078,-3.2678821086883545,-10.232683181762695,0.37443050742149353,-3.192253589630127,-10.00456714630127,0.5211697816848755,-3.13269305229187,-9.09007453918457,0.37399768829345703,-1.4164222478866577,-12.897229194641113,0.46870487928390503,-0.9264488816261292,-12.646392822265625,0.5026193261146545,-3.0414345264434814,-8.97217082977295,0.42040377855300903,-0.9444484114646912,-12.689413070678711,0.12510700523853302,-3.3773651123046875,-12.771336555480957,0.4867309331893921,-1.0818246603012085,-11.781896591186523,0.6263388395309448,-1.072088360786438,-11.057878494262695,0.2830944359302521,-2.0475330352783203,-12.788954734802246,0.7640103697776794,-1.9693228006362915,-8.43328857421875,0.2826661765575409,-2.279472827911377,-12.736685752868652,0.16330857574939728,-3.185298442840576,-12.751480102539062,0.7438653111457825,-1.0015501976013184,-9.818029403686523,0.8402989506721497,-1.0053108930587769,-8.95727825164795,0.16955804824829102,-2.9588236808776855,-12.713263511657715,0.7695370316505432,-0.997126042842865,-9.97683048248291,0.7475061416625977,-1.029794454574585,-9.50371265411377,0.32702773809432983,-2.1195905208587646,-12.759206771850586,0.5782798528671265,-1.08794367313385,-11.323667526245117,0.6603302955627441,-1.0477005243301392,-11.162630081176758,0.6513067483901978,-2.5929834842681885,-8.426342010498047,0.4024337828159332,-1.2646156549453735,-12.903623580932617,0.6490156650543213,-1.08969247341156,-10.89734935760498,0.32990187406539917,-3.4621639251708984,-11.053449630737305,0.4770863354206085,-0.8711110353469849,-13.006270408630371,0.7546461224555969,-1.0127580165863037,-10.296157836914062,0.37826570868492126,-1.6229170560836792,-12.873281478881836,0.8762128949165344,-1.0134246349334717,-8.57557487487793,0.48682141304016113,-0.8409751653671265,-12.844727516174316,0.5166831016540527,-0.9710936546325684,-12.326552391052246,0.5566851496696472,-3.212930202484131,-9.269757270812988,0.5699352025985718,-1.0248184204101562,-11.774104118347168,0.25546595454216003,-3.5695996284484863,-11.639955520629883,0.36959803104400635,-3.3692831993103027,-10.53537654876709,0.5710017085075378,-2.7955055236816406,-8.568197250366211,0.11544734984636307,-3.486186981201172,-12.759634017944336,0.7257949709892273,-1.0237191915512085,-10.382311820983887,0.4887576103210449,-3.194927453994751,-9.51639175415039,0.38369715213775635,-1.75069260597229,-12.843607902526855,0.6057934165000916,-1.0621681213378906,-11.974952697753906,0.06715643405914307,-3.833547592163086,-12.561138153076172,0.7027947902679443,-1.0495290756225586,-10.543339729309082,0.2129138857126236,-3.7838706970214844,-12.474552154541016,0.6225900650024414,-3.0069587230682373,-8.553385734558105,0.5849198698997498,-3.0658681392669678,-8.760623931884766,0.8743879199028015,-1.795007348060608,-8.377551078796387,0.6885331869125366,-1.058632493019104,-10.751996994018555,0.23940694332122803,-2.711923837661743,-12.694648742675781,0.2812599241733551,-2.6524407863616943,-12.658819198608398,0.5132251977920532,-3.256643056869507,-9.69204330444336,0.8717322945594788,-1.3261667490005493,-8.440576553344727,0.7400959134101868,-2.2776176929473877,-8.400799751281738,0.9157385230064392,-1.6523568630218506,-8.396040916442871,0.2645595073699951,-3.6547389030456543,-11.870572090148926,0.3281262218952179,-3.511744499206543,-11.347881317138672,0.8662539124488831,-0.952159583568573,-9.665457725524902,0.3486992120742798,-1.8519092798233032,-12.81824779510498,0.10826332122087479,-3.725712299346924,-12.820172309875488,0.17686067521572113,-3.3175344467163086,-12.752425193786621,0.9543192982673645,-0.9341057538986206,-8.721309661865234,0.05975164473056793,-3.8886735439300537,-12.740930557250977,0.4924762547016144,-1.3562846183776855,-12.920158386230469,0.738186240196228,-2.1211421489715576,-8.454103469848633,0.4991517663002014,-0.9637133479118347,-12.892038345336914,0.21452784538269043,-3.7694509029388428,-12.294146537780762,0.6959145665168762,-2.756991386413574,-8.41004753112793,0.6621245741844177,-1.0448921918869019,-11.501256942749023,0.9110907316207886,-0.9319006204605103,-9.496513366699219,0.8730118274688721,-0.9662115573883057,-9.304064750671387,0.40821027755737305,-3.4024176597595215,-10.65049934387207,0.5634990334510803,-0.9266025424003601,-12.818975448608398,0.8216756582260132,-1.0011862516403198,-10.131941795349121,0.5421716570854187,-1.1377239227294922,-12.94499397277832,0.5391236543655396,-3.2708518505096436,-9.818180084228516,0.4433050751686096,-1.4791761636734009,-12.901512145996094,0.9611305594444275,-1.022996187210083,-8.420477867126465,0.23024095594882965,-2.952639579772949,-12.70828914642334,0.42816758155822754,-3.443331480026245,-10.780035972595215,0.3081725537776947,-2.5562477111816406,-12.69960880279541,0.12111657857894897,-3.5804362297058105,-12.78506088256836,0.25982534885406494,-2.789185047149658,-12.686434745788574,1.022099494934082,-0.8613646030426025,-8.503340721130371,0.3627292215824127,-2.242784023284912,-12.746797561645508,0.3748420178890228,-3.6140449047088623,-11.690873146057129,0.6769866347312927,-2.9416091442108154,-8.44373893737793,0.3428988456726074,-2.4175612926483154,-12.736742973327637,0.5168258547782898,-3.286525249481201,-9.935417175292969,0.4303477108478546,-2.0073206424713135,-12.79299545288086,0.9153138995170593,-0.938174307346344,-9.104711532592773,0.9625488519668579,-1.1420097351074219,-8.383232116699219,0.4472706615924835,-3.3551807403564453,-10.375500679016113,0.48384982347488403,-3.2780582904815674,-10.124948501586914,0.20756664872169495,-3.233969211578369,-12.72215747833252,0.839097261428833,-2.3969674110412598,-8.3287992477417,0.6346750259399414,-3.2007997035980225,-8.905548095703125,0.6231564283370972,-0.9565483331680298,-12.49782657623291,0.11573399603366852,-3.926513671875,-12.820452690124512,0.3095655143260956,-3.7126951217651367,-11.99131965637207,0.256368488073349,-3.7398970127105713,-12.137743949890137,0.5650165677070618,-1.031314730644226,-12.899252891540527,0.13924504816532135,-3.921060085296631,-12.641637802124023,0.732466995716095,-1.063851237297058,-11.314019203186035,0.777124285697937,-1.0513118505477905,-10.903875350952148,0.6795274019241333,-3.150448799133301,-8.618998527526855,0.8204620480537415,-1.0107706785202026,-10.472646713256836,0.631578266620636,-0.99030601978302,-12.334233283996582,0.4667019546031952,-1.7051640748977661,-12.881309509277344,1.0660289525985718,-0.8654376268386841,-8.383519172668457,0.5620984435081482,-1.226328730583191,-12.9330415725708,0.46602752804756165,-1.8602298498153687,-12.837639808654785,0.42303696274757385,-2.125485420227051,-12.770267486572266,0.6928056478500366,-1.0534693002700806,-11.925734519958496,0.778089165687561,-1.040797472000122,-10.626490592956543,0.31295982003211975,-2.864762544631958,-12.713196754455566,0.3173050284385681,-2.7432668209075928,-12.703978538513184,0.24842189252376556,-3.5295655727386475,-12.755789756774902,0.24939212203025818,-3.097358226776123,-12.74797248840332,0.9354887008666992,-2.0745253562927246,-8.344293594360352,0.9866589903831482,-0.9118468165397644,-9.348044395446777,0.4626059830188751,-3.5140910148620605,-11.22044849395752,1.0405203104019165,-1.4841644763946533,-8.319608688354492,0.7465196847915649,-2.619061231613159,-8.352575302124023,0.6879215240478516,-3.345731735229492,-9.432504653930664,0.321576327085495,-3.0366291999816895,-12.736949920654297,0.24625274538993835,-3.4445130825042725,-12.788166999816895,0.7269045114517212,-1.0453693866729736,-11.714487075805664,0.4024937152862549,-2.4921958446502686,-12.726550102233887,0.8781362175941467,-0.9856244325637817,-10.31160831451416,0.2983332574367523,-3.264298915863037,-12.758296012878418,0.3009609878063202,-3.165496587753296,-12.746211051940918,0.610580325126648,-0.969697892665863,-12.807250022888184,0.23432843387126923,-3.8648276329040527,-12.594440460205078,0.6550307869911194,-3.358797788619995,-10.071372032165527,0.43287044763565063,-2.6492111682891846,-12.693377494812012,0.5569339394569397,-3.383986711502075,-10.255658149719238,0.8963201642036438,-0.9513813257217407,-9.944023132324219,1.0373889207839966,-0.8842679262161255,-8.844066619873047,0.3815789818763733,-2.96620512008667,-12.721763610839844,0.5506643056869507,-1.5666353702545166,-12.887939453125,0.4160555899143219,-3.580448865890503,-11.532914161682129,0.8382441997528076,-1.0153944492340088,-10.629815101623535,1.0166844129562378,-0.9035430550575256,-9.568229675292969,0.48401081562042236,-2.191498279571533,-12.762431144714355,0.8471456170082092,-1.034645438194275,-10.80997371673584,0.9414446949958801,-1.9420779943466187,-8.336134910583496,0.2065865397453308,-3.8092470169067383,-12.662816047668457,0.3623198866844177,-3.621692419052124,-11.835805892944336,0.5471025109291077,-3.4989728927612305,-10.935657501220703,0.28614333271980286,-3.3767216205596924,-12.749975204467773,1.0612430572509766,-0.8635549545288086,-9.155895233154297,0.20576660335063934,-3.706343173980713,-12.742508888244629,1.079206109046936,-0.8576295971870422,-8.970974922180176,0.3960935175418854,-2.267261266708374,-12.704916000366211,0.798132061958313,-1.0535105466842651,-11.373324394226074,0.6996232867240906,-3.2391257286071777,-8.768308639526367,0.791236400604248,-2.873659372329712,-8.328572273254395,0.6396040916442871,-1.458785891532898,-12.846654891967773,0.7105677127838135,-3.2982289791107178,-8.993770599365234,0.761835515499115,-3.1383426189422607,-8.35513687133789,0.7460903525352478,-1.05169677734375,-12.159833908081055,0.4793907105922699,-2.2844035625457764,-12.75407886505127,0.9961762428283691,-0.9298221468925476,-9.835785865783691,1.0932658910751343,-1.1797815561294556,-8.271624565124512,0.2565404772758484,-3.6867504119873047,-12.752326011657715,1.1464787721633911,-0.8071943521499634,-8.527864456176758,0.7560858726501465,-3.2094130516052246,-8.467032432556152,0.7841088175773621,-3.046319007873535,-8.317122459411621,0.6203359365463257,-1.3645875453948975,-12.882392883300781,0.8246856331825256,-1.0334230661392212,-11.150178909301758,0.532965898513794,-3.4460315704345703,-10.613021850585938,0.6755735278129578,-1.0187177658081055,-12.707135200500488,0.8609902858734131,-1.0759614706039429,-11.557835578918457,0.4334181249141693,-3.544419765472412,-11.330923080444336,0.47309738397598267,-2.4397430419921875,-12.744266510009766,0.5886079668998718,-3.435342311859131,-10.393166542053223,0.6536000370979309,-1.1504300832748413,-12.861149787902832,0.8637513518333435,-1.0374287366867065,-10.967499732971191,1.0320144891738892,-1.8368934392929077,-8.31234073638916,0.9553558230400085,-0.9760434031486511,-10.122788429260254,1.1847113370895386,-1.312981367111206,-8.25365924835205,0.7174744009971619,-3.37785005569458,-9.693017959594727,0.40949782729148865,-2.7618439197540283,-12.687365531921387,0.7278304696083069,-1.0398616790771484,-12.454827308654785,1.1408237218856812,-0.8327203392982483,-8.770988464355469,0.3672020137310028,-3.7860610485076904,-12.383548736572266,1.1146519184112549,-1.0850212574005127,-8.290417671203613,0.5933793783187866,-1.7485591173171997,-12.865038871765137,0.5761956572532654,-1.955964207649231,-12.760784149169922,0.5918471217155457,-2.0434422492980957,-12.76386833190918,1.2272063493728638,-0.714180052280426,-8.312458038330078,0.5307832360267639,-3.5172553062438965,-11.079204559326172,0.9479216933250427,-2.4171106815338135,-8.279953956604004,1.0370838642120361,-2.283393621444702,-8.292183876037598,0.9446240663528442,-2.5393683910369873,-8.304162979125977,1.1102617979049683,-0.8692064881324768,-9.318981170654297,0.9356331825256348,-2.649512529373169,-8.255550384521484,0.39431020617485046,-3.742816686630249,-12.159757614135742,0.8809124231338501,-1.12895929813385,-11.851344108581543,1.0774521827697754,-0.8858197927474976,-9.456012725830078,0.3742803931236267,-3.562948226928711,-12.718854904174805,0.460570365190506,-2.9095981121063232,-12.704346656799316,0.7088094353675842,-3.3669588565826416,-9.571182250976562,0.7667703032493591,-3.3456857204437256,-9.148186683654785,0.9297176003456116,-1.0231128931045532,-10.633423805236816,1.1790289878845215,-0.9746325016021729,-8.323029518127441,0.5801108479499817,-2.6499736309051514,-12.69369125366211,0.3488730192184448,-3.7589707374572754,-12.640295028686523,0.8256351351737976,-1.118738055229187,-11.993356704711914,1.0185827016830444,-0.9886820912361145,-10.317424774169922,0.7111299633979797,-1.250826120376587,-12.8147611618042,0.7146581411361694,-1.5909863710403442,-12.793452262878418,0.5637717843055725,-2.747161626815796,-12.646622657775879,0.9842485785484314,-2.8980658054351807,-8.191164016723633,1.1308188438415527,-1.6577311754226685,-8.297000885009766,0.7747477889060974,-1.162532091140747,-12.696179389953613,0.9102373123168945,-3.288670539855957,-8.207653045654297,1.1446831226348877,-0.9188851714134216,-9.717016220092773,0.9746186137199402,-1.0511574745178223,-10.963735580444336,0.480144739151001,-3.2777247428894043,-12.681400299072266,0.7612035870552063,-3.391813278198242,-9.876431465148926,1.0157654285430908,-3.075723886489868,-8.158740043640137,1.15168297290802,-1.9882146120071411,-8.291341781616211,0.9632572531700134,-1.0811691284179688,-11.320685386657715,0.3996645212173462,-3.7947893142700195,-12.542139053344727,0.6137911677360535,-2.198406934738159,-12.74342155456543,0.6087198257446289,-2.4781317710876465,-12.694488525390625,0.9182003736495972,-1.147559642791748,-11.715859413146973,0.900338351726532,-3.381079912185669,-8.580524444580078,0.8692821264266968,-3.3089804649353027,-8.340019226074219,0.5486769676208496,-2.828014373779297,-12.673816680908203,0.4953915476799011,-3.6244378089904785,-11.845702171325684,0.8448802828788757,-3.3808248043060303,-8.834609985351562,0.9957564473152161,-1.0350987911224365,-10.752685546875,1.2038624286651611,-0.8494201898574829,-9.142903327941895,1.2818877696990967,-0.8781217932701111,-8.30109977722168,1.1698640584945679,-1.810447096824646,-8.323884963989258,0.7430973052978516,-1.9942290782928467,-12.690150260925293,1.204118013381958,-0.8210750818252563,-8.895501136779785,0.5506488680839539,-3.5716216564178467,-11.439273834228516,0.9742598533630371,-1.1341772079467773,-11.519359588623047,0.6242910623550415,-3.4874393939971924,-10.835589408874512,1.0249035358428955,-1.0236989259719849,-10.562440872192383,1.203614592552185,-0.914715588092804,-9.5908203125,0.8817628622055054,-1.1780024766921997,-12.309063911437988,0.5410314202308655,-3.592921495437622,-11.607791900634766,1.0580079555511475,-2.1084072589874268,-8.283743858337402,0.7090689539909363,-1.8306406736373901,-12.77440071105957,1.137108564376831,-2.360698938369751,-8.257100105285645,1.0930368900299072,-0.9646633267402649,-10.026190757751465,0.8292382955551147,-3.3801515102386475,-9.010221481323242,1.2593402862548828,-0.7838394045829773,-8.637007713317871,1.1798946857452393,-1.4808279275894165,-8.265711784362793,0.5923764705657959,-2.9963719844818115,-12.650603294372559,0.5492103099822998,-3.67677903175354,-12.168391227722168,0.5990216135978699,-3.626037836074829,-11.919092178344727,0.8824197053909302,-1.140637755393982,-12.09907054901123,1.0685230493545532,-2.4640328884124756,-8.287612915039062,1.288475513458252,-0.7544354200363159,-8.420747756958008,1.249704360961914,-0.6395692229270935,-8.05379581451416,1.291764259338379,-0.6260169148445129,-8.126566886901855,1.3449559211730957,-0.706272542476654,-8.249345779418945,1.055824637413025,-3.1444339752197266,-8.11737060546875,1.245219111442566,-1.0163836479187012,-8.193551063537598,0.7814075946807861,-3.446638584136963,-10.328063011169434,1.277587890625,-0.7604836225509644,-8.21962833404541,0.8866854906082153,-3.3298118114471436,-8.47663402557373,1.3426172733306885,-0.8524203896522522,-8.150834083557129,1.3220767974853516,-0.767779529094696,-8.075044631958008,0.8208687901496887,-1.335622787475586,-12.687939643859863,0.4634927213191986,-3.7086079120635986,-12.564205169677734,0.6353520154953003,-3.526376247406006,-11.2225980758667,0.8819289803504944,-1.3002393245697021,-12.564228057861328,0.900642454624176,-1.241559624671936,-12.432018280029297,0.6881582736968994,-3.45969295501709,-10.667552947998047,1.2884612083435059,-1.6803466081619263,-8.266050338745117,0.8606569170951843,-3.3976454734802246,-9.27343463897705,1.048289179801941,-2.70133376121521,-8.205336570739746,0.5290221571922302,-3.4795472621917725,-12.609561920166016,1.341935157775879,-1.1721900701522827,-8.220212936401367,0.8992158770561218,-3.423112630844116,-9.577959060668945,1.306122064590454,-0.8497449159622192,-9.089679718017578,1.3344289064407349,-0.8066765069961548,-8.813840866088867,1.2176963090896606,-0.9991545081138611,-10.03458309173584,1.0699881315231323,-2.569293975830078,-8.239693641662598,0.9921582937240601,-1.24031400680542,-12.079218864440918,0.6856768131256104,-3.5669054985046387,-11.639110565185547,0.7108156085014343,-3.498035192489624,-11.02874755859375,0.8507111072540283,-3.407806158065796,-10.071412086486816,1.1880769729614258,-2.2642273902893066,-8.264324188232422,1.0918594598770142,-2.893653154373169,-8.154253005981445,0.7741933465003967,-3.46709942817688,-10.548723220825195,0.9340094923973083,-1.6491676568984985,-12.598459243774414,0.8212427496910095,-2.1283321380615234,-12.647782325744629,0.7369370460510254,-2.4016566276550293,-12.65220832824707,0.9965267777442932,-3.3757569789886475,-8.32895565032959,1.164669156074524,-1.0455189943313599,-10.466002464294434,1.2820135354995728,-0.8921835422515869,-9.374293327331543,1.3261733055114746,-1.0158648490905762,-8.161760330200195,1.375963807106018,-0.7418091297149658,-8.173511505126953,0.5782827138900757,-3.628082752227783,-12.353127479553223,1.3982162475585938,-0.789838433265686,-8.730384826660156,1.3165355920791626,-1.520887017250061,-8.251858711242676,0.7645046710968018,-2.5845744609832764,-12.628556251525879,1.0428481101989746,-3.3891232013702393,-8.129781723022461,1.1554542779922485,-1.1160105466842651,-10.964871406555176,1.0828508138656616,-1.1447595357894897,-11.313183784484863,1.1281535625457764,-1.0682270526885986,-10.683648109436035,0.677323579788208,-3.562113046646118,-11.49670124053955,0.6218495965003967,-3.5381245613098145,-12.465591430664062,1.3886240720748901,-0.8461931347846985,-8.955029487609863,1.3939423561096191,-0.7656232118606567,-8.587250709533691,1.3229420185089111,-1.3713449239730835,-8.230859756469727,0.8644930720329285,-1.7627315521240234,-12.626534461975098,0.8049501180648804,-3.467663049697876,-10.759227752685547,1.4204773902893066,-0.8062356114387512,-8.50929069519043,1.0976715087890625,-2.738166093826294,-8.217941284179688,0.6862999200820923,-3.1125571727752686,-12.565940856933594,1.2754180431365967,-2.0707859992980957,-8.275968551635742,0.9906495809555054,-3.4414384365081787,-8.806609153747559,1.0669857263565063,-1.2724149227142334,-11.76906967163086,0.9072684645652771,-1.430342197418213,-12.57963752746582,0.745494544506073,-2.688084363937378,-12.602285385131836,0.7154285311698914,-3.529154062271118,-11.302260398864746,0.9972149133682251,-3.4235994815826416,-9.20613956451416,1.0704156160354614,-3.4664976596832275,-8.356303215026855,0.6984376311302185,-3.5585222244262695,-11.77905559539795,0.9033971428871155,-3.414616107940674,-9.729757308959961,0.8930582404136658,-1.5440133810043335,-12.607207298278809,1.275789499282837,-1.0839747190475464,-10.321995735168457,1.3265511989593506,-0.9774852395057678,-9.71048355102539,1.4339138269424438,-0.7968199849128723,-8.26176929473877,1.1836873292922974,-2.5723788738250732,-8.224836349487305,1.1644755601882935,-2.6977200508117676,-8.198456764221191,0.7435627579689026,-3.209089994430542,-12.4729585647583,0.8771783709526062,-3.4413721561431885,-10.637690544128418,0.7711477279663086,-2.7972218990325928,-12.580138206481934,0.965813159942627,-3.424579381942749,-9.863178253173828,1.465588092803955,-0.8858017921447754,-8.255754470825195,1.442068099975586,-0.8519811630249023,-8.863964080810547,1.4421552419662476,-1.0648398399353027,-8.249017715454102,1.3143737316131592,-1.80804443359375,-8.316305160522461,1.1488544940948486,-3.331691026687622,-8.115839958190918,1.4421157836914062,-0.9247613549232483,-9.18377685546875,1.3912564516067505,-0.9266104698181152,-9.31637954711914,0.704115092754364,-3.5832631587982178,-11.929594993591309,1.2086505889892578,-2.993823528289795,-8.135515213012695,0.7102795839309692,-3.561089277267456,-12.134203910827637,0.8396849632263184,-3.4636473655700684,-11.14107894897461,0.9952671527862549,-1.4181939363479614,-12.3917236328125,0.7519416213035583,-3.3714866638183594,-12.387967109680176,0.9583370685577393,-1.9454790353775024,-12.535274505615234,1.0560879707336426,-3.459723949432373,-8.519039154052734,1.0888482332229614,-3.4391233921051025,-9.055855751037598,1.2932153940200806,-2.2615268230438232,-8.277124404907227,1.2765858173370361,-2.6179065704345703,-8.218562126159668,1.5013999938964844,-0.7936648726463318,-8.32262134552002,1.2088221311569214,-2.827544689178467,-8.171005249023438,1.4195443391799927,-1.3734134435653687,-8.278368949890137,0.8777542114257812,-3.4406256675720215,-10.83680248260498,0.9897235035896301,-3.4138073921203613,-10.185812950134277,1.1459258794784546,-1.269823431968689,-11.548791885375977,1.1671394109725952,-3.264747381210327,-8.064204216003418,1.3814983367919922,-1.0566105842590332,-9.916950225830078,1.33042573928833,-1.08780837059021,-10.183976173400879,1.4646937847137451,-0.8204787373542786,-8.411381721496582,1.0646706819534302,-3.4048843383789062,-9.390053749084473,1.255535364151001,-2.7398176193237305,-8.169504165649414,1.119699478149414,-3.4720072746276855,-8.595345497131348,1.1425209045410156,-3.4262397289276123,-8.095316886901855,1.0037422180175781,-1.553821325302124,-12.469917297363281,0.9187996983528137,-2.4060142040252686,-12.52688217163086,0.830800473690033,-3.4960694313049316,-11.624788284301758,1.4680256843566895,-1.6252789497375488,-8.331029891967773,0.8332394957542419,-3.494753837585449,-11.372834205627441,1.1809841394424438,-3.4862520694732666,-8.160263061523438,1.0526626110076904,-3.404383897781372,-9.622937202453613,1.0631552934646606,-1.419369101524353,-12.206831932067871,1.3118035793304443,-1.157077670097351,-10.62045955657959,0.9229909181594849,-3.4363393783569336,-10.50146198272705,1.5481919050216675,-0.8939618468284607,-8.551948547363281,1.2720520496368408,-2.441519021987915,-8.287249565124512,1.4249714612960815,-1.7717437744140625,-8.34066390991211,1.256426215171814,-3.09521484375,-8.075407981872559,1.2593127489089966,-1.1714309453964233,-10.93104362487793,1.166031002998352,-3.4381282329559326,-8.996152877807617,1.4182417392730713,-1.9959970712661743,-8.358903884887695,1.0111967325210571,-3.409438371658325,-9.997446060180664,1.483970284461975,-1.0227185487747192,-9.49787425994873,1.1058725118637085,-1.3828154802322388,-11.951504707336426,0.965752899646759,-3.4201111793518066,-10.937424659729004,1.0630676746368408,-3.4041121006011963,-9.73482894897461,0.9920758008956909,-3.388047218322754,-11.087834358215332,1.1170291900634766,-3.4568629264831543,-8.850957870483398,1.5055454969406128,-1.3009991645812988,-8.305920600891113,1.2079918384552002,-1.2486696243286133,-11.297374725341797,0.9528478384017944,-2.849909543991089,-12.37280559539795,1.2373642921447754,-1.477286458015442,-11.747632026672363,1.1722074747085571,-3.487730026245117,-8.366130828857422,1.535377860069275,-1.1679068803787231,-8.321710586547852,1.088212013244629,-1.7853684425354004,-12.34416675567627,1.1743550300598145,-3.4093916416168213,-9.200332641601562,1.366734266281128,-2.4068729877471924,-8.356145858764648,1.0210692882537842,-3.408461809158325,-10.375251770019531,1.0973052978515625,-1.53929603099823,-12.280794143676758,1.2680163383483887,-2.9786019325256348,-8.124143600463867,1.5800436735153198,-1.1075339317321777,-8.40874195098877,0.9747740030288696,-2.6532859802246094,-12.421818733215332,1.5912491083145142,-0.9396970868110657,-8.38685417175293,1.2554326057434082,-3.3550972938537598,-8.006714820861816,1.2235194444656372,-3.504533052444458,-8.040116310119629,0.8486914038658142,-3.381401538848877,-12.17913818359375,1.118955135345459,-1.664520263671875,-12.3226900100708,0.888146698474884,-3.424436569213867,-11.81943130493164,1.5298689603805542,-1.5123733282089233,-8.346773147583008,1.2097586393356323,-3.3976831436157227,-9.28747844696045,1.3568865060806274,-2.2750611305236816,-8.311044692993164,1.5430183410644531,-0.9642416834831238,-9.005369186401367,0.9234695434570312,-3.3551106452941895,-12.01986312866211,0.9918357729911804,-3.410013198852539,-10.771656036376953,1.485759973526001,-1.1050225496292114,-9.7933349609375,1.0449885129928589,-2.023808479309082,-12.430926322937012,1.0726003646850586,-3.3812427520751953,-10.555392265319824,1.4403499364852905,-1.2197004556655884,-10.419136047363281,1.4003963470458984,-2.5491209030151367,-8.273689270019531,1.3081189393997192,-2.8811862468719482,-8.17000961303711,1.1543986797332764,-1.5073730945587158,-12.002069473266602,1.328157901763916,-1.2810109853744507,-11.055185317993164,1.2029255628585815,-3.525683879852295,-7.9743571281433105,1.3856730461120605,-2.738868236541748,-8.234679222106934,1.2152774333953857,-3.4529502391815186,-8.707174301147461,1.4505271911621094,-2.2038657665252686,-8.339509010314941,0.9062210917472839,-3.197544813156128,-12.258005142211914,1.0384594202041626,-2.3692336082458496,-12.39687728881836,0.970191478729248,-3.402749538421631,-11.382547378540039,1.6367987394332886,-1.0076749324798584,-8.755531311035156,1.3012789487838745,-1.4538743495941162,-11.501550674438477,0.9995800852775574,-3.0778894424438477,-12.19007682800293,1.1944265365600586,-3.373872756958008,-9.781517028808594,1.2194674015045166,-3.3686816692352295,-9.445335388183594,1.2439525127410889,-3.4630324840545654,-8.35862922668457,1.3191920518875122,-3.2071194648742676,-8.078890800476074,1.191846251487732,-1.5449426174163818,-12.075840950012207,1.4037189483642578,-1.2681884765625,-10.749682426452637,1.4832801818847656,-1.8402293920516968,-8.377440452575684,1.5521193742752075,-1.1225799322128296,-9.654182434082031,1.4646707773208618,-2.3642847537994385,-8.386991500854492,1.584539532661438,-1.3425029516220093,-8.389111518859863,1.4560394287109375,-1.1711369752883911,-10.109793663024902,1.1644865274429321,-1.7800716161727905,-12.191644668579102,1.2718479633331299,-3.446730852127075,-8.562015533447266,1.3043071031570435,-3.453162908554077,-8.055619239807129,0.9792470335960388,-3.328734874725342,-11.834061622619629,1.2573314905166626,-3.4156296253204346,-8.871538162231445,1.5343449115753174,-2.024893045425415,-8.434975624084473,1.1853206157684326,-3.367537260055542,-9.940614700317383,1.365584373474121,-3.0743408203125,-8.132574081420898,1.2996999025344849,-3.457702875137329,-7.969330787658691,1.6719342470169067,-1.0639010667800903,-8.535760879516602,1.182102084159851,-3.3610730171203613,-10.158815383911133,1.2210725545883179,-3.3423426151275635,-9.597147941589355,1.4285376071929932,-2.6265952587127686,-8.292858123779297,1.3042606115341187,-3.607679605484009,-7.9542012214660645,1.1645736694335938,-2.079420328140259,-12.229057312011719,1.1809595823287964,-3.347644805908203,-10.383064270019531,1.3727998733520508,-3.3238706588745117,-8.172313690185547,1.6671013832092285,-1.1430782079696655,-9.239648818969727,1.5598775148391724,-1.8950200080871582,-8.401691436767578,1.32069730758667,-3.407151937484741,-8.223112106323242,1.6566948890686035,-1.4625928401947021,-8.4553804397583,1.675933837890625,-1.0586527585983276,-8.610097885131836,1.5920029878616333,-1.739872694015503,-8.424718856811523,1.355668306350708,-3.5457851886749268,-7.930451393127441,1.481481909751892,-2.4562904834747314,-8.351372718811035,1.3977936506271362,-3.2372639179229736,-8.145479202270508,1.3583582639694214,-3.374130964279175,-8.076366424560547,1.3120182752609253,-1.5142887830734253,-11.712642669677734,1.6914511919021606,-1.1183456182479858,-8.996180534362793,1.2209995985031128,-1.7361444234848022,-11.999191284179688,1.4487792253494263,-3.015071392059326,-8.221742630004883,1.6767640113830566,-1.2904497385025024,-8.547117233276367,1.116074562072754,-2.4607632160186768,-12.260676383972168,1.2665627002716064,-1.6125954389572144,-11.912552833557129,1.0847402811050415,-3.2337632179260254,-11.703706741333008,1.1089763641357422,-3.276705265045166,-11.405719757080078,1.0892200469970703,-3.319087028503418,-11.20961856842041,1.0784279108047485,-2.8046481609344482,-12.20317268371582,1.287911295890808,-3.3777127265930176,-9.076803207397461,1.5929226875305176,-2.2697958946228027,-8.474804878234863,1.060214877128601,-3.1898045539855957,-11.924821853637695,1.382341980934143,-3.3966472148895264,-8.636302947998047,1.4134867191314697,-3.3599207401275635,-8.4386625289917,1.403252363204956,-1.4423671960830688,-11.121946334838867,1.1953250169754028,-3.2910361289978027,-10.800016403198242,1.6670960187911987,-1.2011430263519287,-9.425759315490723,1.4484035968780518,-2.8383471965789795,-8.256575584411621,1.5078520774841309,-2.552107572555542,-8.355469703674316,1.2212551832199097,-1.9129729270935059,-12.091808319091797,1.5345157384872437,-1.2797905206680298,-10.136588096618652,1.424359679222107,-3.385120391845703,-8.16845417022705,1.4307843446731567,-1.4719784259796143,-11.258363723754883,1.5492913722991943,-1.3976497650146484,-10.615797996520996,1.2499920129776,-2.1111061573028564,-12.057204246520996,1.4963594675064087,-2.74103045463562,-8.323197364807129,1.688550591468811,-1.2527668476104736,-8.65428638458252,1.3487250804901123,-1.6207071542739868,-11.736261367797852,1.1696237325668335,-3.2600157260894775,-11.090401649475098,1.6737561225891113,-1.365458607673645,-9.898055076599121,1.7385342121124268,-1.1478384733200073,-8.815910339355469,1.4448329210281372,-3.3320298194885254,-8.816933631896973,1.6949684619903564,-1.6170328855514526,-8.563024520874023,1.160494089126587,-2.850308895111084,-12.039251327514648,1.2153894901275635,-2.329773426055908,-12.102972984313965,1.3946678638458252,-3.3088080883026123,-9.25566291809082,1.3471022844314575,-3.3464107513427734,-9.149384498596191,1.5958243608474731,-2.40144419670105,-8.444005012512207,1.3416353464126587,-1.7566484212875366,-11.74213695526123,1.3536005020141602,-1.915444016456604,-11.789985656738281,1.6607900857925415,-1.9268234968185425,-8.512073516845703,1.35831880569458,-3.3103725910186768,-9.46895694732666,1.3016157150268555,-1.9752229452133179,-11.925822257995605,1.2170183658599854,-2.506176233291626,-12.070550918579102,1.4192806482315063,-1.571298599243164,-11.435286521911621,1.7481052875518799,-1.248996376991272,-8.808574676513672,1.3097610473632812,-3.3050649166107178,-10.021821975708008,1.3554974794387817,-3.2782959938049316,-9.865142822265625,1.7185977697372437,-1.335623860359192,-9.66552448272705,1.6641650199890137,-2.159949541091919,-8.577349662780762,1.6006697416305542,-1.3981449604034424,-10.146321296691895,1.73654043674469,-1.4818066358566284,-8.729192733764648,1.5035228729248047,-3.1268954277038574,-8.243420600891113,1.189888834953308,-2.9812986850738525,-11.819131851196289,1.3123252391815186,-3.209777355194092,-10.61225414276123,1.3903888463974,-3.229278326034546,-9.699498176574707,1.4542887210845947,-3.3059287071228027,-8.969197273254395,1.2098495960235596,-3.110290050506592,-11.528912544250488,1.5046943426132202,-1.4384527206420898,-11.003089904785156,1.779935359954834,-1.296846628189087,-9.183731079101562,1.5614478588104248,-3.052780866622925,-8.315423965454102,1.4834108352661133,-3.193934440612793,-8.319781303405762,1.4959511756896973,-3.3062665462493896,-8.312712669372559,1.3260265588760376,-2.354297399520874,-11.861152648925781,1.59474515914917,-2.5943872928619385,-8.42952823638916,1.4073305130004883,-1.8411638736724854,-11.612196922302246,1.261456847190857,-2.652139186859131,-11.910496711730957,1.4481604099273682,-1.6436362266540527,-11.302109718322754,1.3317134380340576,-2.1425156593322754,-11.856038093566895,1.573332667350769,-2.8650755882263184,-8.378905296325684,1.3722994327545166,-3.241917133331299,-10.234639167785645,1.2588118314743042,-3.143766164779663,-11.205902099609375,1.3034987449645996,-3.1194286346435547,-11.00636100769043,1.4921226501464844,-3.322443962097168,-8.563957214355469,1.485767126083374,-3.3596928119659424,-8.425585746765137,1.242072582244873,-3.0359692573547363,-11.57129955291748,1.6186909675598145,-1.4179298877716064,-10.582525253295898,1.8364882469177246,-1.3895227909088135,-8.936705589294434,1.5789896249771118,-1.5439152717590332,-10.86206340789795,1.8200204372406006,-1.3148043155670166,-9.050243377685547,1.737380027770996,-1.7579052448272705,-8.634737014770508,1.7717689275741577,-1.66608464717865,-8.735063552856445,1.6493735313415527,-2.816118001937866,-8.492470741271973,1.7435766458511353,-1.9769171476364136,-8.65018081665039,1.486371636390686,-1.6594350337982178,-11.109161376953125,1.4024927616119385,-3.0608348846435547,-10.77623176574707,1.3898497819900513,-2.1854264736175537,-11.702369689941406,1.3051910400390625,-2.831146717071533,-11.632278442382812,1.4752095937728882,-1.8528534173965454,-11.377876281738281,1.5244134664535522,-1.7786519527435303,-11.128312110900879,1.5270366668701172,-3.1318678855895996,-9.644792556762695,1.4355388879776,-2.0021729469299316,-11.569907188415527,1.5919462442398071,-3.1857547760009766,-8.927895545959473,1.5503857135772705,-3.137627601623535,-8.443632125854492,1.659959077835083,-1.3936265707015991,-10.18621826171875,1.7286665439605713,-2.292107343673706,-8.624549865722656,1.8198798894882202,-1.5305581092834473,-8.931571960449219,1.507461667060852,-3.195420980453491,-9.387853622436523,1.5872329473495483,-3.238452672958374,-8.708813667297363,1.3540481328964233,-2.535876989364624,-11.723552703857422,1.3390026092529297,-2.908038854598999,-11.415973663330078,1.571022629737854,-3.277750015258789,-8.487652778625488,1.4839353561401367,-3.1390058994293213,-9.792969703674316,1.3678505420684814,-2.6722865104675293,-11.593526840209961,1.761881947517395,-1.3617461919784546,-9.751373291015625,1.5026756525039673,-2.049818992614746,-11.358253479003906,1.3998613357543945,-2.3657050132751465,-11.656867027282715,1.7215999364852905,-2.6300606727600098,-8.628853797912598,1.4186819791793823,-2.8742761611938477,-11.128836631774902,1.5555944442749023,-3.1761233806610107,-9.211991310119629,1.7436461448669434,-2.4864397048950195,-8.664725303649902,1.6754926443099976,-1.4966198205947876,-10.330052375793457,1.7151540517807007,-1.4567710161209106,-10.0439453125,1.802954077720642,-1.329196572303772,-9.379077911376953,1.835673451423645,-1.6822609901428223,-8.933831214904785,1.6516157388687134,-1.549755573272705,-10.632704734802246,1.7961492538452148,-2.0015320777893066,-8.770764350891113,1.5408767461776733,-2.00934100151062,-11.193620681762695,1.4528889656066895,-3.1086695194244385,-10.456563949584961,1.4549400806427002,-2.238919258117676,-11.530740737915039,1.4405708312988281,-2.928375005722046,-10.919122695922852,1.5143659114837646,-3.1017935276031494,-10.104211807250977,1.5702886581420898,-1.891955852508545,-11.04952621459961,1.6744524240493774,-2.9657535552978516,-8.561140060424805,1.7823890447616577,-2.124863862991333,-8.815797805786133,1.4324719905853271,-2.584083318710327,-11.45294189453125,1.4250879287719727,-2.7032454013824463,-11.347268104553223,1.6082921028137207,-1.829201579093933,-10.878471374511719,1.6331875324249268,-3.047408103942871,-8.625933647155762,1.672841191291809,-1.6284154653549194,-10.458881378173828,1.6908435821533203,-1.583598256111145,-10.105733871459961,1.4531030654907227,-2.434417724609375,-11.472674369812012,1.7345643043518066,-1.7732611894607544,-10.23619556427002,1.8138511180877686,-1.4672058820724487,-9.704885482788086,1.6526035070419312,-1.7410093545913696,-10.672576904296875,1.6461937427520752,-3.143470048904419,-8.738530158996582,1.51997971534729,-2.2456836700439453,-11.321226119995117,1.855114221572876,-1.4433706998825073,-9.187699317932129,1.795325517654419,-2.3748831748962402,-8.76804256439209,1.6300491094589233,-1.9235389232635498,-10.84144115447998,1.766329050064087,-1.7030833959579468,-10.00967788696289,1.844669222831726,-1.8274108171463013,-8.977023124694824,1.4949629306793213,-2.6520836353302,-11.142128944396973,1.5230084657669067,-2.3745474815368652,-11.237512588500977,1.5678426027297974,-2.133565664291382,-11.102619171142578,1.6616573333740234,-3.084444284439087,-9.000042915344238,1.723451852798462,-2.798009157180786,-8.65022087097168,1.8207896947860718,-1.5215659141540527,-9.404802322387695,1.8104827404022217,-1.6307862997055054,-9.775811195373535,1.4971137046813965,-2.5138325691223145,-11.24913215637207,1.5309083461761475,-2.9835665225982666,-10.472037315368652,1.6100608110427856,-2.982404947280884,-9.856371879577637,1.6206541061401367,-2.1491687297821045,-10.884420394897461,1.5635662078857422,-2.612405776977539,-10.908148765563965,1.5218405723571777,-2.821415424346924,-10.786153793334961,1.8616143465042114,-1.627278208732605,-9.147201538085938,1.6040397882461548,-3.0901825428009033,-9.396936416625977,1.8259176015853882,-2.227086305618286,-8.906538963317871,1.7119110822677612,-1.8736588954925537,-10.47620677947998,1.8415342569351196,-1.9935959577560425,-8.947310447692871,1.5572963953018188,-2.4877874851226807,-11.04008674621582,1.61016845703125,-2.245344877243042,-10.945756912231445,1.7054635286331177,-2.967186689376831,-8.86519718170166,1.813772201538086,-1.5783265829086304,-9.676090240478516,1.730079174041748,-2.872464179992676,-8.734088897705078,1.787131905555725,-1.868637204170227,-10.055719375610352,1.6739001274108887,-2.0335936546325684,-10.683284759521484,1.573648452758789,-2.3419525623321533,-11.049345016479492,1.851667046546936,-1.6500003337860107,-9.434730529785156,1.6913102865219116,-2.9790198802948,-9.24309253692627,1.8192909955978394,-1.77384614944458,-9.858236312866211,1.6504632234573364,-2.9823901653289795,-9.605446815490723,1.8143445253372192,-2.3888237476348877,-8.874923706054688,1.786460041999817,-2.588162899017334,-8.81357479095459,1.5838017463684082,-2.815241813659668,-10.575684547424316,1.6742594242095947,-2.845238208770752,-9.97132396697998,1.6745266914367676,-2.244550943374634,-10.653512954711914,1.88520348072052,-1.9467157125473022,-9.168684005737305,1.6040722131729126,-2.65136981010437,-10.686219215393066,1.8875900506973267,-1.8952739238739014,-9.344825744628906,1.5929417610168457,-2.893855571746826,-10.39454460144043,1.6336933374404907,-2.872335433959961,-10.201691627502441,1.7131177186965942,-2.9024109840393066,-9.491268157958984,1.7710248231887817,-2.7834458351135254,-8.84688949584961,1.7019330263137817,-2.1259827613830566,-10.55035400390625,1.6319879293441772,-2.4235947132110596,-10.766596794128418,1.8714723587036133,-1.7817274332046509,-9.47843074798584,1.871572732925415,-2.126516342163086,-9.097284317016602,1.751423716545105,-2.881164312362671,-9.042536735534668,1.7482411861419678,-2.0121216773986816,-10.331563949584961,1.8597592115402222,-1.8570995330810547,-9.672669410705566,1.784752607345581,-2.0649502277374268,-10.137262344360352,1.669367790222168,-2.497540235519409,-10.559072494506836,1.6480656862258911,-2.6803157329559326,-10.48556137084961,1.8526160717010498,-2.4024555683135986,-9.060863494873047,1.8269884586334229,-2.5665462017059326,-8.999716758728027,1.713836908340454,-2.2438342571258545,-10.482016563415527,1.7649158239364624,-2.8094801902770996,-9.298147201538086,1.7264091968536377,-2.81302547454834,-9.746843338012695,1.6941474676132202,-2.689502000808716,-10.213730812072754,1.806309700012207,-2.72133207321167,-9.084063529968262,1.845252513885498,-1.9981389045715332,-9.821611404418945,1.8698537349700928,-2.034395456314087,-9.686163902282715,1.8845077753067017,-2.1901416778564453,-9.204526901245117,1.8855642080307007,-2.018995761871338,-9.538270950317383,1.7524261474609375,-2.29681658744812,-10.246767044067383,1.7106581926345825,-2.5115153789520264,-10.314519882202148,1.8102748394012451,-2.6268093585968018,-9.508631706237793,1.8134561777114868,-2.121913433074951,-10.001294136047363,1.7694202661514282,-2.4182088375091553,-10.090989112854004,1.757193684577942,-2.6647157669067383,-9.900404930114746,1.8394122123718262,-2.568140983581543,-9.291566848754883,1.7994328737258911,-2.5760514736175537,-9.751309394836426,1.8919827938079834,-2.1673526763916016,-9.429961204528809,1.776207447052002,-2.523094892501831,-9.967880249023438,1.8329050540924072,-2.254957437515259,-9.886839866638184,1.87665855884552,-2.3521876335144043,-9.376505851745605,1.867066502571106,-2.2851035594940186,-9.632317543029785
